person 0.992438 1761 259 1814 387
person 0.990897 760 276 813 409
person 0.967064 1120 235 1154 332
person 0.944560 1443 215 1486 312
person 0.899945 1570 211 1613 304
person 0.892190 1052 274 1098 402
person 0.889119 490 163 510 199
person 0.882132 1227 202 1257 284
person 0.868508 1269 203 1299 282
person 0.837025 633 282 681 394
person 0.829603 956 223 981 290
person 0.823974 681 161 697 191
person 0.819076 1313 210 1351 299
person 0.816965 1657 217 1702 310
person 0.811155 658 223 683 285
person 0.692482 778 237 804 290
person 0.668271 1026 238 1063 365
person 0.579288 288 125 1657 300
person 0.479859 602 164 615 188
person 0.476406 1433 189 1461 242
person 0.449167 557 161 571 187
person 0.430257 438 187 461 208
person 0.405756 537 160 551 187
person 0.260115 0 266 21 295
person 0.272568 1786 215 1817 267
person 0.254692 635 161 648 186
