person 0.978924 797 272 842 411
person 0.978783 1028 239 1072 416
person 0.965445 1214 202 1250 285
person 0.952542 956 215 986 293
person 0.949051 1596 209 1638 302
person 0.940989 1792 256 1843 380
person 0.916766 1428 224 1468 309
person 0.903481 490 163 509 196
person 0.900986 633 282 680 392
person 0.896587 1285 199 1325 291
person 0.883330 1131 232 1167 326
person 0.842327 1670 218 1711 309
person 0.817469 1116 226 1154 327
person 0.794999 678 230 702 282
person 0.739449 678 162 693 190
person 0.732800 281 130 1668 299
person 0.587409 562 161 575 187
person 0.572822 540 162 552 187
person 0.567467 440 185 461 207
person 0.499544 1783 217 1817 269
person 0.492029 1415 193 1440 250
person 0.435165 676 220 697 267
person 0.426760 1085 208 1120 315
person 0.320096 228 162 246 191
person 0.254363 1 265 19 294
person 0.276316 599 162 612 185
person 0.987121 799 275 845 412
person 0.978018 1030 239 1073 414
person 0.958945 1214 201 1249 287
person 0.945778 1791 256 1845 382
person 0.939642 957 214 986 293
person 0.929656 1597 209 1638 303
person 0.918539 1428 223 1465 310
person 0.911989 490 164 509 195
person 0.899699 1289 203 1327 303
person 0.889344 633 282 680 392
person 0.866948 1671 219 1712 308
person 0.843864 1132 230 1167 326
person 0.820991 1116 225 1153 328
person 0.748002 681 230 706 284
person 0.685536 679 162 693 190
person 0.633646 268 129 1677 303
person 0.615330 539 163 552 189
person 0.611739 562 161 575 187
person 0.572744 440 185 462 207
person 0.511105 1783 217 1818 271
person 0.401896 1413 192 1438 248
person 0.366616 679 218 699 267
person 0.357366 1085 208 1121 316
person 0.349782 803 233 829 290
person 0.342563 640 162 653 187
person 0.325727 228 162 246 191
person 0.310850 602 161 614 186
person 0.264836 1414 211 1452 312
person 0.255630 1036 239 1068 323
