person 0.995690 319 275 365 400
person 0.990532 1598 298 1662 425
person 0.989397 1603 399 1710 626
person 0.986873 1368 231 1405 325
person 0.986594 458 263 510 377
person 0.982571 746 273 794 397
person 0.971795 1105 210 1142 299
person 0.968440 1219 205 1261 286
person 0.963902 1462 340 1544 501
person 0.963078 1193 314 1307 461
person 0.920695 1282 232 1326 337
person 0.844341 563 157 582 189
person 0.838514 532 160 550 192
person 0.791666 1709 224 1751 328
person 0.777546 420 166 436 196
person 0.767970 1837 380 1914 590
person 0.747976 454 165 472 199
person 0.741648 821 157 834 182
person 0.677657 372 165 388 198
person 0.521340 1843 263 1892 344
person 0.519295 479 165 494 194
person 0.425980 0 262 24 289
person 0.377440 304 167 319 198
person 0.332005 232 159 249 191
person 0.295382 1042 144 1051 161
person 0.268650 1667 170 1692 226
person 0.992493 322 279 369 398
person 0.989544 1602 296 1661 427
person 0.982690 447 264 503 377
person 0.982326 1479 340 1561 506
person 0.982169 1601 395 1703 627
person 0.980207 1372 231 1408 325
person 0.974041 752 273 804 395
person 0.971199 1208 315 1312 456
person 0.951278 1282 231 1324 337
person 0.949621 1220 206 1259 286
person 0.939020 1106 212 1143 298
person 0.842433 1717 225 1764 329
person 0.816380 420 165 437 196
person 0.801245 533 160 551 192
person 0.773266 561 157 579 188
person 0.771216 1830 373 1912 589
person 0.728293 453 165 472 199
person 0.688005 821 157 835 182
person 0.645687 372 165 388 197
person 0.543746 301 165 317 198
person 0.464538 232 159 249 192
person 0.463065 1848 269 1891 370
person 0.415449 0 262 24 289
person 0.405258 478 167 494 195
person 0.331985 1752 175 1783 229
person 0.291851 893 145 903 166
person 0.268205 1669 172 1693 223
person 0.262637 827 150 839 174
