person 0.993900 321 280 371 398
person 0.988515 1372 232 1411 326
person 0.986843 448 262 503 379
person 0.984220 1601 295 1661 429
person 0.983747 754 274 806 395
person 0.967680 1211 315 1315 453
person 0.957909 1108 211 1144 298
person 0.954426 1490 344 1572 507
person 0.952020 1588 394 1697 627
person 0.949198 1279 231 1323 337
person 0.923541 1219 207 1256 285
person 0.849531 534 161 551 193
person 0.825657 1716 224 1765 329
person 0.822572 563 158 582 189
person 0.762477 419 166 436 196
person 0.725200 1831 366 1912 591
person 0.699763 453 167 470 199
person 0.681414 820 157 833 182
person 0.607178 373 168 388 197
person 0.450410 0 262 23 290
person 0.433305 479 169 495 196
person 0.416754 1664 170 1691 226
person 0.385868 302 165 318 199
person 0.350334 1848 268 1894 374
person 0.305052 185 130 1747 284
person 0.302449 1751 176 1782 231
person 0.290367 893 147 903 168
person 0.255699 1049 143 1059 161
person 0.991429 758 275 814 395
person 0.987397 448 262 503 379
person 0.987008 1372 233 1413 327
person 0.986506 323 281 370 397
person 0.982328 1602 296 1661 430
person 0.966620 1109 211 1144 298
person 0.960469 1492 345 1580 508
person 0.942414 1219 206 1255 285
person 0.926288 1215 307 1313 453
person 0.890503 1716 228 1765 329
person 0.884450 1583 394 1687 625
person 0.849589 533 160 551 193
person 0.849312 562 157 581 190
person 0.845218 1277 232 1323 337
person 0.781949 1825 368 1905 589
person 0.762548 421 165 437 196
person 0.704607 821 157 834 182
person 0.676305 372 165 389 198
person 0.662822 450 166 469 199
person 0.472229 479 168 495 196
person 0.428688 0 262 22 290
person 0.425565 302 164 317 199
person 0.397564 1850 268 1894 376
person 0.351957 1751 175 1783 233
person 0.338570 1665 166 1691 225
person 0.308229 894 147 904 168
person 0.302254 826 150 839 175
person 0.272335 370 127 1845 287
