person 0.990802 758 276 815 394
person 0.988763 323 280 370 398
person 0.987156 447 262 503 379
person 0.986184 1375 232 1415 327
person 0.984916 1600 297 1662 433
person 0.936801 1108 214 1142 297
person 0.934930 1494 348 1584 508
person 0.928282 1219 206 1253 286
person 0.915065 1717 229 1764 328
person 0.907981 1224 260 1305 456
person 0.862391 561 157 581 191
person 0.858494 533 160 552 193
person 0.853582 1276 231 1321 336
person 0.829538 1560 398 1676 621
person 0.764466 821 157 833 182
person 0.762237 421 165 438 196
person 0.620233 1821 360 1898 596
person 0.613894 450 166 469 199
person 0.571237 373 166 389 198
person 0.500237 479 168 496 195
person 0.472516 1851 267 1896 378
person 0.411882 1751 175 1783 233
person 0.375757 0 262 23 290
person 0.396056 302 164 317 199
person 0.374846 1666 166 1692 225
person 0.304006 1117 232 1140 284
person 0.310478 894 148 904 168
person 0.298677 381 129 1840 287
person 0.993806 759 276 817 395
person 0.993724 323 280 370 398
person 0.991648 1603 295 1662 438
person 0.991094 445 262 504 379
person 0.976472 1376 234 1416 327
person 0.948960 1218 205 1253 287
person 0.942568 1718 232 1764 328
person 0.929035 1109 215 1143 298
person 0.923928 1558 398 1659 618
person 0.884467 1507 337 1573 511
person 0.884497 1227 264 1308 456
person 0.858107 534 160 552 194
person 0.840629 561 158 580 191
person 0.791825 1273 230 1320 335
person 0.781574 1802 374 1883 588
person 0.749930 421 166 437 197
person 0.707592 821 158 833 181
person 0.612819 449 166 467 199
person 0.563294 1852 267 1900 378
person 0.483294 0 263 23 290
person 0.479861 479 168 496 196
person 0.474828 374 168 388 197
person 0.467244 303 166 317 197
person 0.417576 895 149 906 169
person 0.345450 1116 233 1139 284
person 0.369063 1750 176 1783 232
person 0.333804 231 161 249 191
person 0.323788 388 128 1839 289
person 0.295611 1667 165 1692 223
