person 0.992636 1602 299 1663 435
person 0.989908 761 275 820 394
person 0.987332 322 281 369 398
person 0.979341 458 261 510 378
person 0.964598 1378 233 1417 327
person 0.952071 1718 228 1765 330
person 0.941985 1217 207 1251 285
person 0.941291 1231 260 1313 455
person 0.932205 1110 216 1144 296
person 0.909876 1510 331 1576 516
person 0.897377 1544 397 1653 620
person 0.877423 1794 380 1879 574
person 0.870579 534 162 552 194
person 0.867314 563 159 582 191
person 0.769752 419 166 436 197
person 0.691836 820 158 833 181
person 0.654871 445 165 464 199
person 0.629008 480 167 497 197
person 0.586638 1273 232 1320 331
person 0.459018 377 168 391 198
person 0.404319 0 263 23 290
person 0.396791 1118 232 1141 284
person 0.407060 1853 270 1900 376
person 0.388721 1664 164 1691 226
person 0.364769 305 168 319 197
person 0.338340 351 131 1868 287
person 0.287683 895 149 906 168
person 0.251291 825 152 836 174
person 0.988674 765 276 824 393
person 0.988624 321 281 371 399
person 0.984183 1600 302 1664 434
person 0.983310 447 262 503 380
person 0.980097 1531 402 1648 626
person 0.971276 1719 227 1766 330
person 0.957602 1216 206 1248 286
person 0.955370 1379 233 1418 328
person 0.950199 1239 253 1315 453
person 0.949501 1793 379 1874 578
person 0.913742 1109 216 1143 296
person 0.892107 534 161 553 194
person 0.852128 562 159 583 191
person 0.728922 421 166 438 197
person 0.700994 821 158 834 181
person 0.661000 442 164 463 200
person 0.639467 480 169 498 196
person 0.563531 1518 353 1592 457
person 0.489017 376 167 391 197
person 0.455374 0 263 24 290
person 0.470090 1275 232 1318 331
person 0.436535 1749 176 1780 231
person 0.397112 1667 167 1694 223
person 0.339337 304 165 319 198
person 0.321413 397 127 1827 287
person 0.301014 230 158 248 191
person 0.271235 895 149 905 166
