person 0.990404 1530 396 1646 624
person 0.988298 447 261 504 381
person 0.988190 1603 306 1665 433
person 0.988018 321 280 371 399
person 0.985523 770 277 827 393
person 0.973361 1213 206 1250 287
person 0.942998 1243 262 1317 455
person 0.941003 1110 214 1146 297
person 0.939529 1386 231 1426 324
person 0.934727 1787 379 1873 582
person 0.933299 1723 226 1766 329
person 0.904548 534 161 552 195
person 0.871582 563 159 582 192
person 0.823279 480 167 496 196
person 0.685263 1525 352 1590 457
person 0.679328 821 158 834 180
person 0.678131 421 166 437 196
person 0.612350 446 165 464 199
person 0.483770 1 264 24 290
person 0.463678 1668 167 1694 223
person 0.452315 377 166 391 197
person 0.439562 231 160 249 192
person 0.429702 1268 236 1308 327
person 0.379336 1749 177 1781 231
person 0.341497 303 164 318 197
person 0.338084 894 148 905 167
person 0.324122 371 129 1852 284
person 0.277428 826 151 838 174
person 0.253861 1526 142 1544 178
person 0.991106 1527 395 1634 620
person 0.989425 321 278 370 399
person 0.987296 447 262 504 379
person 0.981069 778 275 828 393
person 0.978099 1602 308 1665 432
person 0.974341 1213 206 1248 286
person 0.965298 1779 380 1867 585
person 0.948947 1244 260 1317 453
person 0.935222 1387 231 1425 325
person 0.922395 1112 214 1149 296
person 0.889605 535 161 552 193
person 0.886069 563 159 583 192
person 0.882789 1725 229 1766 328
person 0.759739 477 168 494 197
person 0.720665 420 166 437 197
person 0.680787 1535 349 1598 429
person 0.675398 821 159 833 181
person 0.629660 446 166 465 199
person 0.458169 0 263 24 290
person 0.460152 377 167 391 197
person 0.400163 894 146 905 169
person 0.374924 1668 164 1694 222
person 0.366125 344 132 1875 285
person 0.289586 1747 179 1781 229
person 0.289606 307 170 321 196
person 0.274047 1274 236 1317 329
person 0.254780 1086 214 1119 299
