person 0.992805 1521 391 1630 618
person 0.989775 456 261 511 380
person 0.988144 321 276 369 400
person 0.973726 1212 206 1246 285
person 0.973122 789 270 827 388
person 0.964709 1388 231 1426 326
person 0.958289 1769 380 1866 586
person 0.948080 1602 308 1666 432
person 0.920587 1250 252 1321 452
person 0.900622 1109 214 1147 296
person 0.887840 534 161 552 194
person 0.885895 563 159 582 192
person 0.857812 1724 228 1768 329
person 0.767997 421 165 438 197
person 0.686756 1538 345 1602 432
person 0.683132 820 158 833 181
person 0.679891 479 167 494 196
person 0.629679 444 165 464 200
person 0.510323 1667 165 1695 225
person 0.477374 376 167 391 198
person 0.456182 0 262 23 290
person 0.355418 895 146 906 169
person 0.348262 307 169 321 197
person 0.335076 1269 236 1304 328
person 0.304479 368 129 1855 289
person 0.293394 1087 216 1118 300
person 0.278164 1747 178 1782 230
person 0.265655 826 151 837 174
person 0.989865 322 280 368 400
person 0.988016 457 259 510 381
person 0.983581 1518 398 1624 616
person 0.982985 1757 387 1858 587
person 0.969242 1212 207 1246 285
person 0.960836 1392 230 1427 323
person 0.957795 795 268 835 389
person 0.928481 1252 250 1323 449
person 0.916075 1607 309 1665 447
person 0.900783 1111 213 1149 297
person 0.878314 561 159 581 192
person 0.862729 535 161 552 194
person 0.765094 420 166 436 196
person 0.712000 1727 227 1766 329
person 0.693688 821 158 834 181
person 0.664126 480 166 495 195
person 0.664288 445 165 463 199
person 0.574399 1539 350 1614 454
person 0.520110 378 167 392 197
person 0.460781 0 262 23 290
person 0.364446 1086 216 1116 302
person 0.338325 370 129 1850 289
person 0.334495 1669 166 1697 225
person 0.301254 307 170 320 196
person 0.261612 826 151 838 174
person 0.257670 304 175 319 205
person 0.255124 1868 261 1913 382
