person 0.993717 320 275 369 401
person 0.989621 1510 403 1611 618
person 0.988822 1747 389 1859 588
person 0.988670 457 259 510 382
person 0.982437 796 267 837 391
person 0.976270 1392 229 1428 323
person 0.961646 1211 206 1245 285
person 0.910374 1115 213 1148 296
person 0.888157 535 161 552 193
person 0.879894 561 158 580 190
person 0.870404 1729 227 1769 329
person 0.866815 1601 314 1664 442
person 0.844027 478 166 494 198
person 0.774890 423 165 441 197
person 0.724719 444 164 464 200
person 0.679747 821 158 834 181
person 0.594652 1268 239 1303 332
person 0.580477 1257 256 1320 453
person 0.560947 1543 346 1615 459
person 0.556321 1087 215 1116 301
person 0.528983 374 165 389 196
person 0.433074 897 145 907 167
person 0.419398 0 262 24 289
person 0.346858 308 169 321 197
person 0.323338 1669 165 1696 225
person 0.302717 827 151 839 173
person 0.299441 356 127 1863 287
person 0.255905 1576 403 1623 489
person 0.265603 1045 143 1055 161
person 0.258996 1870 257 1915 383
person 0.994697 1494 406 1591 620
person 0.992281 320 277 369 400
person 0.992152 457 261 510 380
person 0.990645 1740 389 1858 591
person 0.985558 798 274 842 395
person 0.980751 1393 229 1431 324
person 0.950281 1210 207 1244 285
person 0.904250 1117 212 1149 296
person 0.844940 561 158 580 190
person 0.844063 1552 327 1640 482
person 0.841986 1257 253 1324 450
person 0.835279 535 162 552 192
person 0.803208 1086 216 1115 302
person 0.800300 479 166 494 194
person 0.796348 1732 229 1768 329
person 0.790941 1602 313 1662 444
person 0.757761 422 164 440 196
person 0.659579 822 158 834 181
person 0.632110 442 163 462 200
person 0.594793 376 165 392 197
person 0.402456 0 262 24 289
person 0.398453 897 147 907 167
person 0.389884 1870 256 1916 385
person 0.388221 1265 237 1301 334
person 0.350075 353 126 1874 290
person 0.326861 305 165 320 197
person 0.323641 1668 167 1695 225
person 0.305653 827 151 838 174
person 0.267589 1043 142 1053 161
person 0.252640 1545 334 1609 444
