person 0.995508 1486 409 1577 619
person 0.993942 457 260 510 382
person 0.992134 1735 387 1852 592
person 0.987723 321 279 367 399
person 0.985632 1395 230 1433 324
person 0.980654 800 278 848 393
person 0.903934 1118 212 1150 298
person 0.888681 1262 250 1327 453
person 0.870709 1209 207 1239 286
person 0.869390 1086 217 1115 302
person 0.848089 479 166 496 197
person 0.832996 562 159 581 189
person 0.827316 535 162 552 192
person 0.815611 1556 323 1641 484
person 0.762574 422 164 440 196
person 0.750819 1731 225 1771 331
person 0.713597 375 164 391 197
person 0.627228 820 158 833 180
person 0.623882 442 163 463 201
person 0.536991 1594 310 1662 424
person 0.410149 896 146 907 166
person 0.403545 1871 255 1915 385
person 0.381907 0 262 24 289
person 0.363470 1668 164 1695 225
person 0.352243 1259 239 1300 354
person 0.310428 358 128 1865 290
person 0.295582 305 164 320 197
person 0.289846 827 151 838 174
person 0.994722 1723 386 1844 594
person 0.994375 1483 405 1571 619
person 0.993278 457 258 512 382
person 0.989260 321 280 365 398
person 0.983929 1395 230 1434 325
person 0.974718 802 279 852 393
person 0.899746 1118 211 1149 297
person 0.846607 1731 226 1770 330
person 0.845204 534 160 552 191
person 0.835618 1086 214 1114 300
person 0.822659 1259 259 1323 450
person 0.816625 1207 206 1239 286
person 0.812901 562 158 580 189
person 0.778970 1259 238 1298 336
person 0.772278 1556 316 1646 484
person 0.752198 424 165 441 197
person 0.672656 478 166 495 195
person 0.626487 444 164 464 200
person 0.597935 820 158 832 180
person 0.573447 375 166 390 197
person 0.531530 898 146 909 167
person 0.417795 307 177 321 204
person 0.334748 1 262 23 290
person 0.333127 1667 166 1696 225
person 0.320296 362 127 1860 293
person 0.304979 1591 309 1645 416
person 0.296039 827 150 839 174
