person 0.996680 1478 404 1569 624
person 0.993736 457 258 512 381
person 0.992427 319 278 368 397
person 0.988762 1396 228 1437 324
person 0.985338 805 265 854 393
person 0.979668 1725 387 1836 596
person 0.890277 1730 224 1772 330
person 0.886737 1117 213 1149 296
person 0.870775 1085 218 1115 301
person 0.869123 1553 314 1647 494
person 0.849363 1205 213 1241 290
person 0.807494 535 160 552 191
person 0.774624 1257 256 1319 448
person 0.752222 1254 238 1296 335
person 0.740405 423 165 439 196
person 0.740045 562 158 579 187
person 0.686525 478 166 495 198
person 0.635297 820 159 832 181
person 0.614574 448 164 465 200
person 0.593882 376 164 390 195
person 0.593222 1277 313 1323 443
person 0.534413 897 145 908 167
person 0.442362 1584 310 1644 382
person 0.424136 1667 166 1696 225
person 0.346799 308 164 322 199
person 0.294662 1123 231 1145 283
person 0.314693 369 128 1853 296
person 0.285588 1 263 22 289
person 0.278708 827 150 839 174
person 0.271391 1874 251 1916 386
person 0.251820 231 160 247 189
person 0.996844 1469 402 1557 624
person 0.994301 458 258 512 380
person 0.992863 317 280 367 397
person 0.982129 1398 229 1437 324
person 0.981655 1717 386 1813 596
person 0.981371 807 265 858 393
person 0.938884 1555 312 1645 498
person 0.889666 1086 218 1114 301
person 0.873343 1730 224 1773 331
person 0.858380 1249 264 1320 444
person 0.835140 1118 213 1148 296
person 0.812775 1204 214 1241 290
person 0.777007 536 159 552 190
person 0.765718 478 166 495 195
person 0.766345 423 165 439 196
person 0.765492 561 157 577 187
person 0.748988 1254 235 1295 335
person 0.681726 447 164 465 199
person 0.587674 375 165 390 195
person 0.568889 897 145 909 167
person 0.528870 820 158 832 180
person 0.353960 1276 313 1323 444
person 0.343602 308 165 323 198
person 0.332924 1574 310 1637 380
person 0.321837 1667 167 1695 223
person 0.320067 828 150 839 174
person 0.267047 1 263 22 290
person 0.297727 368 127 1848 299
