person 0.997959 1451 397 1551 619
person 0.994437 459 258 511 381
person 0.991028 316 279 365 397
person 0.987473 1398 230 1440 324
person 0.981422 809 268 864 390
person 0.976500 1712 393 1801 591
person 0.921249 1553 312 1646 500
person 0.891552 1731 224 1775 331
person 0.890097 1249 238 1294 336
person 0.880615 1117 210 1149 295
person 0.873829 1085 216 1114 300
person 0.822752 536 159 552 191
person 0.817471 560 156 577 188
person 0.815725 1203 215 1240 290
person 0.807986 478 166 495 197
person 0.745687 424 165 440 197
person 0.729829 1252 280 1321 442
person 0.705060 445 164 463 199
person 0.629387 376 165 391 197
person 0.548258 820 158 832 181
person 0.527630 897 144 909 167
person 0.497707 1571 308 1636 380
person 0.419065 309 165 323 199
person 0.337050 1 262 23 289
person 0.354189 828 150 838 174
person 0.352087 1667 168 1695 224
person 0.305790 351 128 1870 293
person 0.255157 1122 231 1144 282
person 0.252246 1088 235 1108 285
person 0.276269 1743 177 1775 230
person 0.256932 757 148 767 168
person 0.997116 1441 390 1544 618
person 0.994348 459 259 512 380
person 0.991019 315 278 365 396
person 0.985351 1400 228 1440 324
person 0.984551 813 271 867 388
person 0.920963 1247 239 1295 333
person 0.907384 1705 392 1792 590
person 0.892112 1730 225 1777 330
person 0.887101 1085 216 1114 299
person 0.884907 1552 310 1642 497
person 0.878685 1251 301 1323 435
person 0.827538 536 158 552 191
person 0.822136 1118 210 1149 295
person 0.820023 1204 207 1237 285
person 0.819101 559 156 576 188
person 0.756124 425 164 441 198
person 0.690463 445 163 463 199
person 0.687981 479 166 495 194
person 0.642794 375 166 390 197
person 0.561074 897 144 909 167
person 0.546205 820 157 833 181
person 0.421340 827 150 838 175
person 0.367872 1567 309 1632 380
person 0.361625 1668 167 1695 224
person 0.335765 310 168 323 198
person 0.299675 1 262 22 290
person 0.327065 347 126 1871 291
person 0.321665 1742 176 1775 231
person 0.279577 1121 229 1144 282
person 0.279218 1875 249 1916 387
person 0.252320 759 149 769 167
