person 0.981359 800 273 846 410
person 0.974076 1031 241 1073 413
person 0.954300 1794 261 1849 381
person 0.953083 1214 201 1248 287
person 0.947649 956 214 986 293
person 0.947110 1597 209 1638 302
person 0.923819 1290 204 1326 302
person 0.919252 491 163 509 195
person 0.907147 1427 223 1464 310
person 0.903776 1133 231 1167 326
person 0.881394 633 282 680 392
person 0.842716 1671 220 1713 308
person 0.806314 682 228 706 284
person 0.749009 1114 224 1152 328
person 0.673109 261 129 1686 302
person 0.662508 679 164 692 188
person 0.612421 539 164 551 189
person 0.589619 440 185 462 207
person 0.580247 562 163 574 188
person 0.567719 1782 216 1817 272
person 0.491532 1413 212 1451 312
person 0.446773 803 235 829 289
person 0.410699 1411 194 1436 245
person 0.391545 680 219 699 267
person 0.359597 638 164 650 187
person 0.352686 1085 208 1121 315
person 0.331566 603 162 615 187
person 0.278190 228 162 246 191
person 0.256095 1040 240 1068 288
person 0.984241 1028 239 1073 415
person 0.980137 800 268 851 412
person 0.959358 1211 200 1247 286
person 0.931383 1288 204 1325 303
person 0.931314 957 214 988 292
person 0.917170 1427 225 1462 308
person 0.912956 1599 208 1637 304
person 0.908287 491 165 509 195
person 0.894795 1134 232 1166 325
person 0.891802 1796 259 1848 381
person 0.874728 634 282 680 392
person 0.836482 1671 219 1714 308
person 0.747516 682 228 706 283
person 0.673444 279 129 1672 298
person 0.618272 440 184 461 206
person 0.614800 539 165 551 189
person 0.584818 681 166 693 188
person 0.561622 561 163 573 188
person 0.498572 1413 215 1450 309
person 0.487300 1410 195 1436 244
person 0.472076 1085 207 1120 310
person 0.447821 1784 215 1816 273
person 0.379349 1117 226 1155 328
person 0.328582 603 162 616 186
person 0.316969 1105 207 1139 313
