person 0.995900 1426 387 1541 617
person 0.993010 460 260 513 379
person 0.987394 313 282 365 396
person 0.982466 820 271 867 386
person 0.975152 1402 228 1442 324
person 0.958967 1693 394 1784 589
person 0.945926 1246 241 1293 327
person 0.935409 1252 303 1322 428
person 0.899768 1730 224 1780 332
person 0.891965 1551 309 1637 496
person 0.888900 1083 216 1113 301
person 0.859652 535 158 551 191
person 0.848618 559 156 577 190
person 0.836716 1117 209 1149 296
person 0.831838 1204 206 1236 285
person 0.799512 423 164 439 196
person 0.730565 376 165 391 196
person 0.719785 448 164 465 198
person 0.649615 479 166 495 195
person 0.517008 825 149 837 175
person 0.383555 312 179 325 202
person 0.351825 1 262 22 289
person 0.367736 820 157 833 180
person 0.366626 897 145 909 166
person 0.356446 1668 165 1696 224
person 0.318697 185 131 1747 284
person 0.278420 759 149 769 167
person 0.258674 1741 176 1775 231
person 0.996159 1410 388 1532 616
person 0.991875 461 259 513 378
person 0.991658 821 271 868 386
person 0.985036 312 284 366 396
person 0.983931 1404 227 1445 323
person 0.965753 1267 298 1326 434
person 0.938970 1246 239 1292 331
person 0.912717 1082 215 1112 299
person 0.898731 1733 224 1780 331
person 0.877248 1198 206 1231 286
person 0.875074 535 158 552 190
person 0.870991 1688 397 1774 586
person 0.844418 558 157 577 189
person 0.837102 1546 347 1643 498
person 0.790424 1118 209 1150 294
person 0.733638 423 163 439 196
person 0.733033 446 163 464 198
person 0.693298 377 164 392 195
person 0.618474 479 167 496 196
person 0.555251 1669 163 1696 225
person 0.511035 826 149 838 175
person 0.400860 1 262 23 290
person 0.373815 311 180 324 203
person 0.367509 364 130 1855 284
person 0.348704 821 157 835 180
person 0.328539 895 146 907 166
person 0.269688 1560 308 1629 384
person 0.254164 231 159 248 187
