person 0.997693 1397 390 1521 616
person 0.993336 461 259 513 377
person 0.986216 824 270 867 384
person 0.983681 309 287 366 396
person 0.983339 1267 288 1326 441
person 0.982757 1405 228 1445 323
person 0.951847 1244 240 1289 327
person 0.950089 1674 397 1767 584
person 0.904149 1081 213 1109 299
person 0.898114 1733 229 1779 330
person 0.894552 1548 310 1629 495
person 0.883916 534 158 552 191
person 0.865708 558 156 577 190
person 0.811906 1199 207 1230 285
person 0.756758 443 162 463 199
person 0.751816 377 163 393 197
person 0.739900 422 163 438 196
person 0.728106 1118 210 1149 292
person 0.653717 480 164 497 198
person 0.552440 1670 164 1696 226
person 0.544584 825 149 837 175
person 0.392106 1 262 22 290
person 0.399715 309 166 323 197
person 0.377444 821 156 835 180
person 0.365856 1553 307 1612 385
person 0.350550 368 128 1853 294
person 0.336146 896 146 908 167
person 0.257881 1736 186 1767 236
person 0.993985 462 259 514 378
person 0.990861 1398 394 1505 616
person 0.988902 831 269 872 388
person 0.979738 1406 227 1446 322
person 0.979469 308 287 365 393
person 0.977962 1268 289 1325 435
person 0.969224 1657 393 1768 587
person 0.924767 1244 240 1287 331
person 0.923611 1080 212 1108 299
person 0.885457 1733 231 1779 330
person 0.875896 1547 304 1626 494
person 0.874237 535 157 552 190
person 0.851659 559 156 577 189
person 0.833185 481 163 499 198
person 0.811571 1199 207 1229 285
person 0.770087 444 161 463 199
person 0.711377 422 162 439 197
person 0.706701 1119 206 1148 286
person 0.650208 378 164 393 196
person 0.561720 1670 164 1696 226
person 0.506504 824 150 837 174
person 0.447154 1 262 23 290
person 0.404859 821 157 834 180
person 0.346801 373 128 1850 295
person 0.301837 311 177 325 204
person 0.282506 1550 305 1611 389
person 0.261349 894 147 905 164
