person 0.995630 833 266 874 389
person 0.994826 461 258 516 377
person 0.989318 1394 402 1493 611
person 0.985830 1636 387 1776 591
person 0.971201 1407 229 1447 322
person 0.969427 1256 290 1317 437
person 0.961960 301 284 355 393
person 0.952951 1078 211 1106 299
person 0.914770 1546 304 1628 498
person 0.852416 535 157 552 189
person 0.852260 1730 229 1778 331
person 0.848897 558 155 578 189
person 0.817013 1242 239 1287 334
person 0.793568 1198 206 1229 285
person 0.761892 445 160 465 198
person 0.762052 1119 209 1150 293
person 0.630716 422 162 438 195
person 0.618447 481 162 499 197
person 0.614750 377 163 393 194
person 0.520514 1670 165 1697 225
person 0.512837 824 149 837 175
person 0.404025 821 157 834 180
person 0.371692 1 262 22 290
person 0.379386 361 126 1874 294
person 0.334461 1548 304 1608 387
person 0.306633 313 176 327 204
person 0.286891 1736 187 1767 236
person 0.995715 835 264 876 391
person 0.993092 462 259 515 377
person 0.990308 1390 402 1486 614
person 0.984937 1625 385 1755 583
person 0.980122 1412 227 1449 323
person 0.979619 299 283 355 395
person 0.947575 1547 302 1624 499
person 0.935029 1076 212 1105 299
person 0.900609 1254 290 1314 428
person 0.893863 1733 227 1779 330
person 0.889327 558 156 576 189
person 0.865864 534 158 551 189
person 0.822677 446 160 466 198
person 0.821862 1199 205 1228 285
person 0.807829 1116 205 1147 287
person 0.745510 1241 239 1284 332
person 0.731580 379 162 395 195
person 0.729089 420 162 436 195
person 0.688883 1670 163 1697 227
person 0.552410 483 162 499 193
person 0.483897 821 158 834 181
person 0.438860 825 149 837 174
person 0.409496 1 262 23 289
person 0.380392 310 165 325 198
person 0.338511 368 124 1871 291
person 0.296404 1736 185 1767 237
person 0.270989 230 157 248 190
