person 0.995820 835 266 880 389
person 0.992629 462 259 515 378
person 0.985769 1621 386 1743 579
person 0.982749 1385 399 1467 616
person 0.974115 297 282 353 394
person 0.971253 1413 226 1450 322
person 0.943042 1254 300 1316 424
person 0.938109 1542 299 1618 500
person 0.902507 1076 214 1102 298
person 0.898770 1736 230 1782 330
person 0.848824 535 159 551 189
person 0.836952 558 156 576 188
person 0.819510 1198 205 1229 283
person 0.774558 1116 206 1148 286
person 0.760328 445 160 464 198
person 0.682164 487 164 504 196
person 0.670013 1240 244 1283 350
person 0.640191 421 162 438 193
person 0.637255 1669 165 1696 224
person 0.617264 379 162 395 193
person 0.491446 825 149 837 174
person 0.397261 822 157 834 180
person 0.358294 1 262 23 289
person 0.345834 313 176 327 203
person 0.322640 356 124 1879 292
person 0.280433 1736 187 1766 235
person 0.260429 1526 142 1544 176
person 0.250554 1047 140 1058 159
person 0.250317 1223 228 1270 342
person 0.997173 837 264 883 391
person 0.994199 464 259 515 377
person 0.972191 1370 398 1453 614
person 0.971321 295 284 349 395
person 0.966466 1415 224 1451 323
person 0.943898 1608 383 1726 578
person 0.942640 1540 304 1617 495
person 0.894533 1069 210 1099 299
person 0.891541 1196 205 1228 285
person 0.889272 1736 232 1784 330
person 0.853954 535 158 552 189
person 0.847057 558 155 576 188
person 0.841440 1114 207 1147 285
person 0.819878 1252 305 1314 421
person 0.760762 441 159 462 197
person 0.620186 378 162 395 193
person 0.619389 420 161 438 194
person 0.616997 1671 163 1697 226
person 0.536185 825 149 838 174
person 0.459674 822 158 834 180
person 0.431259 1240 238 1285 335
person 0.400602 493 166 509 194
person 0.375350 1224 234 1271 356
person 0.364203 1734 187 1765 235
person 0.340699 1 262 23 288
person 0.357158 311 167 325 197
person 0.354459 900 146 911 164
person 0.329374 369 126 1872 285
person 0.284741 1046 140 1056 159
person 0.273182 1527 143 1544 176
