person 0.996423 838 265 884 386
person 0.994718 463 258 514 377
person 0.984617 291 280 342 395
person 0.969183 1534 300 1607 495
person 0.956743 1069 211 1100 302
person 0.955283 1360 395 1438 610
person 0.938282 1197 205 1227 284
person 0.938089 1416 223 1449 324
person 0.924510 1599 391 1701 579
person 0.893915 1114 207 1147 284
person 0.865903 1737 229 1787 331
person 0.852002 535 158 552 189
person 0.836657 557 155 575 187
person 0.822083 1240 263 1319 430
person 0.803361 440 159 462 198
person 0.716851 378 161 395 194
person 0.676886 421 161 438 194
person 0.595333 1671 163 1698 226
person 0.550421 492 162 509 193
person 0.542064 1236 244 1285 354
person 0.516765 825 149 838 173
person 0.457660 821 158 834 180
person 0.440118 1044 139 1055 159
person 0.361521 899 145 909 163
person 0.329728 2 262 23 289
person 0.321444 1732 186 1764 235
person 0.289998 369 125 1865 286
person 0.284170 1526 141 1544 175
person 0.281419 310 168 324 197
person 0.280759 1872 218 1916 385
person 0.266912 1084 144 1095 163
person 0.997072 839 264 887 388
person 0.993089 464 259 513 377
person 0.988926 286 281 337 393
person 0.984840 1354 390 1429 613
person 0.975535 1068 214 1101 301
person 0.955102 1417 225 1451 324
person 0.932054 1526 301 1598 485
person 0.922250 1193 204 1226 285
person 0.886404 1113 207 1146 285
person 0.873714 1739 228 1787 332
person 0.839783 535 158 552 189
person 0.829747 556 155 575 187
person 0.829284 441 160 461 198
person 0.822074 492 163 509 194
person 0.795433 1585 395 1685 579
person 0.788047 1249 310 1314 419
person 0.706033 378 162 396 194
person 0.659472 422 162 438 194
person 0.602199 1670 163 1697 227
person 0.551804 1227 236 1272 362
person 0.463311 825 149 837 173
person 0.455361 821 159 835 179
person 0.417454 1045 139 1055 159
person 0.319098 2 262 24 289
person 0.305085 900 145 911 164
person 0.304564 370 126 1858 289
person 0.276791 1528 142 1546 176
person 0.274506 312 168 326 197
person 0.259456 1084 144 1096 165
person 0.254232 1561 142 1579 177
person 0.251686 1733 186 1764 235
