person 0.995864 841 266 891 385
person 0.994556 463 258 512 378
person 0.989850 284 280 335 394
person 0.982228 1345 388 1419 615
person 0.974547 1067 213 1101 301
person 0.961885 1417 224 1453 323
person 0.934655 1519 303 1594 477
person 0.934113 1193 204 1226 286
person 0.876384 1561 393 1674 580
person 0.856473 1111 208 1145 284
person 0.849140 1740 227 1787 332
person 0.835585 441 160 461 198
person 0.823475 555 155 575 187
person 0.815891 493 164 510 193
person 0.791042 536 157 553 189
person 0.742109 1237 267 1319 431
person 0.713889 1226 237 1272 358
person 0.661112 378 163 396 193
person 0.645872 422 162 438 194
person 0.589075 1670 163 1697 226
person 0.465934 822 159 834 179
person 0.415095 826 149 838 173
person 0.342064 362 126 1862 284
person 0.315540 312 167 326 197
person 0.290451 2 262 24 289
person 0.301286 1046 140 1056 159
person 0.280674 900 146 910 164
person 0.263732 1529 141 1546 177
person 0.997258 842 266 891 386
person 0.994454 463 259 512 378
person 0.988209 280 279 331 394
person 0.978813 1066 213 1101 301
person 0.977664 1329 376 1413 612
person 0.946620 1550 393 1678 582
person 0.945758 1417 222 1454 324
person 0.924834 1193 206 1226 284
person 0.916493 1516 304 1600 480
person 0.850527 1111 208 1145 284
person 0.833431 440 159 461 198
person 0.816028 556 155 575 187
person 0.809924 493 164 510 192
person 0.792300 537 157 553 188
person 0.791583 1742 227 1788 332
person 0.739450 1232 254 1322 433
person 0.633016 378 162 396 193
person 0.631393 1670 162 1696 226
person 0.553598 423 162 438 193
person 0.485089 825 149 837 174
person 0.479255 1226 235 1271 360
person 0.475592 821 158 834 179
person 0.372218 312 166 326 197
person 0.369451 351 127 1874 282
person 0.355025 1048 141 1058 159
person 0.315174 900 146 911 165
person 0.278392 2 262 24 289
person 0.261976 1084 142 1095 163
person 0.251777 1528 143 1546 176
