person 0.996602 844 268 896 386
person 0.993738 463 258 509 379
person 0.991412 277 278 328 394
person 0.979400 1316 377 1408 611
person 0.977825 1066 214 1099 301
person 0.956834 1540 393 1678 581
person 0.940910 1192 205 1225 285
person 0.940768 1416 223 1455 324
person 0.891803 1499 303 1583 472
person 0.844746 556 156 576 188
person 0.843450 439 159 461 199
person 0.841259 493 164 511 194
person 0.835310 1111 207 1144 284
person 0.816099 535 157 553 189
person 0.809471 1740 227 1789 334
person 0.772969 1228 236 1268 335
person 0.742850 1233 283 1323 428
person 0.734018 378 162 397 194
person 0.683349 423 162 440 194
person 0.634379 1670 162 1697 227
person 0.508933 821 159 834 180
person 0.451170 825 149 837 173
person 0.359850 371 128 1850 285
person 0.342527 901 146 912 165
person 0.333712 1048 142 1058 159
person 0.326918 311 165 326 197
person 0.264014 2 262 24 289
person 0.998019 845 265 897 387
person 0.993721 462 259 509 378
person 0.985251 274 280 324 395
person 0.982317 1301 378 1410 609
person 0.982236 1063 213 1097 303
person 0.943467 1191 205 1224 285
person 0.918288 1519 387 1664 585
person 0.905179 1740 231 1789 331
person 0.898522 1422 224 1463 323
person 0.861446 557 156 577 187
person 0.837297 494 164 511 193
person 0.829609 436 159 461 199
person 0.804074 535 157 553 188
person 0.786103 1227 236 1266 335
person 0.780033 1108 207 1142 285
person 0.718706 376 162 396 193
person 0.710977 425 162 443 194
person 0.704883 1230 314 1307 422
person 0.668381 1489 301 1569 467
person 0.606834 1669 162 1696 227
person 0.501587 821 160 833 179
person 0.464177 825 149 837 172
person 0.383167 900 146 911 165
person 0.334948 1048 141 1058 158
person 0.329453 229 157 248 190
person 0.328503 374 126 1842 284
person 0.254009 2 262 23 289
person 0.266119 311 165 325 197
person 0.260289 1528 142 1545 175
person 0.253754 1085 141 1097 162
