person 0.996886 848 266 899 387
person 0.993172 462 259 509 380
person 0.986412 273 282 321 396
person 0.983769 1295 383 1405 604
person 0.980995 1061 215 1097 304
person 0.977085 1500 387 1653 588
person 0.959215 1740 229 1790 333
person 0.935408 1190 206 1223 285
person 0.931531 1423 223 1463 324
person 0.865794 435 159 462 200
person 0.857690 556 155 577 188
person 0.818429 1108 208 1142 284
person 0.764080 496 164 513 193
person 0.730672 535 157 553 188
person 0.706149 377 162 396 193
person 0.600772 1502 315 1564 444
person 0.578909 425 162 443 194
person 0.566665 1217 238 1267 364
person 0.554903 1668 165 1696 228
person 0.534039 1219 276 1308 426
person 0.516667 821 158 833 181
person 0.503510 826 149 837 173
person 0.431393 1047 141 1058 160
person 0.416156 1483 303 1533 423
person 0.393192 1 262 24 289
person 0.316177 355 130 1855 283
person 0.304455 1084 141 1097 163
person 0.296266 900 145 912 165
person 0.997570 850 264 902 385
person 0.993589 1299 388 1400 615
person 0.993704 461 260 509 379
person 0.975777 1061 216 1097 303
person 0.970574 269 288 315 399
person 0.953683 1423 224 1464 324
person 0.950680 1497 385 1642 589
person 0.926620 1189 207 1224 285
person 0.887321 556 155 577 188
person 0.852118 438 161 461 199
person 0.834049 496 165 513 194
person 0.804357 1223 318 1299 419
person 0.799212 1739 229 1788 332
person 0.793986 1108 208 1142 284
person 0.769575 1472 302 1531 427
person 0.731852 378 162 396 193
person 0.725603 535 158 553 188
person 0.701178 1669 164 1697 230
person 0.612383 424 163 441 194
person 0.572713 1217 245 1264 359
person 0.572032 1502 318 1567 440
person 0.518506 826 148 838 173
person 0.490360 1853 264 1895 372
person 0.451593 822 159 834 180
person 0.381675 1 262 25 289
person 0.389674 1046 141 1058 159
person 0.307610 313 166 328 196
person 0.296599 1710 191 1740 240
person 0.295289 229 158 247 191
person 0.282727 194 131 1747 277
person 0.281323 903 144 916 165
person 0.276155 1085 141 1099 165
person 0.268866 1528 140 1546 176
