person 0.997887 852 265 903 386
person 0.994050 460 262 510 380
person 0.989697 1296 391 1393 613
person 0.984457 268 290 314 401
person 0.959338 1059 216 1094 303
person 0.944810 1188 206 1223 285
person 0.930500 1424 225 1463 323
person 0.881224 555 155 577 188
person 0.858766 439 160 462 199
person 0.851928 1107 207 1141 285
person 0.807959 1741 227 1788 332
person 0.788865 378 163 396 195
person 0.766511 1485 350 1594 587
person 0.714193 1852 266 1893 372
person 0.681846 496 165 512 192
person 0.675602 534 158 552 188
person 0.574338 820 158 832 181
person 0.556669 1667 164 1696 230
person 0.555377 423 163 440 195
person 0.505641 1223 318 1294 418
person 0.435172 826 150 837 173
person 0.408235 1 262 25 289
person 0.370890 1470 300 1526 430
person 0.361236 312 165 328 198
person 0.354823 1085 139 1099 164
person 0.313792 1050 141 1062 159
person 0.312039 1465 302 1553 490
person 0.300835 1710 190 1740 238
person 0.286576 903 146 914 167
person 0.284156 349 128 1860 284
person 0.274671 1527 140 1545 178
person 0.263017 1207 223 1284 421
person 0.997270 853 264 903 383
person 0.992722 459 261 509 381
person 0.982626 264 295 315 402
person 0.967243 1292 381 1383 603
person 0.948847 1424 225 1464 323
person 0.942643 1058 217 1093 303
person 0.936117 1475 310 1569 578
person 0.892627 555 155 577 189
person 0.875102 440 161 463 199
person 0.856680 1753 228 1800 334
person 0.827040 1187 206 1220 285
person 0.819428 1106 207 1140 284
person 0.808982 379 163 396 196
person 0.762624 532 159 551 189
person 0.642057 1668 164 1697 230
person 0.589682 1214 243 1254 328
person 0.575103 820 158 832 181
person 0.553221 1213 311 1286 417
person 0.539038 422 163 438 195
person 0.532176 498 165 513 191
person 0.455245 1711 188 1742 237
person 0.437082 825 149 837 173
person 0.387467 1851 264 1889 374
person 0.341089 1 262 23 289
person 0.348149 1086 138 1100 164
person 0.328814 312 165 327 197
person 0.313909 1464 302 1516 426
person 0.312435 1047 141 1058 159
person 0.308902 342 130 1872 284
person 0.275658 1203 225 1277 419
person 0.263467 903 146 914 166
person 0.260081 1527 141 1545 177
