person 0.997099 855 263 903 383
person 0.985190 460 265 507 380
person 0.985136 259 297 314 402
person 0.960698 1276 381 1363 603
person 0.939439 1425 225 1464 325
person 0.905635 555 154 576 188
person 0.905293 1058 218 1094 302
person 0.872947 1753 228 1800 335
person 0.866764 438 160 462 199
person 0.822237 379 164 396 197
person 0.817725 1463 314 1562 564
person 0.756329 532 159 551 189
person 0.755703 1185 205 1219 285
person 0.692325 1198 251 1278 429
person 0.635778 1106 207 1140 283
person 0.614241 499 165 515 193
person 0.614319 1668 164 1696 230
person 0.604604 314 165 330 198
person 0.575556 820 159 833 181
person 0.538248 421 164 437 195
person 0.511320 1850 266 1888 373
person 0.490551 1046 139 1059 162
person 0.417538 828 150 839 173
person 0.368363 1710 188 1740 240
person 0.326886 1 262 23 290
person 0.322291 1088 138 1101 164
person 0.282271 610 157 624 180
person 0.997262 856 262 903 384
person 0.985578 460 265 507 380
person 0.975559 257 298 310 402
person 0.954541 1267 381 1353 603
person 0.927182 1426 227 1466 322
person 0.900943 555 155 576 189
person 0.894071 440 160 462 199
person 0.885579 1057 219 1094 303
person 0.835820 1432 419 1545 592
person 0.794655 1755 230 1801 333
person 0.785477 381 163 397 194
person 0.772683 1465 314 1568 491
person 0.714657 1181 212 1218 293
person 0.695725 1196 257 1271 427
person 0.692193 533 160 550 189
person 0.654295 499 166 514 193
person 0.623897 420 163 435 194
person 0.613494 1106 211 1140 293
person 0.583526 821 159 834 181
person 0.530879 1667 163 1696 230
person 0.528153 314 165 330 198
person 0.491107 828 150 839 173
person 0.448593 1045 140 1057 162
person 0.388843 1709 189 1740 240
person 0.354529 1849 265 1885 370
person 0.310004 1 262 24 289
person 0.285111 610 156 624 181
person 0.271572 229 158 248 190
person 0.258850 1087 142 1100 165
