person 0.988160 1028 238 1072 418
person 0.987060 800 276 853 407
person 0.962804 1211 199 1247 288
person 0.934224 1287 204 1325 303
person 0.933588 1796 260 1852 380
person 0.927365 958 215 988 293
person 0.916391 1134 232 1165 323
person 0.906619 491 164 510 196
person 0.901133 1426 225 1462 308
person 0.880759 1610 210 1649 301
person 0.861527 634 282 680 392
person 0.764677 1671 220 1714 307
person 0.682390 680 219 711 296
person 0.668571 677 163 690 187
person 0.640722 439 184 461 206
person 0.614340 286 128 1664 300
person 0.595246 561 162 574 187
person 0.594806 537 164 550 189
person 0.579815 1412 215 1451 311
person 0.571338 805 233 830 288
person 0.570657 1085 208 1120 308
person 0.480247 1783 216 1817 273
person 0.425016 605 161 618 186
person 0.413468 637 164 650 187
person 0.404095 1410 193 1436 242
person 0.298606 1117 226 1155 327
person 0.286922 1104 208 1138 312
person 0.281876 682 220 702 265
person 0.253532 228 162 245 192
person 0.989887 1028 234 1072 420
person 0.985479 802 274 855 408
person 0.971259 1209 200 1247 286
person 0.960676 1798 257 1852 380
person 0.955355 1134 231 1166 324
person 0.946839 957 215 988 293
person 0.917614 1285 201 1325 306
person 0.903423 1610 210 1648 301
person 0.890695 491 164 510 195
person 0.883989 1426 222 1462 310
person 0.850038 634 283 680 392
person 0.748393 1671 221 1714 308
person 0.733308 684 227 708 286
person 0.719014 677 164 691 188
person 0.670698 440 184 462 206
person 0.623070 1085 207 1121 306
person 0.611914 267 131 1680 297
person 0.607145 561 162 574 187
person 0.587018 1783 215 1816 273
person 0.562683 538 164 550 189
person 0.498902 806 235 830 288
person 0.480606 605 162 618 187
person 0.323807 1410 193 1435 242
person 0.269454 637 163 649 185
person 0.257133 820 167 829 183
