person 0.995820 858 263 901 381
person 0.976618 459 266 507 378
person 0.966473 250 303 307 407
person 0.900339 439 161 462 200
person 0.900487 555 155 576 189
person 0.900071 1259 380 1348 600
person 0.884180 1429 228 1467 321
person 0.875035 1187 214 1261 427
person 0.830813 1755 232 1800 332
person 0.821399 1465 312 1567 490
person 0.746543 1845 268 1883 366
person 0.709490 381 163 398 194
person 0.690493 1057 219 1095 301
person 0.682043 531 160 549 190
person 0.612261 422 163 437 193
person 0.582062 500 166 515 191
person 0.580901 822 159 834 181
person 0.565409 1395 403 1537 580
person 0.552017 1103 210 1138 294
person 0.532112 1109 215 1134 268
person 0.518044 1181 210 1218 296
person 0.515551 313 164 330 199
person 0.503903 828 150 839 172
person 0.499809 1667 163 1695 230
person 0.460849 1047 140 1058 160
person 0.392983 1708 191 1740 241
person 0.314764 1 262 25 289
person 0.334723 230 157 248 191
person 0.302750 1088 139 1101 165
person 0.293680 1444 303 1493 427
person 0.995522 859 263 902 380
person 0.975998 246 300 305 409
person 0.976020 451 268 499 378
person 0.967253 1242 378 1346 604
person 0.915259 554 155 576 190
person 0.912777 1375 405 1534 582
person 0.906217 1756 233 1799 334
person 0.901361 439 161 462 200
person 0.896643 1461 318 1565 488
person 0.776406 1188 212 1256 427
person 0.736266 529 159 549 191
person 0.717436 381 163 397 194
person 0.710322 1844 269 1881 365
person 0.674098 1052 216 1084 303
person 0.648857 500 166 516 193
person 0.595113 422 163 437 193
person 0.587122 313 163 330 200
person 0.582372 1429 226 1468 304
person 0.575394 821 159 833 181
person 0.549218 1103 210 1138 294
person 0.545118 1047 140 1058 161
person 0.502402 1109 216 1134 267
person 0.485986 827 150 838 172
person 0.464322 1667 163 1695 230
person 0.456013 1708 190 1739 236
person 0.436970 1181 211 1216 298
person 0.378050 1088 138 1101 165
person 0.322653 1 263 24 290
person 0.265124 903 146 913 164
