person 0.993358 861 264 901 378
person 0.986428 448 270 499 381
person 0.981562 1231 381 1341 605
person 0.978897 247 303 304 408
person 0.951574 1347 413 1522 590
person 0.940056 1454 308 1565 496
person 0.920287 1756 233 1798 331
person 0.906310 438 160 463 201
person 0.878936 1186 213 1253 429
person 0.859206 555 156 575 190
person 0.832110 1051 218 1084 302
person 0.790982 1433 227 1469 328
person 0.774937 378 163 396 196
person 0.716600 1842 268 1879 371
person 0.703598 530 160 548 191
person 0.650983 1108 216 1135 268
person 0.651849 822 159 835 181
person 0.588790 423 163 439 194
person 0.543658 1046 142 1058 163
person 0.519655 1101 211 1138 294
person 0.512684 312 163 330 199
person 0.487546 1667 163 1694 231
person 0.478818 1707 191 1740 237
person 0.474441 827 149 839 174
person 0.416585 500 165 515 192
person 0.406909 1090 140 1103 165
person 0.383299 1 263 25 289
person 0.292819 230 158 248 190
person 0.267734 903 146 912 163
person 0.993801 861 264 901 378
person 0.991831 1335 415 1505 593
person 0.986818 445 273 501 381
person 0.981213 245 304 301 407
person 0.975773 1215 383 1331 603
person 0.962889 1050 218 1081 305
person 0.941242 1439 309 1568 491
person 0.936477 1432 227 1468 326
person 0.915361 1757 235 1798 329
person 0.898820 439 160 461 201
person 0.873202 556 157 576 190
person 0.802033 377 164 395 196
person 0.735335 1181 247 1250 444
person 0.729459 531 160 548 192
person 0.716974 1109 216 1135 267
person 0.721442 1841 268 1878 372
person 0.673702 822 159 835 181
person 0.602430 423 163 439 194
person 0.573756 1705 193 1739 240
person 0.540670 1667 164 1694 230
person 0.537438 1101 210 1137 296
person 0.524810 313 164 330 199
person 0.427204 827 150 839 174
person 0.409277 1047 142 1059 162
person 0.396213 501 165 515 194
person 0.335193 1 262 25 289
person 0.331182 1184 210 1213 269
person 0.313108 1088 140 1101 166
person 0.292787 230 158 249 192
person 0.279764 1560 141 1580 179
person 0.270708 1526 141 1544 177
