person 0.990938 442 272 501 381
person 0.990892 861 263 902 378
person 0.988572 244 303 302 408
person 0.972640 1312 412 1468 594
person 0.963670 1203 388 1326 598
person 0.946126 1050 217 1080 305
person 0.944717 1437 310 1561 488
person 0.927002 1757 234 1799 330
person 0.920242 1431 226 1471 326
person 0.911440 439 161 462 201
person 0.889209 556 157 576 190
person 0.877857 1839 268 1877 376
person 0.807526 379 165 396 196
person 0.701108 1109 217 1135 266
person 0.706877 531 161 548 191
person 0.651708 1176 272 1239 417
person 0.638468 823 158 836 181
person 0.604498 422 164 437 194
person 0.571047 315 164 332 200
person 0.544438 1706 193 1737 242
person 0.519386 1421 306 1477 421
person 0.514364 1668 164 1694 231
person 0.498300 1101 210 1137 296
person 0.465656 827 150 839 174
person 0.430189 231 158 249 193
person 0.406709 501 166 515 193
person 0.366624 1 262 25 289
person 0.323773 1526 141 1545 178
person 0.303469 1047 143 1057 161
person 0.271806 1559 140 1581 180
person 0.270903 1087 141 1100 165
person 0.259273 759 149 771 168
person 0.251957 262 161 277 190
person 0.990477 861 264 901 379
person 0.989594 441 274 501 379
person 0.985961 245 304 302 408
person 0.971145 1202 406 1326 602
person 0.969735 1328 417 1439 590
person 0.958104 1046 218 1078 305
person 0.943168 1757 234 1799 331
person 0.930968 1442 317 1548 485
person 0.916985 1837 268 1877 378
person 0.908168 439 161 462 202
person 0.902857 1403 301 1465 433
person 0.902315 1431 225 1471 327
person 0.873408 556 157 577 190
person 0.804778 379 165 397 197
person 0.682462 1101 211 1136 296
person 0.669147 1166 309 1230 422
person 0.650070 822 157 835 181
person 0.643066 531 162 548 190
person 0.581509 1108 217 1134 267
person 0.546260 423 163 439 195
person 0.546853 1706 192 1737 239
person 0.481741 1412 293 1493 481
person 0.438990 1183 220 1228 343
person 0.405822 315 168 331 199
person 0.381017 1 262 24 289
person 0.394344 231 158 249 193
person 0.380261 827 150 839 175
person 0.370379 1667 165 1693 231
person 0.333266 1182 212 1211 266
person 0.272432 1044 144 1055 163
person 0.260841 1089 141 1101 165
