person 0.991509 861 265 900 379
person 0.986622 438 276 496 379
person 0.975402 1184 403 1313 603
person 0.967972 245 305 300 408
person 0.959627 1044 217 1077 304
person 0.948379 1320 418 1428 588
person 0.948226 1401 292 1459 436
person 0.917471 439 161 462 202
person 0.915870 1759 235 1797 330
person 0.915156 1837 269 1876 378
person 0.902187 1438 309 1537 483
person 0.876577 1431 225 1472 331
person 0.868828 556 157 577 190
person 0.807812 378 165 396 198
person 0.787459 1101 211 1136 295
person 0.688144 530 161 547 191
person 0.645637 823 158 836 181
person 0.630989 1705 192 1737 239
person 0.628139 1161 310 1224 419
person 0.615960 1182 215 1223 346
person 0.515644 423 164 439 196
person 0.434027 315 166 332 200
person 0.433400 1668 164 1693 231
person 0.431583 230 158 249 194
person 0.411584 827 150 839 175
person 0.376685 0 262 24 289
person 0.335594 1087 142 1099 164
person 0.331816 1044 143 1056 162
person 0.290646 1561 139 1581 179
person 0.285495 1181 210 1209 268
person 0.283909 262 161 278 191
person 0.283047 1527 141 1545 177
person 0.270609 501 167 515 193
person 0.991174 862 264 901 379
person 0.985111 437 277 494 379
person 0.972700 245 304 303 409
person 0.968254 1043 219 1076 306
person 0.962463 1396 296 1449 434
person 0.953001 1186 406 1309 601
person 0.940608 1311 408 1410 580
person 0.909739 1759 236 1798 331
person 0.909609 1835 269 1876 379
person 0.896319 1433 226 1473 329
person 0.891133 439 162 463 202
person 0.857633 556 158 577 191
person 0.853190 1413 293 1515 485
person 0.787230 1103 212 1136 292
person 0.778019 1180 218 1222 348
person 0.761730 381 166 397 198
person 0.744736 1161 320 1224 416
person 0.649475 823 157 835 181
person 0.630802 528 161 547 191
person 0.590822 1704 192 1737 237
person 0.461589 317 175 334 205
person 0.413412 1044 141 1057 162
person 0.403227 1085 140 1100 165
person 0.379143 0 262 23 289
person 0.391787 1667 165 1693 231
person 0.384980 422 165 438 195
person 0.363032 1181 211 1208 266
person 0.360288 827 151 838 175
person 0.314660 1110 230 1134 279
person 0.334399 501 165 516 193
person 0.310687 231 159 250 193
