person 0.991695 860 264 902 380
person 0.990339 433 278 490 378
person 0.985786 1179 409 1307 601
person 0.984763 245 304 304 409
person 0.978066 1044 219 1076 307
person 0.966150 1387 298 1443 433
person 0.963779 1296 418 1396 585
person 0.926385 1759 236 1798 330
person 0.922280 1832 272 1875 376
person 0.915810 439 162 462 202
person 0.912696 1140 312 1202 425
person 0.883583 1435 226 1474 330
person 0.857933 556 158 577 190
person 0.812747 1182 249 1221 352
person 0.805965 1417 300 1507 483
person 0.801399 1102 212 1136 292
person 0.730513 381 166 397 197
person 0.683444 821 157 834 182
person 0.658058 528 162 547 192
person 0.535258 1705 193 1737 237
person 0.522561 1045 140 1058 162
person 0.464897 1086 139 1101 165
person 0.425085 423 164 439 195
person 0.424121 1667 162 1694 231
person 0.324867 1109 229 1133 278
person 0.359179 0 262 23 289
person 0.352347 501 165 516 193
person 0.353197 315 165 331 199
person 0.343017 1179 208 1209 315
person 0.331164 1180 213 1207 267
person 0.306045 230 159 248 191
person 0.294895 826 151 838 174
person 0.263453 264 162 278 189
person 0.250826 1560 142 1579 179
person 0.993274 430 276 484 380
person 0.991944 860 264 902 379
person 0.991831 246 305 305 410
person 0.982745 1177 410 1295 597
person 0.961535 1042 220 1074 307
person 0.936139 1759 236 1798 330
person 0.933944 1296 412 1382 575
person 0.923186 1435 227 1472 325
person 0.921059 1178 242 1216 362
person 0.901974 439 161 462 202
person 0.902032 1133 309 1200 430
person 0.887559 1384 303 1436 429
person 0.887106 1829 271 1875 374
person 0.847680 556 158 576 190
person 0.839027 1411 307 1498 478
person 0.738452 379 164 397 197
person 0.700904 527 161 546 192
person 0.638455 822 158 835 181
person 0.610215 1109 215 1134 271
person 0.601943 1705 194 1736 238
person 0.532492 1045 139 1059 162
person 0.465166 1236 404 1328 583
person 0.451297 1088 140 1102 165
person 0.436549 424 163 441 195
person 0.429263 1667 163 1694 231
person 0.403030 501 164 517 194
person 0.400719 1178 210 1203 269
person 0.394064 230 160 249 193
person 0.364059 0 262 23 289
person 0.366341 314 165 331 199
person 0.355891 826 150 838 174
person 0.316127 1558 141 1579 180
person 0.261118 262 162 277 190
person 0.258331 1527 143 1545 178
