person 0.995128 429 275 482 380
person 0.992631 861 265 901 379
person 0.991678 246 305 304 412
person 0.976262 1180 405 1289 599
person 0.967142 1368 303 1426 431
person 0.962910 1174 245 1216 363
person 0.962787 1041 220 1073 307
person 0.946096 1436 227 1474 323
person 0.937864 1413 310 1496 483
person 0.913276 1759 238 1798 330
person 0.908582 440 162 462 202
person 0.898415 1120 308 1197 431
person 0.888117 1245 415 1361 587
person 0.828387 557 158 577 190
person 0.747220 1829 272 1872 373
person 0.726363 1103 211 1135 293
person 0.701588 530 164 547 192
person 0.663926 820 158 832 182
person 0.630746 383 164 399 197
person 0.596699 1046 139 1059 162
person 0.559808 1703 192 1734 236
person 0.508606 1087 139 1102 166
person 0.476789 1667 164 1693 231
person 0.382254 0 263 23 290
person 0.392058 423 164 440 195
person 0.338552 315 165 332 200
person 0.312648 1558 141 1578 180
person 0.298077 826 151 837 173
person 0.287863 1526 142 1545 178
person 0.279598 1175 212 1203 267
person 0.260796 1045 232 1067 288
person 0.995387 426 273 481 381
person 0.994198 860 264 901 381
person 0.992673 246 306 305 411
person 0.990110 1367 302 1418 432
person 0.977160 1170 243 1216 366
person 0.965439 1180 405 1294 600
person 0.960628 1041 218 1071 305
person 0.957209 1438 226 1476 324
person 0.951134 1224 411 1353 595
person 0.918912 1759 237 1798 331
person 0.903709 439 162 461 202
person 0.857230 1107 305 1209 457
person 0.843136 556 158 576 190
person 0.836456 1819 275 1863 377
person 0.834620 1416 309 1489 482
person 0.809435 1101 212 1135 293
person 0.707376 529 163 546 192
person 0.664472 822 158 834 181
person 0.643230 383 164 400 197
person 0.630316 1046 139 1060 163
person 0.503141 1705 196 1733 238
person 0.487855 1089 139 1102 165
person 0.415762 423 163 439 196
person 0.414743 1668 164 1693 232
person 0.372247 0 263 23 290
person 0.364944 824 150 836 175
person 0.350556 314 163 331 200
person 0.340606 1527 142 1545 178
person 0.335637 229 158 248 191
person 0.297543 1559 141 1577 179
person 0.266036 1045 233 1065 287
