person 0.995857 424 269 478 383
person 0.994140 860 263 903 381
person 0.991971 250 306 308 413
person 0.984147 1363 298 1410 436
person 0.983051 1166 243 1216 368
person 0.968421 1183 405 1298 602
person 0.963835 1039 217 1068 306
person 0.960666 1438 227 1475 324
person 0.944816 1760 236 1799 332
person 0.897141 440 163 462 202
person 0.869038 1819 275 1862 379
person 0.863424 1100 309 1204 453
person 0.850871 1412 311 1484 480
person 0.804090 1101 212 1136 293
person 0.797922 555 158 575 190
person 0.786688 1241 398 1345 588
person 0.726576 529 163 546 191
person 0.671071 821 158 833 181
person 0.661451 382 164 399 197
person 0.520698 1047 140 1060 162
person 0.457956 1668 166 1694 232
person 0.431621 315 164 331 200
person 0.415551 422 165 437 196
person 0.387283 0 263 23 290
person 0.406149 1704 194 1733 236
person 0.372579 1088 139 1102 165
person 0.319879 230 159 248 190
person 0.306321 825 150 837 174
person 0.268019 1560 140 1578 180
person 0.994633 859 262 903 381
person 0.993632 253 306 313 414
person 0.992601 420 270 477 385
person 0.981236 1162 241 1216 368
person 0.973406 1182 406 1297 602
person 0.973223 1360 295 1406 440
person 0.971466 1037 218 1067 306
person 0.971481 1441 226 1479 325
person 0.931965 1402 311 1478 479
person 0.920715 441 163 464 202
person 0.912922 1759 238 1798 329
person 0.911979 1227 410 1334 595
person 0.826647 1817 272 1857 378
person 0.812039 1090 309 1186 463
person 0.793393 1100 213 1137 290
person 0.776501 556 159 575 189
person 0.769077 529 163 547 192
person 0.716016 383 164 399 198
person 0.641841 821 158 834 181
person 0.541131 314 160 333 201
person 0.500535 420 165 435 197
person 0.500426 1047 139 1059 161
person 0.459730 1668 165 1693 232
person 0.418079 1705 194 1732 239
person 0.360788 0 263 23 290
person 0.370505 825 150 837 175
person 0.316761 1087 138 1100 165
person 0.307964 1527 143 1545 179
person 0.300683 1559 142 1578 180
