person 0.995294 858 262 903 381
person 0.991362 256 303 313 415
person 0.982405 1158 243 1215 367
person 0.978587 1442 226 1480 324
person 0.976155 420 271 472 383
person 0.972915 1182 388 1285 596
person 0.970764 1036 217 1066 306
person 0.965558 1391 312 1476 475
person 0.941513 1349 299 1399 436
person 0.927670 441 161 464 201
person 0.920684 1760 237 1799 331
person 0.907098 1082 310 1176 475
person 0.907070 1814 272 1856 384
person 0.886053 1223 411 1325 593
person 0.805081 526 162 545 193
person 0.729500 1099 214 1134 290
person 0.725645 555 158 574 189
person 0.714057 381 163 398 197
person 0.690082 821 157 834 182
person 0.471020 316 163 333 200
person 0.464556 422 164 437 195
person 0.404876 1669 167 1694 232
person 0.380294 0 263 24 289
person 0.384130 1046 140 1058 161
person 0.363058 825 149 838 176
person 0.337014 230 158 248 192
person 0.335660 1558 140 1578 180
person 0.307300 1706 196 1733 241
person 0.269463 1527 142 1546 178
person 0.261824 351 123 1842 291
person 0.251186 1087 139 1100 164
person 0.992539 858 261 903 379
person 0.987470 258 300 314 415
person 0.984789 410 272 465 384
person 0.982881 1180 387 1292 597
person 0.982024 1033 218 1064 306
person 0.977250 1441 227 1479 323
person 0.958668 1376 314 1476 479
person 0.953278 1151 244 1202 367
person 0.948492 1337 294 1389 429
person 0.922915 442 162 464 201
person 0.923390 1759 236 1799 330
person 0.865720 1081 310 1169 478
person 0.865815 1812 273 1854 383
person 0.845456 527 162 546 193
person 0.736536 383 165 399 196
person 0.734981 555 159 574 189
person 0.670727 1100 214 1135 290
person 0.652693 821 157 834 182
person 0.638820 1230 396 1324 587
person 0.530303 1670 168 1696 233
person 0.506243 420 165 435 195
person 0.437704 1046 142 1058 161
person 0.417973 0 263 24 289
person 0.352835 826 149 839 176
person 0.327047 1085 141 1097 163
person 0.326681 229 157 248 191
person 0.300553 316 165 332 200
person 0.295066 349 124 1847 292
person 0.259636 1162 212 1190 266
