person 0.994187 857 260 905 378
person 0.991469 407 270 464 387
person 0.985737 260 296 312 419
person 0.984217 1179 390 1292 596
person 0.981833 1328 286 1388 438
person 0.979372 1031 214 1064 306
person 0.978132 1443 227 1481 323
person 0.965268 1370 321 1473 476
person 0.946971 1153 242 1199 368
person 0.924459 442 162 465 200
person 0.906382 1760 236 1798 330
person 0.880111 1811 272 1852 380
person 0.871498 1089 312 1160 444
person 0.850473 525 162 545 193
person 0.753393 555 158 575 189
person 0.716994 383 165 398 195
person 0.634057 1098 214 1133 292
person 0.606109 822 157 836 181
person 0.518718 420 165 435 195
person 0.437829 1045 141 1057 162
person 0.413444 0 263 26 289
person 0.427945 1672 168 1697 233
person 0.369614 828 150 841 175
person 0.344733 229 158 248 192
person 0.340159 319 176 334 204
person 0.252692 1557 141 1577 180
person 0.994439 857 259 904 378
person 0.989882 405 274 460 385
person 0.982604 1182 388 1289 597
person 0.982050 1030 213 1061 306
person 0.979060 1443 226 1482 323
person 0.977582 1325 287 1381 436
person 0.974960 262 291 311 421
person 0.970810 1150 242 1198 368
person 0.956569 1365 326 1471 477
person 0.933715 1803 271 1850 383
person 0.924846 442 162 465 201
person 0.910244 1759 235 1797 330
person 0.756049 527 162 547 192
person 0.753307 1084 309 1147 447
person 0.693811 557 158 577 189
person 0.689035 382 164 398 195
person 0.632778 822 159 834 181
person 0.564176 1331 296 1415 474
person 0.494095 420 165 435 195
person 0.487137 1673 169 1698 233
person 0.416044 0 263 25 289
person 0.406495 1099 213 1132 298
person 0.336719 827 149 840 175
person 0.321766 317 165 333 200
person 0.276171 1159 211 1187 266
person 0.258710 1045 142 1057 161
