person 0.992281 857 257 904 376
person 0.988665 400 273 454 386
person 0.985634 1317 290 1375 429
person 0.985253 265 285 314 414
person 0.984097 1029 213 1062 305
person 0.981722 1446 224 1485 323
person 0.980559 1181 386 1288 600
person 0.976784 1360 327 1467 478
person 0.976518 1148 243 1194 366
person 0.975025 1799 268 1849 384
person 0.914763 442 161 464 200
person 0.870084 1760 237 1798 325
person 0.854497 528 161 548 191
person 0.793890 558 157 578 190
person 0.710695 1071 294 1135 501
person 0.646512 382 163 397 193
person 0.620985 1333 303 1427 476
person 0.613177 822 159 833 180
person 0.530037 1674 170 1699 230
person 0.524054 422 164 437 194
person 0.516455 230 159 250 194
person 0.487507 1103 215 1129 268
person 0.415739 316 165 331 200
person 0.387685 1157 210 1186 265
person 0.358932 1559 142 1578 178
person 0.315242 1 263 24 289
person 0.331109 1082 308 1143 428
person 0.314071 827 150 839 174
person 0.295695 340 126 1854 295
person 0.294875 1046 141 1058 162
person 0.289068 1527 142 1545 177
person 0.282749 263 162 278 192
person 0.987222 397 272 450 387
person 0.987200 856 258 904 376
person 0.986965 1186 385 1287 602
person 0.985653 264 284 316 415
person 0.979270 1028 215 1062 306
person 0.978226 1447 224 1485 322
person 0.976411 1144 238 1189 369
person 0.975410 1795 267 1848 385
person 0.961147 1359 325 1465 481
person 0.946379 1309 292 1369 425
person 0.875450 442 162 463 201
person 0.840112 1759 236 1797 327
person 0.809628 528 161 547 192
person 0.768321 557 157 577 190
person 0.756929 382 163 398 195
person 0.743355 1067 306 1128 456
person 0.660686 421 164 436 196
person 0.654794 822 161 834 180
person 0.505249 1102 214 1128 270
person 0.429551 1673 170 1699 232
person 0.372448 0 263 25 289
person 0.343686 318 165 334 198
person 0.333505 1155 210 1184 267
person 0.290433 1560 143 1578 178
person 0.277136 361 123 1833 304
person 0.261891 828 150 840 173
