person 0.990342 1027 235 1072 416
person 0.986460 802 274 856 410
person 0.973409 1798 257 1855 380
person 0.964623 1209 200 1245 287
person 0.958506 1134 231 1167 326
person 0.951915 1609 210 1649 302
person 0.945907 1283 199 1325 308
person 0.902557 957 215 988 293
person 0.892565 491 164 509 196
person 0.882109 633 279 680 392
person 0.868192 1425 222 1462 310
person 0.736195 1670 220 1714 308
person 0.710920 682 220 712 297
person 0.680876 677 165 689 188
person 0.642613 440 184 462 206
person 0.629501 1085 207 1122 306
person 0.620575 271 132 1680 293
person 0.607313 806 234 832 292
person 0.604465 1783 215 1817 273
person 0.579292 561 162 574 187
person 0.546962 536 163 549 189
person 0.476556 606 162 619 187
person 0.468418 1409 193 1434 242
person 0.323304 638 164 649 187
person 0.265731 819 166 830 183
person 0.264336 228 162 245 193
person 0.992993 802 277 857 409
person 0.981998 1028 233 1071 418
person 0.972865 1799 258 1855 378
person 0.955822 1207 201 1244 287
person 0.953303 1609 209 1649 302
person 0.945817 1135 232 1168 324
person 0.899369 635 272 676 383
person 0.898167 1284 200 1323 306
person 0.865075 1426 224 1463 309
person 0.858887 490 164 509 196
person 0.858904 957 215 988 294
person 0.760309 1669 219 1713 309
person 0.748904 1410 217 1450 312
person 0.742807 1085 207 1122 307
person 0.680004 808 234 833 291
person 0.654410 440 184 462 206
person 0.644546 1783 215 1816 272
person 0.640985 256 132 1693 292
person 0.623059 681 219 712 297
person 0.609267 675 164 689 188
person 0.529930 560 161 574 187
person 0.493134 536 164 549 190
person 0.486443 1408 193 1433 240
person 0.347990 605 162 618 188
person 0.330916 686 219 707 266
person 0.261045 820 166 830 183
