person 0.994062 394 272 448 397
person 0.990151 856 257 904 378
person 0.988228 1187 383 1285 602
person 0.977563 264 283 317 416
person 0.975187 1449 224 1486 322
person 0.974771 1028 215 1060 306
person 0.963672 1139 244 1186 363
person 0.946129 1794 267 1846 385
person 0.943106 1357 327 1460 477
person 0.917588 1058 306 1136 485
person 0.900335 1295 294 1349 423
person 0.875296 445 161 465 199
person 0.860206 527 160 547 192
person 0.774379 1759 237 1799 326
person 0.727719 382 162 398 195
person 0.712723 557 157 575 187
person 0.642803 421 164 435 195
person 0.625732 822 160 833 180
person 0.497390 1095 212 1128 297
person 0.432273 1673 171 1699 230
person 0.419708 1153 210 1181 265
person 0.353662 0 263 25 289
person 0.332063 1558 141 1577 178
person 0.317019 827 149 838 174
person 0.309705 231 159 251 194
person 0.290477 1527 140 1545 177
person 0.285233 318 165 333 197
person 0.281793 353 121 1827 304
person 0.993652 856 258 905 378
person 0.990093 393 270 446 398
person 0.984150 268 276 327 424
person 0.984058 1188 385 1284 601
person 0.977226 1027 214 1059 306
person 0.976020 1293 294 1348 427
person 0.973746 1450 225 1485 322
person 0.969290 1137 241 1181 366
person 0.966079 1788 268 1845 387
person 0.961367 1331 324 1449 478
person 0.949563 1041 307 1133 481
person 0.905693 445 162 467 201
person 0.825851 523 160 544 193
person 0.725494 1759 237 1799 324
person 0.705915 557 157 576 188
person 0.699307 381 164 397 194
person 0.679510 421 165 438 196
person 0.636496 1769 259 1822 385
person 0.608665 1101 214 1126 268
person 0.601778 822 160 833 180
person 0.512427 1674 171 1700 232
person 0.451824 1151 212 1177 265
person 0.404750 827 149 839 174
person 0.362156 1 263 25 289
person 0.375127 318 164 335 201
person 0.369067 1233 382 1295 470
person 0.305239 1561 143 1579 178
person 0.265151 343 122 1844 300
person 0.256533 1526 142 1544 178
person 0.255840 1051 140 1062 161
person 0.253555 1152 203 1182 321
