person 0.993869 856 256 905 378
person 0.990236 390 269 444 391
person 0.989752 271 272 326 428
person 0.985491 1187 383 1284 601
person 0.982433 1024 214 1058 306
person 0.975297 1451 223 1486 323
person 0.974481 1134 238 1180 373
person 0.968456 1787 264 1844 388
person 0.964065 1287 293 1345 427
person 0.938206 1331 332 1443 477
person 0.927508 1032 314 1118 470
person 0.919728 445 161 467 200
person 0.861023 522 161 544 194
person 0.815084 557 157 579 191
person 0.791948 1769 255 1822 387
person 0.744919 382 163 398 197
person 0.680080 420 164 436 196
person 0.561426 820 158 833 180
person 0.554326 1674 171 1701 232
person 0.482170 1099 214 1125 269
person 0.454458 826 149 838 175
person 0.406041 1149 208 1176 266
person 0.347214 1759 239 1798 322
person 0.344749 319 164 335 200
person 0.267798 1 263 24 290
person 0.264256 334 124 1851 297
person 0.262403 1560 142 1578 177
person 0.992973 855 255 905 377
person 0.991828 387 265 443 394
person 0.990636 1129 244 1181 369
person 0.990393 1188 384 1283 599
person 0.984425 274 281 326 431
person 0.975509 1451 224 1486 323
person 0.973433 1021 216 1057 305
person 0.964145 1284 296 1335 423
person 0.955374 1786 266 1843 387
person 0.942870 1027 318 1109 468
person 0.942551 1322 332 1429 473
person 0.914869 447 162 468 200
person 0.826226 524 162 546 193
person 0.733474 557 158 577 189
person 0.715760 382 164 398 196
person 0.709630 1149 210 1176 266
person 0.691659 419 164 435 196
person 0.564357 821 158 833 181
person 0.554616 1675 173 1703 232
person 0.541930 1098 213 1126 268
person 0.504852 825 149 837 175
person 0.328257 320 164 335 198
person 0.313376 1528 142 1545 176
person 0.307806 1560 142 1578 177
person 0.305085 1051 140 1066 161
person 0.268243 1484 143 1501 176
person 0.257537 225 122 1720 292
