person 0.991463 856 256 904 377
person 0.989006 276 288 329 426
person 0.987237 1186 385 1287 598
person 0.986800 383 263 440 397
person 0.985370 1127 242 1179 370
person 0.978059 1451 223 1487 323
person 0.971150 1020 216 1056 306
person 0.943057 1769 260 1828 387
person 0.937464 1316 325 1414 471
person 0.933496 1281 297 1331 425
person 0.929841 1026 320 1105 469
person 0.927982 449 162 469 199
person 0.824126 557 157 577 189
person 0.815700 524 162 544 193
person 0.749802 383 165 398 197
person 0.708156 420 166 436 197
person 0.688246 1147 210 1173 268
person 0.563381 1099 211 1126 267
person 0.564347 821 158 833 180
person 0.487595 1674 173 1702 232
person 0.486572 826 149 837 175
person 0.326394 1561 143 1579 177
person 0.319253 1052 139 1065 161
person 0.318413 1528 142 1545 177
person 0.296483 319 165 334 197
person 0.269470 609 155 624 181
person 0.253977 1485 145 1503 176
person 0.995019 1183 383 1293 599
person 0.993846 276 294 340 425
person 0.991875 858 256 903 376
person 0.987553 1769 259 1831 389
person 0.985526 1273 293 1327 427
person 0.985064 1126 243 1177 370
person 0.979631 1027 325 1103 448
person 0.979407 1451 223 1488 324
person 0.974423 382 263 439 396
person 0.969827 1020 215 1056 308
person 0.917487 449 162 469 199
person 0.905074 1313 329 1410 470
person 0.804730 527 162 547 192
person 0.774396 558 158 577 188
person 0.702161 1145 208 1172 267
person 0.697653 419 166 435 196
person 0.671446 1674 174 1701 232
person 0.646567 383 165 397 196
person 0.572686 826 149 837 174
person 0.474462 821 159 833 181
person 0.471361 1099 211 1127 264
person 0.358164 1528 141 1545 177
person 0.352486 1560 143 1578 178
person 0.336646 1050 140 1063 161
