person 0.995800 279 297 339 423
person 0.993966 1188 381 1292 597
person 0.992171 858 259 901 375
person 0.986994 1770 261 1829 389
person 0.977744 1451 224 1488 323
person 0.973332 1125 241 1176 371
person 0.967947 1019 216 1056 309
person 0.965917 1301 334 1403 471
person 0.963477 1025 326 1104 448
person 0.949696 373 266 428 403
person 0.913525 1270 293 1324 427
person 0.874278 450 163 469 197
person 0.846171 527 160 547 191
person 0.761022 558 157 577 187
person 0.703097 1143 207 1171 265
person 0.686420 419 165 435 196
person 0.673235 383 164 398 196
person 0.598445 826 149 837 174
person 0.585956 1098 209 1127 263
person 0.568358 1672 175 1700 232
person 0.373526 820 158 833 180
person 0.337754 1528 141 1545 176
person 0.312314 1560 143 1578 176
person 0.272442 332 125 1863 290
person 0.995318 282 301 340 423
person 0.991689 860 258 901 376
person 0.990533 1769 258 1830 388
person 0.988964 369 269 430 401
person 0.985943 1189 386 1293 593
person 0.979076 1027 325 1102 449
person 0.975300 1451 223 1488 324
person 0.967791 1014 220 1046 307
person 0.948181 1293 340 1399 474
person 0.901689 1261 290 1313 410
person 0.894134 449 163 469 198
person 0.870778 1126 226 1174 379
person 0.857330 528 160 547 191
person 0.759106 558 158 577 187
person 0.741674 383 164 398 196
person 0.707904 419 165 435 195
person 0.642214 1111 260 1161 374
person 0.582064 826 148 837 174
person 0.560632 1672 185 1699 239
person 0.406700 820 159 833 180
person 0.369632 1560 143 1578 177
person 0.338421 1101 210 1127 264
person 0.327062 1529 142 1546 176
person 0.304191 1142 208 1169 268
person 0.278333 330 165 345 197
person 0.260137 1050 139 1064 161
person 0.251919 1202 379 1253 509
