person 0.996445 281 301 342 425
person 0.994153 369 271 430 400
person 0.989816 1769 258 1831 385
person 0.984907 862 257 900 375
person 0.981035 1450 223 1488 324
person 0.977089 1013 221 1047 306
person 0.956770 1028 326 1104 448
person 0.956695 1214 377 1315 592
person 0.912426 1258 290 1313 409
person 0.886343 450 162 470 198
person 0.860230 528 160 547 190
person 0.851674 1285 336 1390 472
person 0.792307 1124 216 1173 386
person 0.741719 382 163 397 196
person 0.734918 562 158 579 186
person 0.716893 421 165 437 195
person 0.630848 1672 186 1697 238
person 0.576716 825 149 837 174
person 0.351507 1528 141 1546 176
person 0.347573 1560 142 1578 177
person 0.332158 1050 138 1064 161
person 0.316248 820 158 833 180
person 0.299344 1202 378 1250 512
person 0.279900 219 121 1733 289
person 0.266484 1486 143 1504 176
person 0.260842 329 164 345 198
person 0.994553 283 302 341 426
person 0.994365 367 278 428 395
person 0.992096 1768 255 1830 385
person 0.984984 1013 218 1045 307
person 0.980636 1451 223 1488 324
person 0.978850 862 258 899 374
person 0.928169 1218 369 1327 592
person 0.926847 1029 324 1103 449
person 0.909786 1256 291 1310 398
person 0.878066 1280 333 1392 469
person 0.869060 451 163 469 197
person 0.860096 1193 372 1276 591
person 0.807436 529 161 546 188
person 0.750270 1108 226 1157 380
person 0.738902 1670 184 1698 245
person 0.703014 420 165 436 196
person 0.697093 563 158 579 185
person 0.683552 382 164 398 197
person 0.578329 825 148 837 174
person 0.464730 1050 138 1064 163
person 0.314660 1207 378 1252 512
person 0.315621 1560 143 1578 177
person 0.304679 820 159 832 180
person 0.300812 1529 141 1546 176
person 0.272418 1084 137 1098 165
person 0.261201 1485 143 1504 176
person 0.260467 329 164 345 198
person 0.258683 222 118 1727 292
