person 0.996625 364 278 425 396
person 0.994799 1767 254 1829 384
person 0.993129 284 302 342 426
person 0.984787 1012 217 1044 305
person 0.984097 1451 223 1488 324
person 0.980481 863 258 899 374
person 0.892315 1226 368 1338 591
person 0.879286 1187 374 1274 593
person 0.869002 452 163 470 197
person 0.856980 529 161 548 191
person 0.855261 1251 293 1308 400
person 0.820060 1670 185 1696 244
person 0.804215 1037 321 1121 466
person 0.765238 561 157 578 186
person 0.762182 1106 233 1157 373
person 0.713701 421 165 436 196
person 0.702764 1265 326 1368 473
person 0.653652 383 164 397 195
person 0.564221 823 147 835 174
person 0.366117 1051 138 1066 162
person 0.336091 1559 142 1578 177
person 0.316628 1527 140 1545 176
person 0.308411 1084 136 1099 165
person 0.299535 821 159 832 180
person 0.291594 1136 203 1167 284
person 0.994731 363 278 423 395
person 0.994590 1767 256 1826 384
person 0.990786 286 304 347 426
person 0.981249 1011 219 1042 306
person 0.979301 1450 223 1489 324
person 0.975554 862 257 900 374
person 0.940175 1238 369 1336 586
person 0.887808 1187 376 1269 593
person 0.886038 452 162 472 196
person 0.865035 529 161 548 190
person 0.857804 1667 183 1694 245
person 0.847769 1045 318 1128 463
person 0.761025 1244 295 1303 398
person 0.748943 563 157 580 186
person 0.722659 421 165 437 195
person 0.720410 1098 263 1160 377
person 0.650902 381 164 396 194
person 0.579499 824 146 835 173
person 0.426173 1052 139 1067 162
person 0.347729 1136 205 1167 284
person 0.341419 1035 334 1097 438
person 0.332623 820 160 832 180
person 0.285706 319 125 1871 296
person 0.280113 1559 140 1578 177
person 0.260584 1869 258 1917 388
person 0.259717 607 158 622 180
person 0.257413 1085 138 1099 165
person 0.251772 1528 141 1546 176
