person 0.996393 363 277 420 399
person 0.992825 1765 255 1823 385
person 0.991491 288 304 348 429
person 0.982088 1451 223 1488 324
person 0.978794 1011 219 1041 305
person 0.972478 870 260 909 371
person 0.964645 1246 370 1334 585
person 0.948377 1194 377 1272 591
person 0.901376 453 161 473 197
person 0.896369 1040 319 1129 465
person 0.870714 530 161 548 191
person 0.831392 1242 294 1297 403
person 0.814717 1666 183 1693 246
person 0.778169 563 157 581 187
person 0.757511 1096 256 1158 381
person 0.692649 421 165 437 194
person 0.604247 824 146 836 174
person 0.585721 381 164 396 193
person 0.559439 1135 206 1166 284
person 0.468025 1051 137 1065 162
person 0.320501 820 160 832 180
person 0.312138 1870 254 1916 391
person 0.305472 1084 138 1099 166
person 0.304805 1560 141 1578 176
person 0.266122 316 126 1872 295
person 0.263642 1529 141 1546 175
person 0.253381 1085 214 1120 306
person 0.251799 1485 142 1503 174
person 0.997554 360 276 417 401
person 0.995726 1764 253 1822 385
person 0.991084 289 302 351 432
person 0.985594 1010 217 1041 306
person 0.981036 1451 223 1489 324
person 0.970387 1249 371 1343 588
person 0.968301 861 258 900 372
person 0.965850 1192 377 1277 593
person 0.915143 453 161 474 197
person 0.888319 530 160 548 190
person 0.838188 1664 182 1691 245
person 0.783342 563 157 581 187
person 0.741652 1042 321 1130 469
person 0.713218 421 164 438 194
person 0.714244 1236 296 1291 398
person 0.672808 824 146 836 174
person 0.597939 381 163 396 192
person 0.486388 1051 138 1065 162
person 0.475095 1134 205 1164 284
person 0.396672 1096 237 1146 365
person 0.382478 1247 345 1307 424
person 0.368681 1560 141 1578 176
person 0.308342 1086 214 1119 306
person 0.304535 821 159 833 179
person 0.303382 1084 139 1098 166
person 0.275839 325 126 1868 291
person 0.270258 1529 141 1546 175
person 0.256314 1030 335 1099 442
