person 0.997529 358 271 414 403
person 0.996302 1765 254 1820 385
person 0.992146 286 303 352 432
person 0.990578 1007 215 1039 305
person 0.983739 1256 378 1353 588
person 0.980883 1452 223 1488 324
person 0.972090 859 257 901 371
person 0.968606 1187 382 1280 594
person 0.916769 453 161 474 198
person 0.908441 529 160 547 191
person 0.866217 563 157 581 188
person 0.863148 1042 325 1129 468
person 0.771830 421 163 437 195
person 0.670859 1234 295 1288 400
person 0.654158 825 146 837 174
person 0.640711 1665 173 1692 232
person 0.605318 381 164 395 191
person 0.536719 1094 239 1141 363
person 0.432461 1561 141 1580 175
person 0.425308 1050 138 1063 161
person 0.395954 1236 345 1298 424
person 0.386296 1133 208 1165 283
person 0.313880 323 127 1873 292
person 0.310577 1528 141 1545 175
person 0.308085 821 160 833 180
person 0.284073 332 166 347 196
person 0.269906 1083 140 1096 165
person 0.258890 1086 214 1119 305
person 0.251668 1089 216 1115 266
person 0.997456 357 271 412 402
person 0.995104 1764 259 1815 386
person 0.991824 1255 381 1362 591
person 0.991182 287 302 352 434
person 0.985606 1004 216 1038 307
person 0.982480 859 257 901 372
person 0.981387 1452 224 1488 324
person 0.974435 1183 384 1282 593
person 0.938580 1214 297 1282 424
person 0.917789 454 161 476 198
person 0.915604 1037 326 1124 470
person 0.883265 529 160 547 191
person 0.787471 419 164 437 196
person 0.779175 563 157 579 187
person 0.779914 1093 246 1141 362
person 0.658242 1663 184 1689 241
person 0.641228 381 165 396 193
person 0.545057 1853 268 1897 386
person 0.525221 826 147 837 172
person 0.432470 1131 209 1165 283
person 0.356940 1562 141 1580 176
person 0.320083 822 162 832 180
person 0.304103 1046 138 1059 161
person 0.287242 612 147 624 174
person 0.278100 340 126 1850 299
