person 0.997385 355 271 408 402
person 0.994284 1764 257 1814 384
person 0.993173 285 302 351 433
person 0.988184 1259 386 1367 591
person 0.986498 859 258 902 371
person 0.985787 1005 216 1037 307
person 0.983794 1453 223 1487 325
person 0.979686 1186 374 1280 592
person 0.951377 1212 298 1282 432
person 0.941796 1036 327 1122 471
person 0.899834 456 161 476 197
person 0.880101 529 160 547 191
person 0.855925 1093 244 1141 362
person 0.810214 563 157 580 187
person 0.789974 420 163 439 197
person 0.784790 1845 271 1899 400
person 0.672402 1660 183 1688 243
person 0.583808 824 147 836 172
person 0.580737 381 165 395 191
person 0.369929 1562 142 1579 175
person 0.362197 1045 138 1059 160
person 0.339633 822 161 833 179
person 0.328103 335 127 1858 294
person 0.300567 1131 213 1165 291
person 0.257038 611 148 623 174
person 0.256565 1086 209 1116 310
person 0.998308 354 272 408 403
person 0.993824 1763 258 1814 384
person 0.993106 286 300 347 436
person 0.989434 1004 217 1037 307
person 0.982012 1453 224 1487 324
person 0.979411 859 259 901 370
person 0.975130 1259 397 1370 588
person 0.954208 1183 375 1279 586
person 0.951041 1031 328 1122 469
person 0.890534 529 160 547 191
person 0.881480 455 161 475 196
person 0.821763 1208 292 1266 434
person 0.798216 562 156 579 187
person 0.762760 421 163 437 195
person 0.709608 1092 241 1137 359
person 0.675681 1082 198 1123 363
person 0.668981 1663 174 1691 231
person 0.641059 1843 271 1897 400
person 0.618013 381 164 395 191
person 0.577723 824 147 836 173
person 0.410832 1561 141 1579 176
person 0.384522 821 161 832 180
person 0.380066 1184 314 1282 469
person 0.360036 478 158 493 185
person 0.315068 319 126 1875 291
person 0.304619 1528 142 1545 176
person 0.298611 332 166 347 196
person 0.295594 1122 212 1154 300
