person 0.997991 354 274 407 406
person 0.993132 1764 259 1813 385
person 0.992898 287 297 345 439
person 0.985263 1002 216 1034 305
person 0.984666 1255 406 1382 597
person 0.984338 1453 224 1487 325
person 0.980898 857 258 902 370
person 0.964504 1182 382 1282 583
person 0.958437 1023 327 1119 474
person 0.945917 1202 296 1264 429
person 0.877030 529 160 548 191
person 0.854995 454 162 474 196
person 0.791778 563 156 580 187
person 0.727143 1840 268 1891 407
person 0.723578 422 164 438 193
person 0.704976 1082 232 1123 371
person 0.589248 381 165 394 191
person 0.552262 825 147 836 173
person 0.480973 1662 174 1691 230
person 0.441211 478 158 493 186
person 0.426847 1120 213 1155 298
person 0.395968 821 161 832 180
person 0.384474 1562 141 1580 176
person 0.301282 332 166 347 197
person 0.288231 315 126 1887 292
person 0.284174 1528 141 1545 176
person 0.998485 350 278 408 405
person 0.993188 285 297 344 441
person 0.990187 1251 413 1379 594
person 0.989834 1763 258 1811 384
person 0.985000 858 257 902 371
person 0.982569 999 215 1033 306
person 0.977849 1453 225 1487 324
person 0.967270 1008 330 1115 474
person 0.947414 1174 388 1280 584
person 0.877255 529 159 548 191
person 0.870244 455 162 476 197
person 0.812084 1080 243 1123 362
person 0.783644 1838 272 1885 378
person 0.768133 564 157 581 188
person 0.752006 422 164 438 195
person 0.724059 1653 177 1689 256
person 0.652911 1200 296 1259 429
person 0.614774 380 165 394 191
person 0.561973 825 146 836 173
person 0.500548 1121 210 1154 300
person 0.456627 1562 141 1580 176
person 0.377165 821 161 832 180
person 0.344133 1175 319 1272 464
person 0.328579 1179 339 1241 430
person 0.326391 1087 215 1113 264
person 0.317590 1527 141 1545 176
person 0.286765 477 159 493 186
person 0.285531 324 124 1878 293
