person 0.987904 1029 231 1071 420
person 0.987406 805 273 858 408
person 0.981915 1801 258 1855 379
person 0.966548 1136 229 1170 326
person 0.956317 1206 201 1244 287
person 0.946495 957 216 988 295
person 0.924594 1612 208 1649 304
person 0.912304 636 272 675 383
person 0.894783 1284 201 1323 305
person 0.876733 491 164 510 196
person 0.847538 1408 216 1449 312
person 0.769911 1668 219 1712 308
person 0.727621 1085 206 1123 310
person 0.695923 1426 223 1463 309
person 0.691812 674 163 690 190
person 0.677784 809 234 835 291
person 0.676150 1783 215 1816 272
person 0.658278 264 129 1690 293
person 0.655524 440 184 462 207
person 0.564561 559 161 574 190
person 0.562455 685 230 709 284
person 0.523526 1406 192 1434 239
person 0.445631 534 163 548 190
person 0.377537 687 216 720 294
person 0.331258 604 161 618 188
person 0.274465 694 237 717 284
person 0.250617 819 167 829 183
person 0.989539 807 277 860 404
person 0.977300 1028 238 1070 412
person 0.975832 1801 260 1856 380
person 0.973909 1137 230 1171 326
person 0.940636 1206 201 1242 287
person 0.940185 957 216 988 295
person 0.929705 1612 208 1649 304
person 0.893703 1285 200 1323 305
person 0.890219 636 273 676 383
person 0.875394 1407 212 1449 313
person 0.851699 492 164 510 196
person 0.848231 809 234 834 289
person 0.735894 675 162 691 190
person 0.736300 1668 218 1712 308
person 0.679948 1085 205 1123 312
person 0.665126 440 183 462 206
person 0.661155 241 131 1705 293
person 0.621106 1784 214 1816 271
person 0.582832 534 164 547 191
person 0.558909 688 218 720 294
person 0.552565 560 163 573 189
person 0.456823 1405 194 1434 243
person 0.359809 605 162 618 187
person 0.317356 1426 222 1462 309
person 0.295588 819 167 829 184
person 0.289666 688 219 707 266
person 0.250993 640 162 653 187
