person 0.998614 350 280 406 406
person 0.994403 284 294 343 444
person 0.985452 1763 259 1811 384
person 0.979348 1248 412 1378 593
person 0.975632 857 258 902 370
person 0.974418 1000 216 1033 308
person 0.971426 1453 225 1487 325
person 0.966789 1169 370 1277 583
person 0.947711 1005 329 1114 475
person 0.887567 530 159 548 191
person 0.822860 1076 245 1124 361
person 0.802869 454 162 474 196
person 0.801442 564 157 582 188
person 0.801431 1836 274 1883 375
person 0.735505 423 164 438 194
person 0.696534 380 164 394 193
person 0.549742 1120 207 1152 285
person 0.488935 478 159 493 186
person 0.487237 1652 177 1689 256
person 0.481028 1198 293 1261 428
person 0.477024 825 146 836 173
person 0.459362 1175 296 1244 394
person 0.434510 1087 214 1113 264
person 0.408905 821 161 832 180
person 0.398708 1561 140 1580 176
person 0.341561 317 122 1886 295
person 0.311989 1527 140 1545 176
person 0.305814 1163 325 1271 462
person 0.295563 334 166 348 195
person 0.263616 1486 142 1504 175
person 0.250989 608 155 623 181
person 0.997830 350 283 405 406
person 0.995515 283 296 343 442
person 0.982688 1762 256 1812 384
person 0.974123 999 216 1032 307
person 0.973611 857 258 903 370
person 0.967587 1243 412 1378 592
person 0.968006 1453 225 1487 325
person 0.947408 1171 379 1275 581
person 0.907801 1071 237 1125 366
person 0.902504 1001 327 1105 482
person 0.868247 529 160 548 192
person 0.818861 564 157 582 189
person 0.777826 1832 275 1881 377
person 0.717759 455 162 474 195
person 0.712420 422 164 439 195
person 0.686532 1179 292 1244 400
person 0.643246 380 165 395 194
person 0.584635 479 158 495 187
person 0.457067 1118 209 1152 304
person 0.444802 825 147 837 173
person 0.437655 1660 172 1690 231
person 0.421592 1562 141 1580 177
person 0.359513 822 161 832 180
person 0.313045 333 165 348 197
person 0.305075 1526 141 1544 176
person 0.281166 327 118 1867 299
person 0.269457 1082 140 1095 167
