person 0.997477 349 284 403 406
person 0.995524 283 296 341 443
person 0.987754 1761 259 1812 385
person 0.983470 856 258 904 370
person 0.981055 997 216 1031 306
person 0.971741 1454 225 1487 325
person 0.960824 1243 411 1379 593
person 0.949309 1169 380 1271 582
person 0.900305 1002 327 1092 482
person 0.896050 1068 239 1120 369
person 0.815307 531 161 549 192
person 0.786361 563 157 581 189
person 0.786357 1184 289 1241 404
person 0.722068 1828 275 1877 377
person 0.703672 422 164 438 196
person 0.677332 381 165 396 195
person 0.647847 449 163 469 197
person 0.532137 480 158 496 187
person 0.449067 1659 172 1690 231
person 0.443060 1116 210 1149 302
person 0.381252 826 147 838 173
person 0.353393 822 161 833 180
person 0.345541 333 164 348 198
person 0.342191 1562 142 1580 177
person 0.333307 1121 349 1210 508
person 0.312453 1084 217 1111 265
person 0.289923 323 118 1871 302
person 0.997815 348 283 403 406
person 0.993956 280 298 341 442
person 0.991452 1762 259 1814 388
person 0.986629 855 257 903 370
person 0.981750 997 217 1031 308
person 0.971135 1241 397 1368 587
person 0.969528 1453 226 1486 326
person 0.965316 1151 369 1266 584
person 0.903451 1065 230 1114 378
person 0.896142 1183 288 1238 401
person 0.852622 566 157 583 188
person 0.834371 530 160 548 191
person 0.831195 982 323 1077 480
person 0.768381 421 165 436 197
person 0.724406 381 165 395 195
person 0.648667 452 164 470 196
person 0.631634 1811 280 1870 396
person 0.575510 481 158 495 186
person 0.544125 1660 173 1690 231
person 0.456158 825 145 837 174
person 0.440928 333 165 347 198
person 0.415888 1562 140 1581 177
person 0.411621 1112 208 1144 305
person 0.353328 1110 351 1210 514
person 0.348354 822 161 833 180
person 0.313362 323 118 1876 295
person 0.286066 1484 141 1502 174
person 0.282131 1423 136 1439 166
person 0.273574 1527 141 1545 177
