person 0.998257 348 283 403 404
person 0.992697 855 258 902 370
person 0.991092 1761 258 1812 387
person 0.990234 278 300 339 441
person 0.987977 994 218 1029 307
person 0.977786 1453 226 1487 326
person 0.970630 1181 286 1234 407
person 0.966976 1235 401 1366 583
person 0.958133 1146 379 1266 583
person 0.917153 1063 231 1113 379
person 0.848695 987 325 1072 471
person 0.812067 562 157 580 188
person 0.729314 1093 351 1193 511
person 0.717028 532 162 550 193
person 0.697036 420 165 435 196
person 0.667490 384 166 398 196
person 0.660949 1811 278 1866 398
person 0.608378 448 164 467 196
person 0.518226 1111 206 1143 285
person 0.472079 332 164 347 199
person 0.430768 482 159 497 184
person 0.385435 825 146 838 175
person 0.337121 1663 173 1690 231
person 0.331363 1656 186 1684 240
person 0.330425 822 160 833 180
person 0.328780 1562 141 1581 178
person 0.304277 1082 215 1112 266
person 0.287660 328 118 1867 299
person 0.276091 1645 187 1671 246
person 0.996762 346 281 402 408
person 0.993580 1761 258 1812 387
person 0.992305 994 218 1028 307
person 0.992199 856 258 899 370
person 0.988007 276 302 337 438
person 0.986987 1453 226 1487 327
person 0.970284 1230 401 1351 581
person 0.965904 1177 279 1229 416
person 0.935636 1059 226 1113 382
person 0.919673 1155 383 1261 583
person 0.828568 1077 351 1180 503
person 0.828602 986 332 1062 440
person 0.795866 562 157 580 188
person 0.749804 1808 274 1865 400
person 0.709667 420 165 436 197
person 0.680964 383 165 397 196
person 0.632515 533 163 550 191
person 0.592942 447 164 465 197
person 0.543143 1643 191 1672 249
person 0.509864 1108 207 1138 305
person 0.476054 331 164 347 198
person 0.416408 484 159 498 183
person 0.390847 826 146 838 175
person 0.360356 822 161 833 179
person 0.358979 1561 141 1580 177
person 0.349488 1654 188 1682 242
person 0.306734 1080 215 1109 265
person 0.281115 1083 165 1105 221
person 0.262899 608 156 623 181
person 0.263402 341 122 1858 290
person 0.262201 1484 141 1501 174
person 0.260822 1528 143 1544 177
person 0.260341 1423 137 1438 166
