person 0.997218 344 280 403 408
person 0.995588 853 255 900 372
person 0.992061 993 218 1030 307
person 0.992038 1758 256 1809 390
person 0.987394 1453 227 1487 327
person 0.986794 273 303 338 437
person 0.975277 1219 402 1342 575
person 0.967310 1175 280 1226 436
person 0.896397 982 332 1058 445
person 0.865412 1146 394 1265 581
person 0.850733 1801 272 1863 399
person 0.847658 1069 351 1175 503
person 0.842068 562 157 581 189
person 0.765448 421 164 437 197
person 0.734116 1058 226 1111 382
person 0.722119 382 165 396 197
person 0.670526 1641 190 1671 249
person 0.670028 533 163 549 190
person 0.652894 450 164 467 196
person 0.548415 483 158 497 185
person 0.477833 1105 208 1136 301
person 0.419971 825 145 838 175
person 0.418808 332 166 346 198
person 0.372957 1562 142 1580 177
person 0.325681 608 156 624 182
person 0.313560 327 123 1870 293
person 0.303182 230 160 247 191
person 0.280435 1656 187 1684 241
person 0.278734 1528 143 1545 177
person 0.272226 823 161 833 179
person 0.263129 267 162 282 191
person 0.255738 1709 207 1736 234
person 0.996811 344 279 401 407
person 0.994428 851 256 898 371
person 0.994082 992 216 1028 308
person 0.990904 1757 258 1807 391
person 0.990010 1172 279 1222 437
person 0.984186 1453 227 1487 326
person 0.981696 268 304 337 436
person 0.975803 1208 402 1335 575
person 0.916045 1054 258 1108 373
person 0.902524 1795 275 1858 398
person 0.885857 980 331 1053 468
person 0.855169 560 156 580 189
person 0.818897 1158 398 1266 581
person 0.759815 1068 352 1167 505
person 0.725190 420 164 435 197
person 0.680238 534 163 552 192
person 0.652619 1102 205 1136 286
person 0.648318 448 164 466 199
person 0.644892 382 165 396 195
person 0.633503 1642 189 1669 247
person 0.417752 823 145 836 174
person 0.386548 1668 172 1693 229
person 0.369927 1561 142 1580 177
person 0.323395 1081 216 1107 265
person 0.325310 335 167 348 196
person 0.320867 1528 143 1546 177
person 0.311442 324 121 1881 296
person 0.310027 822 161 832 180
person 0.278289 608 156 623 182
person 0.258020 230 160 248 192
