person 0.996324 344 277 399 407
person 0.993598 848 255 895 371
person 0.990387 1171 279 1217 435
person 0.988103 991 215 1025 309
person 0.986272 266 303 335 435
person 0.985004 1451 227 1488 326
person 0.977497 1757 260 1809 389
person 0.967053 1204 402 1328 574
person 0.940740 1159 397 1281 580
person 0.897361 979 335 1049 467
person 0.861261 1051 249 1108 364
person 0.819581 560 156 579 189
person 0.738744 422 164 437 197
person 0.727533 1640 189 1668 250
person 0.697862 533 162 551 192
person 0.674080 1030 342 1129 505
person 0.656013 447 163 464 197
person 0.636057 1794 272 1854 400
person 0.616080 382 165 395 195
person 0.604207 1100 206 1136 284
person 0.587433 488 160 503 187
person 0.463176 1561 141 1579 176
person 0.438262 822 144 835 175
person 0.410128 1528 141 1545 176
person 0.403684 1669 171 1693 228
person 0.330608 1081 216 1107 266
person 0.326536 329 119 1866 298
person 0.322314 607 156 623 182
person 0.281229 822 161 832 180
person 0.273564 266 161 282 192
person 0.273363 1484 142 1502 175
person 0.265896 1709 208 1736 235
person 0.256775 230 160 247 191
person 0.993222 846 255 893 371
person 0.993210 344 277 398 409
person 0.989877 265 302 335 435
person 0.985468 1452 228 1487 326
person 0.985309 1755 262 1807 389
person 0.980163 989 216 1022 308
person 0.972340 1164 279 1212 435
person 0.967393 1172 397 1302 580
person 0.852193 559 157 579 189
person 0.821043 1636 181 1670 257
person 0.739741 972 337 1041 468
person 0.733923 533 161 551 192
person 0.717258 419 164 435 197
person 0.696407 1053 238 1118 471
person 0.685898 1793 276 1854 400
person 0.627790 446 163 463 199
person 0.523719 490 159 505 186
person 0.511582 822 144 834 175
person 0.501711 381 166 394 192
person 0.436366 1561 141 1580 176
person 0.426782 1670 169 1694 228
person 0.417634 1528 142 1545 176
person 0.393875 1096 203 1133 286
person 0.375307 1050 260 1101 385
person 0.356033 608 156 624 182
person 0.329817 338 123 1855 292
person 0.307983 1483 142 1501 176
person 0.265851 822 161 832 180
person 0.260497 231 161 249 194
