person 0.992315 340 280 392 416
person 0.990877 258 305 322 433
person 0.989212 844 258 890 369
person 0.981350 1169 394 1306 578
person 0.981262 988 215 1022 307
person 0.978133 1451 229 1488 326
person 0.971790 1754 263 1808 389
person 0.952716 1150 281 1201 437
person 0.939489 958 321 1016 488
person 0.914713 1019 360 1113 509
person 0.786671 561 157 580 188
person 0.733229 419 164 435 197
person 0.733381 1042 249 1088 383
person 0.702653 533 161 550 190
person 0.699450 446 163 464 199
person 0.693933 1638 187 1665 246
person 0.688863 1791 278 1853 398
person 0.544481 820 142 833 176
person 0.516022 1671 168 1695 229
person 0.481789 1096 204 1132 286
person 0.475082 491 159 506 187
person 0.435893 1560 141 1579 176
person 0.398194 1528 141 1546 177
person 0.377711 383 166 396 191
person 0.321302 607 156 623 182
person 0.320524 1485 141 1502 175
person 0.301615 969 338 1046 512
person 0.286205 1083 203 1118 286
person 0.282764 306 123 1891 300
person 0.262906 230 161 248 194
person 0.990702 339 283 392 416
person 0.990570 844 258 888 369
person 0.989168 257 305 316 433
person 0.981631 1164 390 1303 577
person 0.980558 1145 288 1200 427
person 0.978258 1450 229 1489 325
person 0.968856 986 216 1020 306
person 0.950093 1755 263 1809 388
person 0.930242 992 362 1103 506
person 0.921662 954 325 1005 479
person 0.895309 1041 254 1087 381
person 0.774783 559 156 578 188
person 0.758592 1633 180 1668 257
person 0.756942 419 164 435 198
person 0.716784 533 160 551 192
person 0.670253 445 163 464 200
person 0.502899 492 158 508 188
person 0.484165 1673 168 1697 228
person 0.474518 1791 278 1850 396
person 0.433633 384 165 398 192
person 0.377483 1095 204 1130 286
person 0.374575 1561 142 1579 176
person 0.352976 822 144 834 174
person 0.324525 1528 142 1546 177
person 0.321721 607 156 623 182
person 0.284808 337 165 351 196
person 0.276653 1708 208 1737 234
person 0.269885 230 161 248 193
person 0.264950 1779 201 1810 238
person 0.263295 822 162 832 180
