person 0.995107 841 257 887 371
person 0.991266 339 281 392 418
person 0.989949 257 307 312 432
person 0.984728 1141 290 1199 427
person 0.983446 1451 228 1489 325
person 0.976970 1162 385 1291 577
person 0.959046 961 341 1077 511
person 0.943753 983 217 1018 306
person 0.937964 1754 262 1811 385
person 0.911606 1040 256 1084 381
person 0.840861 1631 179 1668 256
person 0.821702 948 332 995 477
person 0.745037 419 163 435 197
person 0.712722 446 163 465 199
person 0.674286 559 156 578 187
person 0.664277 533 162 552 192
person 0.653222 491 158 508 187
person 0.483290 385 166 398 192
person 0.458552 1083 207 1120 300
person 0.395954 1672 166 1697 228
person 0.366108 1562 143 1579 176
person 0.351854 822 144 835 174
person 0.326408 1529 143 1546 176
person 0.324523 607 156 624 182
person 0.280644 336 165 350 197
person 0.277995 1791 279 1844 394
person 0.272800 230 161 248 193
person 0.257125 822 162 832 180
person 0.250924 1709 208 1738 234
person 0.993954 843 259 887 370
person 0.990171 253 308 308 430
person 0.989714 958 348 1072 510
person 0.987990 338 283 391 417
person 0.978860 1137 293 1193 427
person 0.974627 1451 228 1488 325
person 0.962921 1153 386 1270 575
person 0.955957 982 216 1017 308
person 0.949158 1035 251 1079 385
person 0.884866 1756 261 1810 385
person 0.790221 557 156 578 190
person 0.791755 1632 178 1665 256
person 0.759420 420 163 436 197
person 0.746117 931 340 979 462
person 0.686064 447 163 465 198
person 0.661867 1082 208 1119 297
person 0.556657 385 166 398 193
person 0.544158 533 162 551 192
person 0.538955 494 159 510 186
person 0.382748 1528 141 1546 177
person 0.379244 1560 142 1579 176
person 0.360071 822 143 834 174
person 0.341795 1672 164 1697 228
person 0.305166 1095 210 1132 293
person 0.292156 320 122 1868 302
person 0.278623 230 160 249 194
person 0.265096 1483 142 1501 176
person 0.257150 823 162 833 180
person 0.255457 336 165 352 198
person 0.251831 1709 208 1737 235
