person 0.996370 841 259 886 371
person 0.990669 250 314 304 437
person 0.988299 338 284 391 416
person 0.985859 948 347 1069 511
person 0.983804 1451 227 1487 324
person 0.981632 1027 253 1073 383
person 0.972112 1144 378 1248 577
person 0.940916 982 218 1015 307
person 0.921645 1136 292 1191 430
person 0.849188 1756 263 1813 385
person 0.815508 1081 210 1120 294
person 0.812913 557 156 577 190
person 0.756985 420 164 435 196
person 0.750777 923 344 970 454
person 0.746992 1630 178 1665 256
person 0.741915 449 163 467 198
person 0.617003 495 159 511 187
person 0.594628 532 161 550 191
person 0.541481 385 165 399 194
person 0.423382 1561 141 1580 176
person 0.413960 1528 141 1546 177
person 0.380337 1672 167 1697 225
person 0.355940 331 122 1854 297
person 0.296403 335 164 351 198
person 0.292331 822 163 832 181
person 0.280838 230 160 248 194
person 0.260681 822 144 834 172
person 0.253955 1709 208 1737 234
person 0.996585 248 313 305 440
person 0.993694 840 260 883 372
person 0.991669 337 284 391 416
person 0.980585 1451 230 1487 324
person 0.973259 1026 250 1072 384
person 0.969864 932 355 1022 513
person 0.959233 1128 366 1220 574
person 0.926245 978 219 1009 304
person 0.830458 557 155 578 191
person 0.793169 1135 288 1182 432
person 0.753796 421 163 437 197
person 0.740983 1757 259 1813 389
person 0.703851 1082 210 1120 293
person 0.699762 1632 184 1658 245
person 0.681084 448 163 467 199
person 0.557293 385 164 399 192
person 0.477725 533 161 550 192
person 0.476697 495 159 510 187
person 0.418819 1672 167 1698 227
person 0.386186 1746 264 1789 380
person 0.385665 1560 141 1579 176
person 0.383434 910 347 957 420
person 0.378300 1527 141 1546 177
person 0.352307 918 351 973 497
person 0.300138 230 160 248 194
person 0.255840 1 262 24 290
person 0.273005 821 144 834 174
person 0.262952 342 123 1852 304
