person 0.998189 244 316 305 438
person 0.994202 839 261 882 372
person 0.991024 336 284 391 417
person 0.985952 1450 229 1486 326
person 0.980567 1023 243 1070 389
person 0.970781 1126 375 1209 566
person 0.969125 890 345 1006 515
person 0.956038 978 220 1009 306
person 0.906071 1130 289 1179 430
person 0.889881 1744 248 1829 407
person 0.864424 556 155 578 191
person 0.808141 1631 184 1657 246
person 0.790624 421 163 437 197
person 0.706693 450 163 469 198
person 0.663973 1081 204 1117 286
person 0.580770 384 165 398 192
person 0.542995 532 160 548 189
person 0.417911 1561 142 1579 175
person 0.394755 1528 142 1546 177
person 0.378802 1673 166 1698 226
person 0.365164 1743 264 1788 382
person 0.359565 823 144 836 174
person 0.336779 362 124 1836 300
person 0.318014 497 159 511 185
person 0.294813 1056 140 1069 161
person 0.280463 230 159 249 194
person 0.259497 1708 208 1736 234
person 0.260567 1781 201 1812 238
person 0.997658 240 321 302 439
person 0.992454 334 283 391 417
person 0.991099 878 340 991 514
person 0.988468 838 262 879 370
person 0.981824 1449 229 1486 326
person 0.981779 1018 250 1070 384
person 0.973284 1121 381 1206 567
person 0.948642 977 221 1009 305
person 0.908768 1128 288 1179 431
person 0.876977 554 155 577 192
person 0.762815 421 162 438 197
person 0.758426 1631 185 1656 247
person 0.745345 1756 259 1813 390
person 0.720641 450 162 470 199
person 0.699476 1081 202 1115 287
person 0.572738 384 164 398 192
person 0.473245 1673 167 1699 225
person 0.450910 1742 263 1788 380
person 0.399664 532 160 550 191
person 0.384135 363 123 1838 301
person 0.379555 824 144 837 172
person 0.362309 1560 142 1579 176
person 0.346102 1527 142 1545 177
person 0.304060 1056 138 1070 160
person 0.294256 230 160 249 196
person 0.279217 337 164 352 195
person 0.250858 1080 214 1105 270
