person 0.997925 233 321 300 441
person 0.990076 1447 228 1486 325
person 0.989703 871 340 989 520
person 0.988134 334 284 390 416
person 0.963121 834 263 880 370
person 0.960897 1013 254 1069 384
person 0.954278 1113 379 1206 573
person 0.929688 976 222 1008 306
person 0.852425 1757 252 1812 397
person 0.844027 555 155 577 191
person 0.784815 422 163 438 197
person 0.776295 1630 184 1656 243
person 0.775201 450 162 470 200
person 0.768281 1128 291 1170 401
person 0.726157 1742 261 1786 382
person 0.652876 1082 202 1114 288
person 0.603142 384 165 398 192
person 0.488897 1672 168 1698 227
person 0.450723 532 160 550 192
person 0.419176 1527 142 1545 176
person 0.413511 335 163 350 196
person 0.395044 1560 142 1579 175
person 0.375720 229 160 248 196
person 0.362218 825 145 837 171
person 0.340594 371 122 1823 299
person 0.337509 1057 139 1070 160
person 0.293775 265 162 281 192
person 0.257024 1708 209 1737 235
person 0.997835 227 325 301 441
person 0.990126 859 348 980 519
person 0.990022 994 251 1064 384
person 0.989774 1100 379 1207 574
person 0.986389 1448 226 1483 327
person 0.984900 332 283 389 418
person 0.942452 829 263 881 370
person 0.912948 1118 291 1158 399
person 0.881681 1628 183 1655 246
person 0.866969 975 222 1006 307
person 0.852537 1754 250 1809 399
person 0.822181 554 156 577 190
person 0.785088 1080 203 1112 286
person 0.766724 1741 259 1788 382
person 0.674927 421 163 438 196
person 0.673691 450 162 471 200
person 0.595269 1674 167 1700 228
person 0.510437 335 163 351 198
person 0.486294 823 144 837 175
person 0.485085 385 165 399 192
person 0.476050 534 160 553 193
person 0.429454 229 158 248 196
person 0.418165 1527 142 1545 177
person 0.392719 1560 142 1579 175
person 0.383586 390 121 1813 299
person 0.347194 1056 138 1070 161
person 0.291230 264 161 280 191
person 0.279073 1003 139 1015 159
