person 0.988782 811 277 861 403
person 0.982387 1137 229 1171 328
person 0.980516 1803 261 1858 379
person 0.978622 1029 238 1069 412
person 0.933568 1284 200 1321 305
person 0.933064 1206 202 1242 287
person 0.922961 957 215 988 294
person 0.915712 1613 207 1649 304
person 0.884392 636 273 676 383
person 0.831273 493 164 511 197
person 0.829367 1408 213 1450 312
person 0.824780 810 234 836 291
person 0.688651 676 163 690 189
person 0.670050 1085 206 1123 312
person 0.656648 1684 212 1727 307
person 0.649286 1783 214 1815 271
person 0.645854 441 183 462 206
person 0.635093 249 132 1702 291
person 0.616910 1668 219 1710 307
person 0.596033 694 231 718 285
person 0.565378 1404 191 1433 245
person 0.552799 560 163 573 189
person 0.542124 688 219 708 265
person 0.499454 531 164 544 190
person 0.385858 607 163 619 187
person 0.359257 640 162 652 187
person 0.251033 0 264 20 292
person 0.271367 818 165 828 183
person 0.262015 1425 223 1462 308
person 0.988759 1136 229 1173 330
person 0.981905 815 274 863 404
person 0.979741 1027 240 1068 409
person 0.951045 1803 257 1857 380
person 0.941840 1206 204 1242 286
person 0.927751 1612 207 1650 303
person 0.916654 958 216 988 295
person 0.914618 1285 201 1321 303
person 0.904608 637 273 676 383
person 0.892395 1407 211 1450 313
person 0.819194 494 166 511 196
person 0.718222 1682 211 1730 309
person 0.698850 678 164 691 189
person 0.696345 440 183 462 206
person 0.646684 688 216 721 293
person 0.640033 812 235 836 288
person 0.590209 1085 206 1123 311
person 0.584131 1784 214 1816 270
person 0.580147 245 132 1705 293
person 0.579109 562 165 575 189
person 0.503692 528 165 541 190
person 0.434960 1404 191 1431 243
person 0.360416 688 219 708 265
person 0.324390 608 164 619 186
person 0.313664 637 163 649 187
person 0.312475 818 163 829 183
