person 0.995506 222 328 301 439
person 0.993564 993 251 1064 385
person 0.988108 1448 226 1483 325
person 0.983350 327 287 388 423
person 0.980786 846 336 976 519
person 0.969890 1094 379 1204 578
person 0.926326 1628 183 1654 245
person 0.906137 1115 289 1158 400
person 0.898653 1753 252 1811 394
person 0.846497 554 155 576 190
person 0.791049 1740 257 1788 381
person 0.789003 971 221 1004 307
person 0.695911 422 163 439 197
person 0.654248 450 162 470 198
person 0.576824 1675 168 1699 226
person 0.570909 822 264 870 371
person 0.545761 383 164 397 192
person 0.542193 1080 199 1108 288
person 0.498293 229 159 251 197
person 0.496330 534 160 554 192
person 0.449438 824 146 836 173
person 0.411903 368 122 1828 292
person 0.406653 606 155 622 182
person 0.397832 1526 142 1543 176
person 0.381854 336 164 351 196
person 0.357739 1055 140 1068 160
person 0.336030 1560 143 1578 174
person 0.328077 1708 208 1735 234
person 0.329030 822 162 833 179
person 0.288433 938 142 949 163
person 0.991163 1446 227 1482 326
person 0.990931 993 251 1062 385
person 0.989219 215 332 305 441
person 0.986049 326 290 389 420
person 0.981200 836 339 960 515
person 0.951874 1076 374 1194 574
person 0.926879 1753 253 1808 395
person 0.905429 1111 285 1157 407
person 0.887749 1629 184 1653 244
person 0.867046 555 156 576 190
person 0.751276 421 162 439 197
person 0.716421 451 162 472 199
person 0.678034 1740 259 1786 380
person 0.645580 821 264 869 370
person 0.633522 1674 167 1698 228
person 0.589582 970 222 1003 308
person 0.582679 532 160 551 192
person 0.531791 383 164 397 192
person 0.514748 229 159 250 196
person 0.512402 825 145 837 173
person 0.499843 1055 138 1068 162
person 0.448931 1526 143 1543 176
person 0.436698 363 121 1834 289
person 0.422096 335 164 350 197
person 0.374245 1560 144 1578 174
person 0.364280 607 155 622 182
person 0.341285 1708 208 1735 234
person 0.298095 1077 197 1106 288
person 0.297357 938 141 949 162
person 0.288702 1085 140 1098 164
person 0.271494 822 162 833 179
person 0.251959 264 162 281 193
