person 0.995525 210 329 293 439
person 0.992409 1443 227 1482 325
person 0.989824 814 344 940 521
person 0.988739 325 291 389 420
person 0.967656 992 249 1060 387
person 0.954545 1069 381 1188 573
person 0.904886 813 263 868 373
person 0.892377 1628 185 1652 241
person 0.868615 557 155 576 188
person 0.863379 1106 272 1153 445
person 0.825605 1755 251 1807 401
person 0.785965 422 163 441 198
person 0.678238 1676 168 1698 225
person 0.639451 1739 259 1784 382
person 0.635705 531 159 547 190
person 0.629762 449 162 470 198
person 0.611532 1077 200 1105 288
person 0.544485 382 165 396 191
person 0.507297 824 145 836 174
person 0.487986 606 156 620 182
person 0.413432 377 122 1816 292
person 0.404895 1562 143 1580 176
person 0.376631 1707 206 1732 233
person 0.375065 1055 139 1067 160
person 0.356515 1526 142 1543 174
person 0.315098 1096 281 1172 511
person 0.994932 202 326 292 440
person 0.992054 323 298 390 418
person 0.991690 1444 227 1482 325
person 0.987484 807 348 908 525
person 0.978077 991 250 1053 383
person 0.931910 808 265 866 374
person 0.908797 1628 184 1652 242
person 0.848791 1067 373 1187 569
person 0.849207 1753 251 1805 400
person 0.804548 557 156 575 188
person 0.781372 1043 369 1130 570
person 0.768021 1103 278 1146 442
person 0.727828 420 162 442 199
person 0.723515 1677 169 1699 224
person 0.634731 530 158 549 190
person 0.618117 822 144 835 174
person 0.601175 1076 208 1102 301
person 0.561139 447 162 470 198
person 0.478505 1563 144 1580 174
person 0.462968 1526 143 1543 173
person 0.384258 383 166 397 192
person 0.377888 606 156 621 181
person 0.337983 1705 206 1732 233
person 0.329000 1090 278 1165 518
person 0.303091 387 118 1800 296
person 0.295025 1054 139 1066 159
