person 0.991761 229 256 274 349
person 0.967811 1206 247 1286 342
person 0.965605 1434 266 1496 388
person 0.963514 895 209 917 267
person 0.963789 304 236 342 324
person 0.960295 161 253 199 357
person 0.955485 1722 215 1762 318
person 0.954867 1128 219 1166 305
person 0.936786 1380 195 1413 290
person 0.932584 1024 212 1062 303
person 0.932310 382 221 415 306
person 0.869122 1289 203 1325 287
person 0.846774 522 205 552 286
person 0.774534 617 208 651 280
person 0.596364 1221 201 1252 244
person 0.485798 528 236 550 278
person 0.486460 0 259 20 299
person 0.487142 216 127 1723 280
person 0.455136 488 158 506 187
person 0.453043 553 155 569 183
person 0.433824 456 159 480 194
person 0.341267 605 158 619 180
person 0.317165 531 157 546 184
person 0.311674 685 157 698 179
person 0.986479 1132 217 1173 307
person 0.986134 231 255 274 347
person 0.963877 159 254 200 356
person 0.958595 1433 267 1510 385
person 0.953732 1229 246 1297 344
person 0.953140 307 233 345 326
person 0.939189 1728 223 1768 324
person 0.926830 383 221 416 307
person 0.925161 1035 213 1065 302
person 0.918085 897 212 921 266
person 0.870924 1226 198 1254 242
person 0.866636 523 206 556 286
person 0.859636 1378 196 1411 288
person 0.854771 620 208 658 280
person 0.757395 1295 202 1331 287
person 0.648622 487 157 505 188
person 0.583075 1389 206 1425 283
person 0.527754 455 160 478 194
person 0.503812 223 127 1712 289
person 0.440802 553 155 569 183
person 0.385487 627 233 654 273
person 0.386821 528 233 551 277
person 0.364060 0 260 20 298
person 0.329023 603 158 618 180
person 0.294882 534 157 549 185
