person 0.983671 232 255 274 347
person 0.980463 1242 244 1303 346
person 0.979572 1135 217 1177 310
person 0.969776 1038 213 1066 303
person 0.969472 165 256 209 357
person 0.951199 1729 217 1772 315
person 0.935446 315 233 356 319
person 0.914603 903 213 923 267
person 0.908574 385 220 417 310
person 0.862202 1230 199 1257 248
person 0.851032 621 209 661 280
person 0.841836 1396 206 1429 285
person 0.829761 1448 268 1519 374
person 0.737188 1302 202 1337 285
person 0.711392 525 206 557 285
person 0.590053 487 157 504 188
person 0.561687 627 232 657 274
person 0.510666 257 129 1690 286
person 0.455866 0 259 21 301
person 0.401139 457 161 479 193
person 0.384323 1369 195 1401 287
person 0.369799 531 233 553 277
person 0.369137 553 155 569 183
person 0.363218 532 157 547 184
person 0.281294 1370 216 1394 261
person 0.290026 684 158 697 179
person 0.272362 605 158 619 180
person 0.987401 237 251 288 352
person 0.984233 165 256 211 355
person 0.979167 1736 224 1776 325
person 0.973240 1141 217 1187 310
person 0.970774 315 232 359 322
person 0.969668 1252 244 1313 346
person 0.964594 1043 212 1070 304
person 0.959130 1397 209 1437 282
person 0.944095 1456 267 1536 377
person 0.900703 1234 196 1262 247
person 0.901502 905 210 926 268
person 0.888039 622 209 667 280
person 0.885187 385 221 418 308
person 0.738968 525 206 560 285
person 0.662250 487 157 504 186
person 0.591699 1363 208 1391 261
person 0.595016 1305 201 1341 280
person 0.573736 257 132 1693 277
person 0.572651 554 155 570 183
person 0.467148 632 222 660 264
person 0.448519 0 258 20 304
person 0.426052 456 161 479 193
person 0.422124 683 157 697 180
person 0.373584 606 158 620 179
person 0.373222 530 157 544 183
person 0.299185 1699 169 1724 221
