person 0.989476 240 249 287 352
person 0.984633 167 254 211 356
person 0.978869 319 231 360 323
person 0.971382 1048 213 1077 304
person 0.969806 1403 208 1442 282
person 0.967166 1742 227 1779 323
person 0.960141 1143 220 1194 307
person 0.955590 1275 247 1319 345
person 0.921507 1467 270 1543 370
person 0.876116 526 212 565 290
person 0.839831 382 228 422 319
person 0.835562 625 208 669 280
person 0.791755 917 212 939 267
person 0.768366 1237 197 1265 252
person 0.733062 489 159 504 186
person 0.617324 633 220 662 265
person 0.630000 908 212 929 264
person 0.611734 557 156 570 182
person 0.571501 1325 206 1354 262
person 0.508420 242 134 1701 273
person 0.480423 532 234 554 275
person 0.498674 1356 191 1383 251
person 0.494985 0 257 19 306
person 0.459036 606 159 618 180
person 0.363686 684 158 695 179
person 0.355171 458 162 479 192
person 0.350171 700 157 713 181
person 0.349781 1698 169 1723 222
person 0.332883 526 159 538 181
person 0.991057 241 248 289 352
person 0.986679 324 230 367 324
person 0.984373 167 253 212 358
person 0.984105 1281 245 1327 346
person 0.971722 1147 218 1195 304
person 0.966088 1052 213 1079 304
person 0.964798 1745 230 1782 321
person 0.950061 1500 269 1557 366
person 0.920725 1414 209 1449 281
person 0.896292 1246 195 1275 251
person 0.836146 631 216 678 289
person 0.814614 917 211 940 272
person 0.806382 392 217 427 314
person 0.759286 489 160 505 187
person 0.708209 532 207 563 286
person 0.588914 1060 216 1093 304
person 0.583367 558 157 572 183
person 0.545845 240 134 1712 273
person 0.537017 1334 196 1366 249
person 0.451974 0 257 19 307
person 0.373380 606 159 617 178
person 0.367212 1699 172 1723 222
person 0.357993 458 162 479 192
person 0.357108 700 157 714 182
person 0.345402 520 160 533 183
person 0.296994 638 222 665 264
person 0.326522 686 158 698 179
person 0.282641 634 238 658 270
person 0.280177 984 139 996 160
person 0.276918 782 147 793 166
person 0.273597 822 167 833 182
person 0.266532 850 144 861 164
