person 0.994117 246 247 291 355
person 0.987734 330 228 371 324
person 0.987173 168 254 212 359
person 0.981093 1292 244 1332 347
person 0.970941 1745 233 1785 319
person 0.952171 1253 196 1281 249
person 0.952346 1513 268 1566 369
person 0.938137 1059 212 1093 304
person 0.918651 394 218 428 312
person 0.907590 920 210 945 272
person 0.887152 1166 218 1203 308
person 0.808201 1418 208 1451 280
person 0.707905 488 159 505 186
person 0.684340 530 212 566 289
person 0.671529 1333 196 1366 279
person 0.585168 558 157 572 183
person 0.529229 242 132 1708 276
person 0.508638 638 210 679 279
person 0.474772 0 257 20 307
person 0.454359 685 158 697 179
person 0.402789 520 159 532 182
person 0.363607 640 221 668 266
person 0.293531 636 239 657 269
person 0.355191 700 158 714 181
person 0.348176 1698 174 1722 223
person 0.325000 457 162 479 193
person 0.293990 535 216 558 269
person 0.304019 606 159 618 179
person 0.252117 822 168 832 181
person 0.995525 246 247 292 355
person 0.984721 1058 213 1095 306
person 0.983327 170 253 212 359
person 0.981533 332 227 371 322
person 0.956673 1259 195 1285 244
person 0.945781 1169 218 1203 307
person 0.942946 1530 269 1585 374
person 0.932220 924 212 948 270
person 0.928511 1297 244 1346 346
person 0.903206 1747 235 1786 319
person 0.892458 393 227 432 320
person 0.733017 530 212 566 290
person 0.726474 1429 210 1459 270
person 0.655993 488 159 503 185
person 0.554395 1334 197 1371 276
person 0.553393 250 134 1701 271
person 0.506412 560 158 573 182
person 0.441212 685 158 698 179
person 0.434241 649 210 684 281
person 0.398460 550 233 573 277
person 0.411906 606 159 619 179
person 0.393137 520 159 532 181
person 0.389065 0 257 21 305
person 0.299342 639 239 661 269
person 0.325934 458 162 478 191
person 0.314974 1701 174 1724 222
person 0.301595 781 147 792 166
person 0.285921 823 167 833 181
