person 0.996773 248 246 293 354
person 0.988477 172 253 212 359
person 0.985192 332 230 376 323
person 0.982452 1062 212 1098 310
person 0.975144 1544 269 1593 364
person 0.970430 1176 218 1211 306
person 0.964750 1263 195 1288 243
person 0.947089 929 212 951 268
person 0.941555 1310 239 1370 329
person 0.938648 395 225 435 326
person 0.897603 1755 232 1798 321
person 0.851130 1432 208 1464 274
person 0.756478 651 214 685 291
person 0.740972 530 213 567 289
person 0.690767 486 159 503 186
person 0.507667 560 157 574 181
person 0.459818 0 258 20 305
person 0.458560 1339 195 1369 248
person 0.449975 258 135 1699 269
person 0.410539 548 230 574 278
person 0.343010 657 230 680 276
person 0.381096 606 159 619 179
person 0.323763 520 159 533 181
person 0.319563 781 147 792 165
person 0.306663 822 167 832 180
person 0.273500 702 157 715 181
person 0.270870 457 163 479 192
person 0.253267 1699 173 1724 223
person 0.996761 248 246 295 354
person 0.987912 1182 216 1215 305
person 0.985663 174 250 213 358
person 0.979519 1553 264 1604 379
person 0.975910 1067 215 1101 306
person 0.969198 931 212 954 268
person 0.967067 1316 231 1377 342
person 0.964518 1268 194 1293 242
person 0.955438 335 229 379 321
person 0.946560 398 223 438 326
person 0.942459 1756 230 1802 321
person 0.887177 1434 205 1471 283
person 0.817540 655 212 687 291
person 0.708868 1355 200 1387 276
person 0.672878 485 158 502 186
person 0.634965 559 156 573 183
person 0.567498 540 213 575 290
person 0.466333 549 230 573 278
person 0.455262 261 136 1699 268
person 0.434621 0 257 19 307
person 0.394524 662 230 684 276
person 0.397621 1699 175 1724 223
person 0.390340 1332 196 1358 243
person 0.378181 689 158 702 182
person 0.362334 607 159 620 180
person 0.345104 822 167 832 181
person 0.286327 525 157 538 181
person 0.285968 699 156 714 182
person 0.252989 534 228 556 282
person 0.254525 782 148 792 165
person 0.254948 457 163 479 193
