person 0.996038 249 246 299 354
person 0.988317 175 250 215 357
person 0.978986 1188 218 1222 304
person 0.970513 1758 228 1807 319
person 0.969121 1322 230 1388 340
person 0.965577 1563 260 1621 381
person 0.962828 1273 194 1299 246
person 0.962591 1073 216 1103 302
person 0.958765 935 211 957 270
person 0.944651 402 226 437 323
person 0.941434 1441 204 1477 286
person 0.940717 339 232 379 317
person 0.851837 657 212 690 291
person 0.666898 485 158 502 187
person 0.656199 559 156 573 184
person 0.641817 542 206 572 285
person 0.602216 1359 199 1393 277
person 0.594481 1324 194 1350 252
person 0.442046 321 136 1891 263
person 0.434424 1698 173 1724 223
person 0.395678 665 230 687 276
person 0.380396 0 254 16 313
person 0.369071 822 167 833 182
person 0.320393 606 159 620 179
person 0.320178 689 157 702 181
person 0.297759 699 156 715 182
person 0.297398 781 147 791 165
person 0.281503 551 231 573 275
person 0.263178 977 141 988 160
person 0.995537 251 246 301 353
person 0.987958 175 249 217 360
person 0.981246 1191 219 1228 304
person 0.961376 1760 223 1809 306
person 0.954463 938 209 959 273
person 0.947523 1079 220 1109 307
person 0.937823 1574 256 1631 389
person 0.921409 1321 248 1400 339
person 0.920426 1444 205 1483 284
person 0.911698 343 231 380 323
person 0.909869 406 231 441 323
person 0.839497 671 215 696 269
person 0.836082 1277 193 1300 243
person 0.820452 541 207 574 285
person 0.723264 484 158 502 187
person 0.678049 1322 194 1347 251
person 0.621616 558 156 573 183
person 0.582701 259 134 1699 271
person 0.519693 1368 201 1397 260
person 0.511572 1290 194 1311 244
person 0.369603 687 156 701 181
person 0.352541 0 252 16 313
person 0.351955 821 168 832 182
person 0.328901 441 181 465 203
person 0.310628 1700 169 1725 222
person 0.284783 550 230 574 276
person 0.277492 606 159 621 179
person 0.273465 457 162 479 193
