person 0.995758 252 250 303 353
person 0.984983 176 250 218 360
person 0.979242 1192 216 1230 309
person 0.966694 1581 257 1638 386
person 0.948651 1082 222 1115 308
person 0.945735 1762 220 1816 309
person 0.941843 1448 207 1490 282
person 0.939393 1352 246 1405 342
person 0.926091 942 212 961 268
person 0.903960 414 231 448 322
person 0.830136 345 234 381 319
person 0.791894 674 216 698 271
person 0.726063 1291 193 1315 249
person 0.717668 548 209 571 279
person 0.647531 485 158 502 187
person 0.578023 558 155 573 184
person 0.515942 1320 190 1346 253
person 0.516766 255 135 1698 274
person 0.468047 1372 197 1406 276
person 0.457313 0 229 23 374
person 0.396073 1279 195 1301 238
person 0.365200 1701 169 1726 223
person 0.360960 607 158 621 181
person 0.285587 819 167 829 181
person 0.280936 781 149 792 167
person 0.274074 456 163 479 194
person 0.996982 254 250 303 351
person 0.991464 177 251 219 360
person 0.967786 1200 211 1243 310
person 0.966500 1584 258 1654 381
person 0.939908 417 231 450 321
person 0.934177 1765 221 1817 307
person 0.912515 672 208 707 282
person 0.907373 943 210 965 269
person 0.901674 544 205 573 286
person 0.891338 1360 247 1418 344
person 0.873337 1085 219 1117 307
person 0.863991 358 232 391 326
person 0.795303 1294 192 1320 247
person 0.693111 483 158 500 187
person 0.607134 1449 206 1493 277
person 0.605290 559 155 574 183
person 0.506249 276 131 1675 271
person 0.503068 1378 198 1412 278
person 0.430916 952 215 974 269
person 0.409387 0 232 23 370
person 0.393256 606 158 620 181
person 0.366936 1321 194 1346 251
person 0.320563 1295 187 1338 258
person 0.319358 1701 165 1727 225
person 0.316231 441 179 464 202
person 0.291756 1 254 18 310
person 0.285744 820 167 830 181
person 0.264707 979 140 989 159
person 0.259828 455 163 477 194
person 0.255566 1145 146 1157 164
