person 0.995848 258 251 305 353
person 0.990113 177 250 221 362
person 0.974439 1202 213 1248 307
person 0.974254 1767 220 1821 308
person 0.966152 418 229 455 319
person 0.924876 1604 257 1662 380
person 0.918709 676 209 712 283
person 0.900140 359 235 394 324
person 0.899067 546 206 575 285
person 0.891945 1296 186 1338 260
person 0.865149 1086 219 1119 305
person 0.849251 1469 208 1502 269
person 0.803117 953 215 975 271
person 0.695058 945 212 966 265
person 0.694275 483 157 500 187
person 0.656694 559 154 574 185
person 0.643886 1386 242 1430 349
person 0.480235 251 132 1705 273
person 0.448545 1 252 18 313
person 0.421729 1378 187 1417 327
person 0.382642 701 156 716 182
person 0.359705 604 159 619 181
person 0.328456 1702 167 1728 224
person 0.299925 553 229 573 274
person 0.296674 348 233 371 286
person 0.289592 456 163 478 194
person 0.274814 819 166 829 181
person 0.254036 781 149 792 166
person 0.254243 0 232 23 368
person 0.996739 260 253 309 352
person 0.991572 178 250 221 362
person 0.983874 1209 214 1254 308
person 0.977776 1769 222 1824 308
person 0.967112 1621 264 1669 352
person 0.948126 1091 213 1134 315
person 0.947872 548 205 575 287
person 0.939633 417 228 457 319
person 0.927405 953 208 976 275
person 0.922171 365 233 401 324
person 0.902293 1476 206 1507 271
person 0.892370 1299 186 1336 260
person 0.791708 1388 242 1432 349
person 0.763483 681 215 710 272
person 0.715740 485 158 502 187
person 0.614616 559 156 573 184
person 0.509892 348 233 381 319
person 0.488078 235 130 1719 271
person 0.388905 0 233 23 369
person 0.382529 1 251 19 315
person 0.380947 946 212 967 262
person 0.357674 1702 170 1728 223
person 0.357024 703 156 718 182
person 0.347863 1390 196 1426 281
person 0.335229 604 159 619 181
person 0.305107 693 216 717 267
person 0.283324 524 159 537 182
person 0.263606 442 179 464 202
