person 0.991632 1137 227 1173 329
person 0.976521 1026 242 1068 408
person 0.948069 1205 204 1242 286
person 0.940442 637 272 676 384
person 0.935663 1284 200 1321 304
person 0.927301 1612 208 1651 305
person 0.924794 1805 259 1861 380
person 0.920959 818 267 863 407
person 0.911052 958 215 989 294
person 0.898120 1408 212 1449 313
person 0.800431 494 166 510 196
person 0.741388 1681 214 1729 307
person 0.718106 678 165 691 190
person 0.704333 440 182 462 206
person 0.654185 689 218 720 294
person 0.647623 1085 206 1122 314
person 0.626673 814 236 840 288
person 0.585143 265 131 1688 293
person 0.569516 563 166 576 190
person 0.562772 1785 213 1816 270
person 0.432872 527 166 540 190
person 0.414113 1404 193 1430 243
person 0.391405 639 164 651 188
person 0.318372 607 163 619 187
person 0.250547 0 264 22 292
person 0.273018 688 220 709 265
person 0.989148 1137 227 1174 328
person 0.970010 1025 244 1068 407
person 0.957763 637 270 677 387
person 0.944718 1205 203 1242 285
person 0.940396 1283 200 1321 305
person 0.930910 823 265 866 410
person 0.926992 1807 262 1862 379
person 0.909636 1613 209 1652 306
person 0.901515 958 215 989 294
person 0.898046 1409 214 1448 311
person 0.807185 494 166 511 196
person 0.803298 1683 214 1731 307
person 0.744950 690 217 720 293
person 0.697151 440 182 462 206
person 0.670764 678 164 692 189
person 0.620205 563 166 576 191
person 0.579171 813 235 840 290
person 0.557449 1085 204 1122 316
person 0.536172 1784 214 1817 271
person 0.535262 240 130 1712 294
person 0.528019 1663 219 1712 307
person 0.505179 526 165 539 190
person 0.386645 639 163 652 188
person 0.363463 607 162 620 187
person 0.320856 1404 193 1430 242
