person 0.995286 265 252 307 350
person 0.991816 180 251 224 362
person 0.977964 1216 215 1256 307
person 0.976500 428 230 470 323
person 0.957441 1772 222 1827 305
person 0.953913 375 231 406 325
person 0.940326 1094 216 1134 314
person 0.935141 1477 206 1516 282
person 0.920460 1398 244 1437 352
person 0.912929 1631 265 1678 370
person 0.911474 955 211 977 271
person 0.874977 548 206 579 286
person 0.854530 1301 190 1330 249
person 0.645324 483 158 501 188
person 0.638909 350 232 379 317
person 0.631971 693 215 718 271
person 0.586398 560 157 576 185
person 0.513507 241 135 1709 274
person 0.488273 683 219 710 270
person 0.479743 1 249 22 314
person 0.452268 1394 193 1431 280
person 0.420046 556 228 576 275
person 0.416739 706 156 720 182
person 0.354910 604 159 620 183
person 0.340453 419 222 447 309
person 0.307563 0 232 25 369
person 0.294462 523 160 537 183
person 0.293552 1703 170 1728 223
person 0.285415 440 179 464 203
person 0.278832 1709 200 1739 233
person 0.271719 819 167 829 181
person 0.993748 267 253 308 351
person 0.990047 181 251 224 360
person 0.969587 1646 267 1694 370
person 0.968558 1223 218 1262 304
person 0.967640 1095 218 1134 308
person 0.932552 957 210 980 272
person 0.929270 430 229 472 321
person 0.926278 1485 205 1520 282
person 0.913833 375 230 405 325
person 0.912811 549 205 579 286
person 0.892566 1779 222 1826 306
person 0.783872 1406 237 1447 331
person 0.745851 694 214 720 272
person 0.724028 1301 193 1328 247
person 0.692440 483 158 501 188
person 0.649970 560 157 575 184
person 0.623999 349 229 380 321
person 0.589230 1 249 23 315
person 0.590558 1405 195 1434 250
person 0.578036 415 228 451 318
person 0.552402 227 134 1715 274
person 0.432139 1702 171 1727 224
person 0.415440 706 156 720 182
person 0.375298 523 159 536 182
person 0.368959 607 159 623 182
person 0.283348 818 166 828 180
person 0.257833 1144 146 1158 165
