person 0.991275 268 254 308 348
person 0.990551 181 252 226 361
person 0.971887 1228 220 1266 305
person 0.965244 1096 219 1135 310
person 0.957337 1656 264 1702 370
person 0.931654 1491 203 1523 282
person 0.928663 961 213 984 269
person 0.919620 374 232 406 325
person 0.918288 439 234 477 322
person 0.880694 698 213 724 275
person 0.880450 551 205 582 287
person 0.860369 1781 221 1827 308
person 0.841233 1407 244 1456 347
person 0.811479 1408 196 1438 253
person 0.720051 559 156 574 183
person 0.681415 482 159 501 189
person 0.628451 0 234 26 323
person 0.593201 1298 193 1328 245
person 0.571156 229 135 1712 276
person 0.537244 605 159 620 183
person 0.487141 349 233 381 319
person 0.451236 410 229 444 322
person 0.427813 1703 173 1728 225
person 0.373395 557 228 579 277
person 0.372790 439 178 463 203
person 0.355860 523 159 537 182
person 0.351708 978 144 988 162
person 0.299244 446 237 471 286
person 0.298595 707 159 720 181
person 0.253573 817 167 827 180
person 0.991099 182 252 226 362
person 0.987915 268 254 310 349
person 0.969178 1097 220 1137 309
person 0.955567 1667 262 1713 382
person 0.948138 962 206 986 268
person 0.913438 1234 221 1266 306
person 0.907319 1792 221 1833 301
person 0.896056 372 231 405 322
person 0.894868 446 233 482 325
person 0.877380 1431 240 1474 333
person 0.847495 1491 202 1526 278
person 0.843726 552 205 584 287
person 0.743651 0 231 27 325
person 0.740475 560 156 576 184
person 0.696198 704 227 727 280
person 0.672153 1414 195 1443 255
person 0.665022 405 227 442 322
person 0.655090 481 159 501 189
person 0.640477 1299 195 1330 244
person 0.605011 220 136 1735 274
person 0.542020 606 158 622 182
person 0.472001 348 232 382 317
person 0.462072 707 158 721 182
person 0.433404 558 227 581 278
person 0.406103 1703 173 1729 225
person 0.393594 448 236 474 289
person 0.361419 439 178 462 204
person 0.330192 1502 208 1533 265
person 0.326872 522 159 536 182
person 0.298291 817 167 827 180
person 0.259932 3 252 22 309
