person 0.988858 184 252 227 363
person 0.985604 271 251 324 353
person 0.974825 1098 221 1138 307
person 0.971094 452 236 488 324
person 0.929473 554 206 586 287
person 0.924429 1501 202 1539 276
person 0.897121 1795 218 1833 302
person 0.890069 1427 246 1484 343
person 0.883797 1677 262 1728 375
person 0.859159 965 209 988 268
person 0.859522 1242 215 1278 306
person 0.851101 403 228 438 321
person 0.807508 362 235 396 321
person 0.778004 0 237 27 324
person 0.728700 561 157 576 186
person 0.721945 484 159 501 188
person 0.701968 224 136 1732 276
person 0.653472 711 231 733 281
person 0.630664 706 211 737 296
person 0.627937 603 159 618 184
person 0.563199 1296 191 1329 239
person 0.513187 708 159 720 180
person 0.505307 1420 198 1447 264
person 0.438156 559 228 582 277
person 0.397687 367 234 389 289
person 0.381346 1703 172 1728 226
person 0.354034 526 158 538 182
person 0.327234 440 179 462 204
person 0.274656 353 234 378 285
person 0.267590 979 142 988 161
person 0.253112 818 168 827 180
person 0.991924 272 250 326 353
person 0.989156 184 253 229 363
person 0.980447 456 235 490 326
person 0.976444 1103 219 1138 305
person 0.966067 1680 250 1738 392
person 0.954203 555 205 587 287
person 0.939630 1506 201 1546 276
person 0.925126 1247 214 1283 307
person 0.912627 967 209 990 267
person 0.872884 1800 215 1836 300
person 0.858732 358 235 392 320
person 0.829692 0 234 26 324
person 0.827371 401 232 436 316
person 0.766598 483 158 500 188
person 0.749173 560 157 576 186
person 0.738763 1429 255 1497 339
person 0.731521 715 215 738 267
person 0.692893 1427 195 1460 271
person 0.684006 228 136 1710 281
person 0.668344 1321 191 1349 242
person 0.655301 1295 188 1324 238
person 0.543356 604 158 620 182
person 0.452758 707 158 720 180
person 0.395052 714 238 736 276
person 0.425486 524 159 537 182
person 0.408658 440 178 462 205
person 0.341318 560 230 582 276
person 0.281333 1702 172 1729 226
person 0.270084 364 236 389 288
person 0.269277 229 160 250 195
