person 0.994022 275 248 325 354
person 0.983433 188 254 230 363
person 0.979358 1100 220 1142 310
person 0.953494 1686 257 1748 382
person 0.944982 968 212 992 268
person 0.943584 455 240 492 326
person 0.936911 402 234 435 316
person 0.933075 1251 215 1290 305
person 0.917894 1430 194 1461 273
person 0.910599 1510 201 1551 277
person 0.845119 0 234 27 323
person 0.832340 1799 214 1837 301
person 0.825022 556 206 589 286
person 0.798701 1431 261 1511 338
person 0.795404 1323 191 1352 248
person 0.694546 359 236 390 316
person 0.690231 561 157 576 186
person 0.682173 218 136 1732 278
person 0.641573 484 158 500 186
person 0.639505 1292 192 1320 243
person 0.535010 720 214 745 271
person 0.510060 603 158 617 183
person 0.384025 1702 171 1730 229
person 0.355385 561 230 582 276
person 0.360651 439 179 463 206
person 0.349781 524 160 536 182
person 0.293857 978 142 988 162
person 0.264108 710 159 723 180
person 0.261930 819 167 829 180
person 0.994291 278 248 327 352
person 0.985825 1689 254 1763 382
person 0.980244 1103 218 1144 310
person 0.979793 190 253 233 364
person 0.943108 970 211 994 268
person 0.937590 404 233 442 314
person 0.935488 1258 209 1300 307
person 0.925703 1452 245 1522 343
person 0.919425 1801 215 1838 300
person 0.898237 1518 201 1556 278
person 0.895122 464 239 503 324
person 0.888404 558 205 592 286
person 0.875437 1434 194 1467 271
person 0.852100 359 235 393 316
person 0.852163 0 234 28 322
person 0.818984 1324 189 1356 249
person 0.759801 561 157 577 185
person 0.687135 484 158 500 185
person 0.627802 715 215 752 289
person 0.593637 229 138 1726 275
person 0.567632 604 158 619 182
person 0.435871 718 234 742 277
person 0.434036 439 179 464 207
person 0.423176 710 158 723 179
person 0.345794 563 234 583 273
person 0.295768 366 254 388 299
person 0.319082 980 142 990 161
person 0.289628 1701 172 1729 227
person 0.289365 525 159 538 181
person 0.282658 819 167 828 181
