person 0.995476 281 248 329 357
person 0.985186 1104 218 1147 310
person 0.975512 192 254 235 363
person 0.969908 467 239 510 323
person 0.951934 559 205 594 287
person 0.947999 1258 206 1304 308
person 0.942651 411 232 450 318
person 0.939287 360 232 396 317
person 0.932355 1465 243 1534 344
person 0.925316 972 214 996 267
person 0.922561 0 234 28 322
person 0.913779 1802 214 1842 300
person 0.883224 1326 190 1357 251
person 0.866327 1692 256 1767 377
person 0.841064 1525 202 1560 276
person 0.824457 1442 192 1473 257
person 0.746472 562 157 577 185
person 0.702634 725 206 756 285
person 0.625072 484 159 500 184
person 0.562844 603 158 618 183
person 0.553964 222 136 1739 272
person 0.443065 522 161 535 182
person 0.383258 712 160 723 179
person 0.342938 438 180 464 208
person 0.340531 1052 142 1063 161
person 0.323108 1702 172 1729 227
person 0.302522 565 216 588 268
person 0.264766 819 168 828 180
person 0.267469 979 142 989 161
person 0.995318 281 248 330 356
person 0.985975 1106 216 1148 310
person 0.983474 470 236 515 328
person 0.976251 195 253 235 364
person 0.960254 559 206 594 286
person 0.943470 973 208 997 269
person 0.938834 1259 210 1306 307
person 0.930806 1808 215 1845 297
person 0.915545 1711 260 1782 375
person 0.902635 361 233 399 313
person 0.891613 413 229 452 321
person 0.888244 1328 191 1357 249
person 0.849294 1447 192 1476 255
person 0.848000 0 232 28 322
person 0.831267 1497 246 1546 346
person 0.801477 1481 247 1532 325
person 0.780135 724 212 762 292
person 0.748668 562 157 577 186
person 0.638359 483 158 500 185
person 0.619883 603 157 618 183
person 0.616058 1530 203 1562 264
person 0.527381 209 134 1755 275
person 0.380194 523 161 536 181
person 0.272797 368 254 392 297
person 0.309839 439 179 464 206
person 0.260072 5 252 23 307
person 0.291400 1053 141 1064 160
person 0.267958 820 167 830 180
person 0.255859 979 141 989 161
