person 0.996961 282 248 332 354
person 0.988950 481 235 521 331
person 0.987005 1106 216 1149 308
person 0.972339 196 254 236 362
person 0.969896 1718 264 1788 372
person 0.966238 1329 192 1359 249
person 0.956488 974 213 1000 270
person 0.953249 561 206 596 286
person 0.944020 1501 244 1548 348
person 0.943590 1263 210 1308 306
person 0.920393 365 233 404 312
person 0.911329 732 211 767 293
person 0.878406 414 229 457 323
person 0.832126 1455 192 1486 271
person 0.828328 0 232 27 323
person 0.823330 1536 204 1575 276
person 0.786500 561 157 577 186
person 0.728443 1812 216 1847 301
person 0.604271 429 219 463 302
person 0.596182 604 157 619 183
person 0.582844 485 159 501 185
person 0.556925 193 135 1767 270
person 0.492628 1702 171 1728 226
person 0.335829 373 250 399 299
person 0.336425 522 161 535 181
person 0.313906 439 179 464 206
person 0.255207 4 254 22 305
person 0.273776 818 168 828 182
person 0.276375 712 160 723 178
person 0.997216 282 248 331 354
person 0.988714 483 236 525 327
person 0.983534 1108 216 1148 308
person 0.983283 561 206 596 287
person 0.969065 1331 190 1361 249
person 0.960656 1729 261 1800 367
person 0.959665 1505 239 1557 349
person 0.954371 196 254 237 362
person 0.953151 1261 209 1309 304
person 0.938985 737 210 771 294
person 0.922808 976 208 1000 270
person 0.912404 366 233 406 311
person 0.893342 415 229 457 323
person 0.849807 1459 192 1488 270
person 0.841710 0 232 29 320
person 0.774676 561 157 577 187
person 0.665752 1541 203 1579 276
person 0.614881 204 138 1757 269
person 0.602120 1816 219 1852 302
person 0.575613 484 159 501 185
person 0.557796 602 157 618 183
person 0.399341 1704 173 1731 224
person 0.332764 439 178 464 207
person 0.330199 522 160 535 182
person 0.289741 817 169 828 182
person 0.288147 1264 192 1287 237
