person 0.997513 284 251 332 352
person 0.980967 1111 217 1148 305
person 0.970547 564 205 597 288
person 0.966138 1334 190 1363 247
person 0.962824 491 238 529 323
person 0.955297 1515 238 1562 352
person 0.948391 1749 264 1812 366
person 0.940472 203 253 247 362
person 0.902845 1275 217 1317 306
person 0.893393 978 208 1000 269
person 0.888746 1463 195 1496 268
person 0.867010 370 232 406 311
person 0.808812 428 219 465 312
person 0.770177 562 158 577 186
person 0.742150 0 234 30 321
person 0.659149 748 214 770 271
person 0.642128 486 158 502 187
person 0.622976 1818 221 1858 302
person 0.616002 1704 168 1732 226
person 0.586863 606 158 620 182
person 0.560306 207 137 1749 273
person 0.544178 1550 198 1583 250
person 0.495028 742 212 776 294
person 0.468012 1258 194 1282 237
person 0.368780 820 165 830 181
person 0.365539 522 160 535 182
person 0.300570 1257 195 1296 295
person 0.268292 4 254 24 308
person 0.996890 285 251 335 352
person 0.985428 1763 260 1814 353
person 0.981539 1110 219 1147 303
person 0.976741 1280 222 1323 308
person 0.962893 565 205 598 287
person 0.961698 1468 194 1500 268
person 0.959905 205 253 247 363
person 0.958680 424 228 469 329
person 0.948627 1337 189 1365 247
person 0.913094 500 239 538 330
person 0.897414 979 207 1002 271
person 0.893447 375 224 405 308
person 0.877539 1525 233 1589 332
person 0.875867 747 212 779 294
person 0.850261 0 234 33 319
person 0.738212 562 158 577 186
person 0.608611 1705 171 1734 228
person 0.592688 604 158 618 183
person 0.589415 224 134 1731 274
person 0.565740 486 159 502 186
person 0.546680 1253 195 1277 241
person 0.499073 1821 219 1858 301
person 0.363327 751 234 771 275
person 0.371664 1551 198 1585 248
person 0.360090 820 163 830 182
person 0.302287 1256 220 1279 254
person 0.291720 1262 215 1301 301
person 0.274020 439 178 463 206
