person 0.997382 286 251 336 353
person 0.982099 1769 251 1824 389
person 0.978688 1284 221 1327 310
person 0.974409 428 227 472 329
person 0.972603 1109 218 1147 303
person 0.969597 205 252 248 363
person 0.967192 1471 194 1506 268
person 0.959392 502 238 540 330
person 0.945312 1534 236 1593 334
person 0.923274 1337 189 1364 246
person 0.903585 753 212 783 293
person 0.859723 981 209 1003 269
person 0.860357 1 233 34 317
person 0.851626 568 207 600 285
person 0.789910 377 223 409 310
person 0.695338 1250 210 1276 258
person 0.686941 564 159 578 185
person 0.628717 605 158 619 183
person 0.609694 487 158 502 186
person 0.589549 1704 172 1734 229
person 0.544375 754 229 775 279
person 0.489345 245 134 1708 273
person 0.361630 989 208 1012 262
person 0.331750 523 159 535 181
person 0.291215 1558 197 1588 247
person 0.997378 288 252 336 354
person 0.985178 504 241 544 329
person 0.977045 1289 219 1330 308
person 0.975699 432 230 477 328
person 0.974383 206 251 247 364
person 0.962753 1474 194 1511 269
person 0.962440 1777 251 1827 390
person 0.955587 1110 217 1147 300
person 0.914931 569 206 600 285
person 0.898837 1539 232 1598 339
person 0.882066 755 214 787 293
person 0.866245 1340 186 1367 244
person 0.837088 1 233 37 316
person 0.830065 980 210 1004 269
person 0.828615 378 223 409 310
person 0.698256 563 159 577 184
person 0.670230 487 158 502 186
person 0.561412 606 159 619 181
person 0.473326 758 234 779 277
person 0.517911 1705 170 1733 227
person 0.515192 1245 195 1273 251
person 0.510844 243 136 1707 277
person 0.405261 1562 197 1595 248
person 0.361076 524 160 536 181
person 0.351290 990 210 1013 260
person 0.340961 1822 215 1859 269
person 0.337485 1793 255 1850 355
person 0.320778 823 162 833 180
