person 0.997856 290 251 339 353
person 0.985920 1293 217 1333 307
person 0.985144 209 252 249 363
person 0.982530 511 240 548 329
person 0.982249 434 230 478 329
person 0.972302 1111 218 1149 302
person 0.948602 1477 194 1513 270
person 0.946213 1544 223 1612 340
person 0.895338 380 224 409 309
person 0.875792 569 206 601 284
person 0.837329 1341 188 1367 243
person 0.837471 2 234 40 315
person 0.807944 988 209 1014 264
person 0.752243 1794 251 1849 354
person 0.742395 762 207 795 283
person 0.702536 566 159 580 184
person 0.664057 487 158 502 185
person 0.566141 1237 206 1262 258
person 0.551277 604 158 619 182
person 0.543649 1247 210 1275 259
person 0.523251 1704 168 1733 228
person 0.505965 522 160 534 182
person 0.442209 227 134 1728 275
person 0.305030 1781 248 1828 386
person 0.276372 1811 211 1866 279
person 0.998006 292 250 339 353
person 0.991908 208 252 250 366
person 0.990272 438 227 486 330
person 0.985832 516 242 553 330
person 0.985698 1297 215 1334 306
person 0.970270 1111 217 1150 303
person 0.969086 762 212 798 291
person 0.948758 1795 250 1853 384
person 0.908803 381 223 411 312
person 0.888811 1548 222 1617 338
person 0.888794 1477 190 1517 263
person 0.859460 4 233 42 316
person 0.824282 1342 188 1368 243
person 0.804966 990 213 1014 261
person 0.790620 1237 204 1261 260
person 0.727281 573 211 598 270
person 0.700879 567 159 580 183
person 0.666419 981 216 1005 267
person 0.594026 486 158 501 184
person 0.541342 605 159 618 182
person 0.500209 1706 169 1733 225
person 0.490497 521 160 533 181
person 0.476012 224 134 1729 275
person 0.338812 1812 212 1867 276
