person 0.997123 294 249 342 356
person 0.992037 210 253 252 364
person 0.987460 1300 214 1336 305
person 0.981109 521 240 555 330
person 0.971062 766 211 803 291
person 0.966599 1111 215 1149 301
person 0.952866 446 231 486 330
person 0.950733 988 210 1016 266
person 0.942158 382 225 411 310
person 0.919294 1799 250 1857 381
person 0.911892 1487 192 1524 268
person 0.902908 7 232 46 316
person 0.871292 1564 226 1627 333
person 0.830976 1344 184 1373 246
person 0.808793 1236 201 1259 262
person 0.655383 566 158 581 184
person 0.607923 486 158 502 187
person 0.574981 1706 167 1734 228
person 0.556923 574 211 598 269
person 0.486458 226 134 1725 274
person 0.482939 602 158 616 182
person 0.437911 522 160 534 183
person 0.363344 1146 148 1158 166
person 0.268684 775 233 798 275
person 0.276835 586 236 610 275
person 0.261320 386 251 408 299
person 0.265399 439 178 464 206
person 0.995753 297 250 342 356
person 0.991372 212 254 253 364
person 0.985947 526 239 560 330
person 0.979323 1303 214 1339 305
person 0.959352 382 224 412 310
person 0.957502 991 210 1018 265
person 0.956330 1111 215 1146 299
person 0.946126 451 227 490 329
person 0.937954 768 211 807 292
person 0.914246 8 231 48 318
person 0.895994 1808 248 1861 361
person 0.873188 1575 227 1627 329
person 0.854744 1492 192 1525 270
person 0.818057 1231 204 1255 261
person 0.799857 1346 182 1375 244
person 0.645781 565 158 580 185
person 0.614411 486 158 502 187
person 0.536884 1708 168 1736 227
person 0.514891 603 157 617 182
person 0.487938 576 205 611 278
person 0.457591 225 134 1725 272
person 0.452200 523 159 536 183
person 0.383594 575 214 597 265
person 0.375247 587 219 609 264
person 0.376688 719 159 732 178
person 0.353515 1145 147 1157 165
person 0.318997 1828 209 1882 275
person 0.287438 440 178 463 204
person 0.263232 983 215 1005 264
