person 0.989123 1138 228 1174 329
person 0.967465 822 261 868 414
person 0.963069 1024 246 1067 406
person 0.949419 1283 200 1321 306
person 0.946265 1205 202 1242 287
person 0.940189 637 272 677 386
person 0.924284 1613 211 1653 305
person 0.917166 1407 214 1448 313
person 0.864578 1809 260 1862 380
person 0.851829 691 217 721 294
person 0.847082 958 214 988 295
person 0.830236 494 165 511 196
person 0.813291 1683 214 1731 308
person 0.692847 439 182 463 207
person 0.681234 676 162 692 190
person 0.600859 815 236 842 288
person 0.559774 563 166 576 191
person 0.531748 1086 205 1121 313
person 0.499505 1662 219 1711 307
person 0.484437 606 162 619 188
person 0.481270 1784 212 1816 271
person 0.469570 251 132 1701 296
person 0.440306 1401 193 1430 240
person 0.424531 527 164 539 188
person 0.414160 638 162 652 189
person 0.332058 229 163 245 191
person 0.271981 0 265 22 292
person 0.988572 1140 228 1175 329
person 0.960050 638 271 675 386
person 0.953184 1206 204 1242 286
person 0.950808 823 271 869 404
person 0.943330 1283 200 1322 305
person 0.941156 1021 249 1065 404
person 0.935701 1614 209 1653 307
person 0.910782 1407 215 1447 312
person 0.847216 1810 261 1862 380
person 0.840347 963 223 987 285
person 0.814258 1688 210 1734 309
person 0.804332 493 165 510 197
person 0.795918 692 218 722 295
person 0.720878 678 163 693 190
person 0.676446 439 183 463 207
person 0.675514 816 234 841 289
person 0.569032 1785 214 1816 272
person 0.552982 606 161 619 188
person 0.545348 262 130 1688 297
person 0.537418 1087 197 1119 288
person 0.528418 563 164 575 189
person 0.463490 1400 193 1430 240
person 0.440078 1661 216 1708 308
person 0.428320 528 164 540 188
person 0.427920 637 161 651 189
person 0.289000 0 265 22 292
person 0.323233 829 147 841 171
