person 0.991834 301 251 344 357
person 0.991667 213 253 254 364
person 0.968405 383 225 414 309
person 0.966099 1304 213 1343 305
person 0.965677 529 239 564 331
person 0.963492 1111 213 1145 301
person 0.956048 994 208 1021 265
person 0.938037 769 212 813 290
person 0.935475 452 218 486 309
person 0.888607 9 232 49 317
person 0.818392 1581 235 1632 326
person 0.815636 1816 245 1862 357
person 0.798916 1347 182 1375 244
person 0.759613 576 205 611 281
person 0.759535 1498 197 1535 269
person 0.670191 1222 194 1248 252
person 0.609045 566 159 582 186
person 0.585326 487 157 503 188
person 0.562291 1708 167 1736 228
person 0.446942 244 134 1704 275
person 0.433668 584 233 611 276
person 0.426100 600 157 615 183
person 0.419706 523 159 536 183
person 0.322601 720 158 733 179
person 0.304005 1145 148 1157 165
person 0.992720 304 251 344 353
person 0.991966 216 254 256 363
person 0.975381 1109 211 1145 302
person 0.967474 1312 215 1360 303
person 0.955753 384 225 414 308
person 0.931210 538 240 580 331
person 0.913408 454 218 487 303
person 0.908395 996 208 1023 263
person 0.906845 10 232 49 317
person 0.898465 1500 196 1535 268
person 0.895577 1588 197 1640 323
person 0.816211 782 206 818 286
person 0.796616 578 206 614 280
person 0.743806 1216 193 1245 255
person 0.693358 1347 183 1374 240
person 0.654641 567 158 583 185
person 0.615880 1829 243 1878 354
person 0.558557 488 158 503 187
person 0.523690 214 135 1732 269
person 0.514249 1708 166 1737 229
person 0.470030 601 157 616 183
person 0.457980 521 159 534 184
person 0.293756 789 219 813 265
person 0.292866 1145 147 1157 165
person 0.262383 783 237 807 273
person 0.272171 720 159 732 179
