person 0.991494 306 251 345 353
person 0.990339 216 253 256 364
person 0.976893 999 206 1023 266
person 0.969449 1314 217 1360 302
person 0.960427 1109 210 1144 296
person 0.958453 384 226 415 306
person 0.958360 544 240 580 332
person 0.956870 1504 194 1537 269
person 0.947442 1592 195 1643 323
person 0.921645 9 232 50 319
person 0.901484 456 217 486 301
person 0.899456 789 208 823 282
person 0.828984 1211 193 1239 256
person 0.761696 590 231 614 277
person 0.670959 465 227 503 328
person 0.650101 1347 185 1374 240
person 0.619324 1707 167 1736 229
person 0.550203 567 158 582 185
person 0.548650 1834 237 1884 359
person 0.527449 580 205 614 280
person 0.497744 215 134 1727 272
person 0.454361 488 158 503 187
person 0.406112 599 157 613 183
person 0.366780 521 159 534 183
person 0.365099 1145 147 1157 165
person 0.259311 1357 194 1382 249
person 0.992047 217 254 257 363
person 0.989325 307 249 346 356
person 0.980016 547 240 585 331
person 0.977956 1001 207 1027 265
person 0.964015 1506 194 1539 268
person 0.963296 1107 209 1143 296
person 0.951064 1320 216 1364 303
person 0.949931 385 227 417 305
person 0.893989 10 234 52 320
person 0.875374 586 213 611 270
person 0.874949 465 224 506 330
person 0.868455 1600 201 1658 317
person 0.863132 456 218 488 302
person 0.606814 1707 170 1736 229
person 0.579849 210 134 1734 273
person 0.576461 790 215 827 291
person 0.539823 1213 206 1240 257
person 0.539277 567 159 581 184
person 0.483217 488 158 502 186
person 0.458638 1837 218 1890 346
person 0.385087 1345 189 1373 236
person 0.383831 1203 195 1226 254
person 0.371396 601 158 613 181
person 0.338342 792 235 815 276
person 0.342877 524 159 535 181
person 0.288775 1145 148 1157 166
person 0.280677 747 151 758 172
person 0.265561 1833 209 1890 278
