person 0.988753 219 253 257 362
person 0.986916 310 250 344 350
person 0.976107 1324 216 1364 303
person 0.967690 1005 209 1029 259
person 0.952427 553 241 590 332
person 0.935123 385 226 418 306
person 0.932597 467 225 508 328
person 0.927236 1610 228 1666 336
person 0.923905 1107 209 1144 295
person 0.922974 1507 194 1540 269
person 0.821041 12 233 51 319
person 0.784824 586 215 612 264
person 0.753469 457 217 488 300
person 0.691019 1838 221 1896 340
person 0.684269 799 207 831 283
person 0.668491 1200 193 1225 257
person 0.555033 1707 168 1735 229
person 0.512223 1346 191 1373 235
person 0.513256 184 134 1763 278
person 0.459800 568 158 582 184
person 0.453418 488 158 503 186
person 0.397993 747 151 758 172
person 0.333658 526 160 538 183
person 0.333062 1602 198 1638 272
person 0.301456 1145 147 1157 166
person 0.267958 824 161 834 179
person 0.264058 600 158 613 181
person 0.986374 220 251 262 363
person 0.984444 310 250 346 354
person 0.961604 1327 215 1365 303
person 0.958542 470 226 512 329
person 0.953477 1005 210 1032 261
person 0.943437 1619 234 1673 336
person 0.924461 1509 193 1543 269
person 0.923348 562 241 601 332
person 0.892628 1104 211 1143 293
person 0.877647 801 212 834 290
person 0.854689 385 228 419 304
person 0.827396 12 232 50 320
person 0.818825 588 211 613 264
person 0.763820 1198 202 1222 263
person 0.639390 1840 223 1897 338
person 0.629308 459 217 488 298
person 0.555790 569 158 584 184
person 0.521879 1346 194 1372 235
person 0.513941 1612 193 1647 251
person 0.506592 1708 166 1736 228
person 0.488331 183 130 1770 275
person 0.455087 488 158 503 186
person 0.415839 751 151 762 172
person 0.348937 525 160 538 183
person 0.337554 823 160 834 179
person 0.261101 598 158 611 181
