person 0.987757 222 250 265 364
person 0.979981 310 249 345 354
person 0.979157 1617 228 1683 335
person 0.978919 481 225 517 327
person 0.937423 1102 211 1141 292
person 0.934145 804 211 839 293
person 0.929624 565 238 605 332
person 0.913076 1333 209 1373 304
person 0.908429 391 224 426 307
person 0.892069 1007 213 1035 259
person 0.890309 12 231 51 319
person 0.871954 1511 193 1546 269
person 0.786984 589 212 614 265
person 0.757481 1193 204 1216 260
person 0.687624 460 217 488 300
person 0.553136 286 133 1919 270
person 0.543860 569 159 584 184
person 0.539252 1842 218 1897 341
person 0.497992 1707 166 1736 228
person 0.422056 488 158 503 186
person 0.383699 822 161 834 179
person 0.379255 1346 194 1373 238
person 0.371403 997 201 1040 273
person 0.343084 1616 195 1649 253
person 0.337372 525 160 538 183
person 0.332309 750 151 762 173
person 0.279911 387 235 412 287
person 0.991600 223 250 265 363
person 0.975034 314 248 356 356
person 0.956670 391 222 426 310
person 0.956280 1618 224 1692 336
person 0.945704 808 205 845 286
person 0.942921 490 227 522 324
person 0.907212 571 228 617 332
person 0.892695 1515 193 1550 269
person 0.863779 1336 212 1372 303
person 0.861371 12 230 51 319
person 0.844743 1012 213 1039 259
person 0.816189 1100 211 1139 294
person 0.808873 1189 204 1212 259
person 0.684425 593 213 617 262
person 0.632085 570 159 583 183
person 0.607676 1840 217 1889 307
person 0.601166 462 215 489 297
person 0.554758 166 133 1791 272
person 0.537857 487 227 509 287
person 0.499189 1708 166 1738 229
person 0.497433 1004 200 1044 272
person 0.492664 488 159 502 186
person 0.484509 1616 200 1654 266
person 0.463492 1346 195 1372 237
person 0.417301 525 160 537 182
person 0.340597 601 158 614 180
person 0.322280 752 151 762 172
person 0.311469 1112 216 1139 268
person 0.290497 824 161 834 179
