person 0.991851 225 248 268 365
person 0.987579 315 249 357 358
person 0.961284 1643 232 1701 331
person 0.951599 392 223 427 309
person 0.947707 571 227 621 332
person 0.927772 1338 211 1375 302
person 0.927051 812 205 850 287
person 0.898554 1100 210 1138 295
person 0.897518 489 228 526 324
person 0.890277 1518 192 1554 271
person 0.874962 11 230 52 320
person 0.806825 1181 193 1204 256
person 0.757359 1013 214 1042 256
person 0.753715 461 215 489 295
person 0.659123 571 159 584 182
person 0.624892 153 130 1812 274
person 0.616376 1842 216 1890 308
person 0.597997 487 158 502 186
person 0.588037 1619 200 1657 267
person 0.540254 525 159 537 181
person 0.517217 1708 164 1738 230
person 0.494650 594 216 620 260
person 0.470762 490 230 511 285
person 0.447839 750 151 760 171
person 0.331202 818 235 843 276
person 0.371690 602 158 615 180
person 0.316822 1345 193 1369 237
person 0.311413 1087 213 1120 295
person 0.306270 823 161 833 178
person 0.260096 1145 148 1157 165
person 0.256201 1876 204 1915 357
person 0.989209 317 250 358 356
person 0.980115 229 247 269 363
person 0.965345 395 223 430 308
person 0.962613 817 206 856 285
person 0.945831 1649 234 1708 331
person 0.936551 579 225 624 332
person 0.880023 1099 210 1136 295
person 0.876399 1524 191 1557 272
person 0.862442 1177 193 1201 255
person 0.853211 1340 210 1377 303
person 0.785834 487 231 527 320
person 0.746109 1016 212 1041 258
person 0.735493 20 230 57 318
person 0.695583 489 230 512 286
person 0.685057 1623 198 1661 273
person 0.607205 153 127 1811 276
person 0.523604 570 159 583 183
person 0.492189 1086 212 1119 296
person 0.461062 1709 164 1738 230
person 0.420020 489 158 502 185
person 0.384972 598 215 623 260
person 0.404306 460 217 490 293
person 0.381196 524 158 536 181
person 0.357217 13 234 39 288
person 0.364339 1846 209 1892 306
person 0.343486 1115 213 1140 269
person 0.345861 754 151 764 172
person 0.275835 821 235 846 274
person 0.294773 1144 147 1156 164
person 0.267818 970 137 984 162
person 0.252858 599 159 612 180
person 0.251759 781 147 790 166
