person 0.993554 318 251 359 356
person 0.992000 229 246 273 366
person 0.965531 581 225 628 331
person 0.965201 397 223 431 308
person 0.946803 1658 236 1714 328
person 0.921254 1340 209 1377 302
person 0.887874 820 206 861 286
person 0.857742 1024 207 1050 261
person 0.858950 500 229 543 323
person 0.842875 1630 196 1664 274
person 0.834092 20 230 58 318
person 0.830013 485 232 527 320
person 0.821311 1525 191 1560 270
person 0.790645 1177 202 1202 261
person 0.679132 1103 205 1141 285
person 0.613370 569 159 584 183
person 0.583653 288 131 1919 269
person 0.554880 1117 213 1141 268
person 0.531213 489 158 503 185
person 0.470342 486 231 509 285
person 0.467078 524 158 536 181
person 0.448629 1085 213 1117 297
person 0.420222 750 152 761 173
person 0.397923 1017 216 1042 257
person 0.362989 460 216 491 296
person 0.360133 602 158 615 180
person 0.339414 1711 167 1740 228
person 0.297402 600 218 622 257
person 0.298224 823 162 833 179
person 0.280011 12 234 38 288
person 0.275379 1846 202 1892 281
person 0.994140 321 252 361 357
person 0.990386 230 248 273 365
person 0.973264 398 224 431 307
person 0.959135 582 224 629 330
person 0.922727 501 228 541 322
person 0.911817 1026 201 1055 263
person 0.914248 819 205 866 285
person 0.859053 1339 206 1379 304
person 0.854346 1659 238 1723 330
person 0.838455 1636 196 1668 274
person 0.834187 20 231 58 318
person 0.831341 1526 191 1561 269
person 0.677853 478 221 508 306
person 0.676611 568 159 584 184
person 0.673263 1084 211 1118 294
person 0.617723 487 158 502 186
person 0.584475 248 132 1919 265
person 0.577263 1843 205 1892 282
person 0.521153 1104 204 1140 285
person 0.508141 524 158 536 181
person 0.497600 486 232 523 318
person 0.448443 1163 195 1189 250
person 0.429867 603 157 617 180
person 0.383751 1712 167 1740 229
person 0.363877 753 151 764 174
person 0.360805 823 161 833 179
person 0.356379 1118 215 1142 264
person 0.303788 13 234 39 289
person 0.307307 440 179 465 204
person 0.280400 1175 206 1198 259
person 0.263153 746 158 758 179
