person 0.992207 323 251 364 359
person 0.970483 398 222 431 308
person 0.964946 233 249 273 362
person 0.938886 1683 237 1735 334
person 0.919314 1029 200 1057 264
person 0.920066 505 231 540 324
person 0.905044 1638 197 1671 273
person 0.904122 590 225 629 329
person 0.869633 20 231 58 317
person 0.865160 1524 189 1559 263
person 0.841457 834 205 869 286
person 0.802264 1336 208 1383 305
person 0.683553 478 228 500 290
person 0.678296 1098 205 1136 285
person 0.638965 1156 195 1191 270
person 0.585283 487 158 501 186
person 0.583572 1845 203 1892 283
person 0.579273 569 160 585 184
person 0.574775 261 133 1919 268
person 0.533343 526 159 538 181
person 0.507748 601 158 617 182
person 0.396386 1085 210 1120 294
person 0.338673 1112 214 1138 264
person 0.328069 510 235 534 291
person 0.333986 1713 170 1741 228
person 0.323110 823 162 833 179
person 0.266159 753 151 764 173
person 0.261284 1144 147 1156 164
person 0.994129 324 253 365 357
person 0.972841 400 224 431 306
person 0.962212 234 249 274 359
person 0.958005 1687 240 1742 331
person 0.902989 507 231 542 324
person 0.901906 834 208 870 284
person 0.900299 1350 214 1395 303
person 0.890328 20 230 58 317
person 0.877596 596 228 634 330
person 0.874675 1639 197 1673 274
person 0.826341 1094 202 1133 285
person 0.825316 1527 189 1561 262
person 0.776958 475 225 498 291
person 0.738040 1035 205 1061 257
person 0.619920 511 232 535 292
person 0.558260 1157 195 1179 251
person 0.565551 1843 201 1894 281
person 0.554131 268 135 1919 270
person 0.548798 570 160 585 185
person 0.521974 488 159 502 186
person 0.478633 601 158 616 183
person 0.460935 1333 184 1370 298
person 0.449475 526 159 538 181
person 0.344594 601 219 625 257
person 0.274718 754 152 765 173
person 0.270669 822 163 832 178
person 0.262874 1337 190 1360 239
