person 0.994805 325 251 365 356
person 0.969045 399 223 430 306
person 0.968482 234 248 274 364
person 0.964914 508 225 544 326
person 0.959692 834 208 873 284
person 0.947542 1347 215 1398 302
person 0.929158 1698 238 1747 330
person 0.898552 1040 204 1064 259
person 0.883971 600 227 639 331
person 0.882909 472 215 501 296
person 0.882874 21 230 57 316
person 0.869447 1639 194 1674 274
person 0.780064 1529 185 1561 263
person 0.762905 1095 202 1132 285
person 0.734277 1151 194 1174 252
person 0.618511 488 159 502 186
person 0.607178 570 160 585 185
person 0.607003 1844 202 1892 284
person 0.554043 180 130 1778 273
person 0.520181 602 158 618 182
person 0.473028 602 219 623 255
person 0.447954 1082 209 1121 296
person 0.417960 1335 190 1360 237
person 0.387653 753 151 764 174
person 0.378302 525 158 537 181
person 0.331175 822 163 832 178
person 0.322182 1713 170 1742 228
person 0.273742 671 151 682 175
person 0.996762 327 250 367 356
person 0.983393 516 223 551 326
person 0.971619 1349 215 1398 303
person 0.949634 401 224 429 307
person 0.947657 840 208 878 284
person 0.943895 1644 197 1684 275
person 0.941046 1705 234 1751 335
person 0.924345 473 215 503 297
person 0.923030 21 230 57 318
person 0.908792 237 252 272 362
person 0.822250 1529 186 1561 262
person 0.810371 603 212 640 316
person 0.786214 1045 206 1069 258
person 0.745332 1149 194 1171 253
person 0.670528 1083 200 1118 284
person 0.648211 1846 207 1893 301
person 0.567122 163 133 1785 271
person 0.474199 570 159 585 185
person 0.449095 1335 191 1358 237
person 0.440665 823 163 834 179
person 0.422217 602 217 626 259
person 0.395142 1083 214 1108 266
person 0.402505 488 159 503 187
person 0.397282 1096 200 1129 277
person 0.382321 601 157 616 182
person 0.299311 754 151 766 174
person 0.271645 851 233 875 273
person 0.254994 526 159 539 181
