person 0.993619 328 251 368 354
person 0.988611 516 221 553 329
person 0.984173 1351 214 1400 302
person 0.967228 401 222 430 308
person 0.959778 474 215 504 295
person 0.955419 1646 197 1685 274
person 0.951754 846 207 882 285
person 0.936076 239 247 283 366
person 0.930022 1709 234 1752 330
person 0.894131 22 229 56 318
person 0.790522 1144 195 1169 251
person 0.780426 1530 184 1561 262
person 0.753795 614 227 649 332
person 0.748796 1083 199 1118 281
person 0.652688 1049 207 1071 258
person 0.627376 1846 202 1892 284
person 0.615035 158 132 1793 270
person 0.591868 604 212 639 313
person 0.534824 570 159 586 185
person 0.492415 1333 188 1356 239
person 0.439820 599 158 614 182
person 0.412283 488 159 503 187
person 0.356580 853 218 878 267
person 0.380211 755 150 766 174
person 0.359889 604 216 628 262
person 0.329297 824 163 834 178
person 0.301003 527 159 540 182
person 0.994288 330 250 369 353
person 0.980159 1353 214 1400 302
person 0.979183 521 221 554 326
person 0.961616 1718 227 1768 333
person 0.960579 403 222 430 308
person 0.952943 477 215 505 295
person 0.942660 1649 197 1688 272
person 0.926172 240 261 285 368
person 0.922682 854 205 885 285
person 0.883039 22 230 57 318
person 0.824689 1051 207 1074 260
person 0.804536 1083 200 1117 282
person 0.793613 1536 185 1574 263
person 0.764084 614 222 651 335
person 0.748427 605 211 641 309
person 0.719252 1847 207 1891 301
person 0.683446 1329 188 1353 242
person 0.636945 1139 196 1163 250
person 0.581972 172 134 1776 272
person 0.456180 570 159 586 184
person 0.445597 601 157 617 182
person 0.434749 488 159 503 186
person 0.409518 754 151 767 175
person 0.281303 526 158 538 181
person 0.279136 1710 173 1741 226
person 0.252806 441 180 466 203
