person 0.996815 329 249 370 356
person 0.988429 1725 231 1774 338
person 0.984589 523 222 559 326
person 0.983452 1356 215 1399 302
person 0.963110 239 260 285 369
person 0.957157 477 215 506 294
person 0.951358 1653 196 1691 272
person 0.941751 859 204 890 287
person 0.928284 402 221 431 310
person 0.869603 615 225 656 331
person 0.848311 22 229 57 318
person 0.833798 1537 187 1573 262
person 0.721195 1079 201 1114 279
person 0.688303 1052 210 1076 262
person 0.687067 172 135 1786 269
person 0.666836 1848 211 1894 300
person 0.644943 1331 188 1355 241
person 0.530525 486 159 502 187
person 0.519320 570 159 586 184
person 0.515920 601 157 617 182
person 0.491069 1138 196 1161 252
person 0.444315 605 213 643 303
person 0.411669 1711 176 1741 225
person 0.383118 757 152 768 173
person 0.367218 441 179 466 204
person 0.357619 525 158 539 182
person 0.265411 607 217 632 264
person 0.995497 332 249 371 355
person 0.990258 525 223 563 328
person 0.986259 1358 211 1399 302
person 0.974209 241 257 283 371
person 0.973208 1730 231 1779 332
person 0.971909 403 221 433 308
person 0.971089 481 215 509 293
person 0.960970 1653 197 1691 272
person 0.925266 861 206 894 287
person 0.863806 1537 187 1574 263
person 0.842497 1074 201 1109 281
person 0.830189 620 220 662 336
person 0.778110 1326 187 1350 245
person 0.757019 24 228 56 319
person 0.746585 1852 206 1895 303
person 0.652736 169 136 1780 268
person 0.588393 1117 194 1152 269
person 0.535143 572 160 587 185
person 0.530998 487 159 501 187
person 0.530448 602 158 618 183
person 0.485878 606 211 641 302
person 0.454042 757 151 769 172
person 0.424392 1054 211 1075 260
person 0.338278 526 157 538 181
person 0.319423 865 231 889 276
person 0.320526 442 181 466 203
person 0.296968 608 215 633 266
person 0.287909 1710 198 1741 234
person 0.270856 1710 174 1740 225
