person 0.988482 1141 227 1176 328
person 0.971727 637 270 676 387
person 0.955474 1206 205 1243 286
person 0.950162 1019 253 1067 401
person 0.941913 1283 199 1322 306
person 0.931334 834 268 872 407
person 0.926843 1614 209 1653 306
person 0.910242 1405 212 1444 313
person 0.847931 963 222 988 286
person 0.832593 692 217 723 295
person 0.827190 1689 210 1734 310
person 0.814547 493 165 510 197
person 0.724993 677 163 693 190
person 0.667909 439 183 462 208
person 0.624309 818 234 843 285
person 0.594714 1812 260 1861 379
person 0.576793 1785 214 1818 273
person 0.546493 561 164 573 190
person 0.522666 261 129 1684 296
person 0.517482 1085 202 1120 315
person 0.491463 529 164 541 188
person 0.475162 607 161 619 187
person 0.462963 1661 216 1707 309
person 0.414283 638 162 653 189
person 0.309138 0 265 22 292
person 0.325667 829 147 842 172
person 0.301022 1398 191 1429 243
person 0.989204 1142 228 1176 325
person 0.988863 832 272 876 409
person 0.971947 638 272 676 385
person 0.958664 1018 254 1066 398
person 0.948878 1207 205 1243 286
person 0.922609 1615 208 1651 306
person 0.903736 1284 199 1322 305
person 0.899750 692 217 723 295
person 0.890212 1405 210 1443 314
person 0.863616 963 222 988 286
person 0.802591 493 165 509 196
person 0.778678 1689 209 1733 309
person 0.728872 677 161 693 190
person 0.656782 440 183 462 208
person 0.656375 1811 260 1865 380
person 0.612325 818 236 844 289
person 0.549968 562 165 574 188
person 0.529021 1786 212 1816 273
person 0.518939 1085 204 1119 312
person 0.518065 334 135 1860 297
person 0.486391 528 165 539 188
person 0.464150 608 160 620 186
person 0.432194 1661 216 1703 308
person 0.419316 638 162 652 188
person 0.358701 0 264 22 292
person 0.250072 828 147 841 172
