person 0.996646 334 249 375 355
person 0.986501 1359 208 1399 300
person 0.984520 241 257 285 370
person 0.979381 528 224 564 327
person 0.975720 1732 232 1788 331
person 0.972348 404 222 434 307
person 0.967935 483 216 513 295
person 0.963575 1656 197 1696 272
person 0.945420 863 205 897 286
person 0.941714 1068 203 1105 284
person 0.882862 1538 189 1574 260
person 0.849680 1324 187 1350 246
person 0.826264 23 228 56 317
person 0.784762 620 208 662 315
person 0.767320 1113 194 1150 268
person 0.738217 1852 208 1895 302
person 0.647916 603 159 619 183
person 0.628593 146 133 1804 266
person 0.618771 484 158 499 186
person 0.477813 758 152 770 172
person 0.462442 573 160 588 182
person 0.412006 525 158 538 180
person 0.387055 1712 174 1742 224
person 0.378285 607 216 632 267
person 0.336508 440 180 466 203
person 0.293798 1711 199 1740 232
person 0.281017 970 138 984 162
person 0.265617 822 166 831 177
person 0.267097 604 209 644 304
person 0.996249 338 250 378 355
person 0.985286 1365 206 1400 299
person 0.982739 244 252 283 364
person 0.980966 529 225 566 327
person 0.974602 485 215 513 295
person 0.971139 405 222 435 306
person 0.965256 1067 204 1102 284
person 0.954300 1660 197 1698 273
person 0.919280 1736 225 1792 332
person 0.898353 1538 188 1574 261
person 0.891839 1322 186 1347 250
person 0.837679 633 229 676 331
person 0.831048 871 205 905 285
person 0.795623 23 229 56 318
person 0.787411 1108 195 1145 271
person 0.773387 1851 207 1894 303
person 0.679738 608 215 634 267
person 0.631860 603 158 618 182
person 0.622082 484 159 499 186
person 0.613691 137 136 1817 263
person 0.457316 572 159 586 182
person 0.435422 759 150 770 172
person 0.432018 526 158 538 180
person 0.415450 1712 200 1740 233
person 0.378623 441 181 467 205
person 0.287499 1145 147 1158 165
person 0.265981 1713 175 1741 222
person 0.260307 822 149 832 169
