person 0.996619 340 250 381 354
person 0.985298 486 213 516 290
person 0.982951 246 253 282 363
person 0.978212 1368 206 1403 299
person 0.974116 405 222 436 306
person 0.973603 530 226 569 327
person 0.962801 1665 197 1702 275
person 0.958187 1067 202 1102 285
person 0.932894 1750 230 1804 333
person 0.919285 872 206 906 286
person 0.896225 1540 188 1573 262
person 0.884686 23 229 57 318
person 0.875314 1321 184 1347 246
person 0.817372 635 237 679 328
person 0.724389 609 214 634 269
person 0.699282 484 158 499 187
person 0.651626 1112 193 1138 255
person 0.638943 1853 205 1897 304
person 0.638951 604 158 618 182
person 0.527459 259 140 1919 261
person 0.417618 758 150 770 173
person 0.416343 822 147 833 175
person 0.389500 573 159 586 181
person 0.379962 526 157 538 180
person 0.373029 441 180 467 204
person 0.308819 1715 200 1741 231
person 0.298989 1715 173 1743 223
person 0.271275 1874 210 1914 306
person 0.262879 1145 147 1157 164
person 0.262467 676 149 689 174
person 0.996038 341 250 383 356
person 0.990732 245 256 289 371
person 0.979058 406 223 438 305
person 0.971093 1369 204 1404 301
person 0.964073 1754 231 1806 333
person 0.958067 491 215 518 295
person 0.955740 530 227 569 327
person 0.936934 874 208 909 284
person 0.908147 1540 187 1573 262
person 0.903824 24 230 57 317
person 0.898332 1669 196 1703 274
person 0.889760 1063 202 1095 285
person 0.831533 1099 195 1135 274
person 0.787062 1316 182 1348 261
person 0.773448 610 212 635 272
person 0.717653 1854 207 1895 301
person 0.702516 482 158 497 187
person 0.677487 602 159 616 182
person 0.646722 649 243 687 331
person 0.520284 621 209 644 265
person 0.512250 259 143 1919 261
person 0.502952 573 159 586 182
person 0.493702 1715 200 1740 233
person 0.489016 528 158 540 180
person 0.451132 758 149 771 174
person 0.369622 440 180 467 204
person 0.354898 822 148 833 173
person 0.283876 680 150 692 173
person 0.268445 1875 210 1913 306
