person 0.995827 340 249 385 355
person 0.992635 249 251 288 362
person 0.984552 1372 205 1407 301
person 0.963717 536 227 578 323
person 0.962885 877 208 913 283
person 0.955890 493 211 520 294
person 0.954563 1759 234 1812 329
person 0.951066 650 246 690 329
person 0.946164 406 222 437 305
person 0.917418 1062 199 1095 287
person 0.899242 1540 187 1574 261
person 0.869435 23 231 58 315
person 0.819908 1673 193 1705 272
person 0.763609 1098 194 1134 273
person 0.736076 1319 187 1346 247
person 0.712934 605 159 618 181
person 0.699718 484 159 499 187
person 0.690745 620 206 644 266
person 0.639378 1855 207 1897 300
person 0.545997 151 139 1800 265
person 0.490492 758 148 770 174
person 0.479091 529 158 540 180
person 0.362805 1715 201 1741 235
person 0.342097 1875 211 1914 303
person 0.334701 442 180 467 205
person 0.325017 679 150 691 173
person 0.298152 820 147 832 173
person 0.296053 573 160 585 179
person 0.273634 711 148 723 173
person 0.995009 343 251 385 354
person 0.993459 251 251 291 363
person 0.982607 1373 206 1408 298
person 0.978507 538 225 578 324
person 0.964372 493 211 521 294
person 0.952426 1766 234 1815 333
person 0.941928 653 245 693 329
person 0.937374 879 207 916 285
person 0.906177 407 224 438 304
person 0.891355 22 230 58 316
person 0.882298 1543 182 1571 263
person 0.833486 1314 183 1348 260
person 0.826143 1675 192 1706 271
person 0.804998 619 207 643 267
person 0.767176 1063 201 1096 283
person 0.697812 1855 209 1897 298
person 0.683781 484 159 499 187
person 0.557679 1106 203 1132 259
person 0.558260 605 158 617 180
person 0.544264 152 137 1799 265
person 0.455613 759 149 770 173
person 0.448858 1313 190 1337 243
person 0.443117 1872 212 1913 303
person 0.358433 678 150 690 174
person 0.346095 525 158 537 179
person 0.326200 1717 200 1742 236
person 0.252414 0 265 20 292
person 0.271664 442 181 467 205
person 0.261821 711 148 723 173
person 0.259743 820 147 831 173
