person 0.993147 343 250 386 356
person 0.992348 252 251 291 363
person 0.987538 539 223 579 325
person 0.982260 1375 207 1409 300
person 0.966550 494 212 522 295
person 0.944306 886 206 918 284
person 0.935950 655 244 697 328
person 0.935334 1775 229 1819 337
person 0.899831 412 226 436 294
person 0.894253 23 230 57 315
person 0.874890 1540 187 1573 262
person 0.862388 619 207 643 269
person 0.842237 1675 192 1707 271
person 0.804944 1313 189 1337 246
person 0.786862 1063 201 1098 283
person 0.769441 603 158 616 181
person 0.726234 483 158 498 187
person 0.691324 1053 201 1082 284
person 0.651470 1851 204 1894 284
person 0.582429 170 136 1785 267
person 0.490961 527 159 540 180
person 0.480932 758 148 771 174
person 0.404008 1101 199 1126 249
person 0.363609 442 180 467 205
person 0.352560 1875 211 1914 304
person 0.350555 678 150 690 173
person 0.334147 817 146 830 174
person 0.306843 1076 210 1101 263
person 0.306371 572 159 585 179
person 0.259400 894 235 915 272
person 0.290582 711 147 722 173
person 0.270720 457 164 478 193
person 0.260406 1717 200 1741 236
person 0.990386 252 252 295 364
person 0.988021 343 252 385 354
person 0.982849 543 224 578 323
person 0.971256 1376 207 1410 299
person 0.966414 889 205 921 286
person 0.956190 495 213 523 293
person 0.939888 410 224 440 304
person 0.928879 659 244 700 331
person 0.915784 22 230 59 316
person 0.904717 619 205 644 268
person 0.876787 1540 186 1573 261
person 0.817152 1311 188 1337 246
person 0.809820 1052 201 1081 284
person 0.806575 1783 230 1822 336
person 0.768998 1675 192 1710 269
person 0.743835 602 158 616 181
person 0.702060 484 158 499 187
person 0.612258 196 137 1760 268
person 0.594938 1850 204 1894 284
person 0.541890 528 159 540 180
person 0.495163 759 149 770 174
person 0.449293 1080 209 1104 263
person 0.449089 1069 200 1102 281
person 0.345076 679 150 690 173
person 0.339438 1877 210 1914 306
person 0.314368 572 159 584 179
person 0.299753 818 147 830 175
person 0.291414 442 180 467 205
person 0.269099 458 164 477 193
person 0.257417 1716 202 1741 237
person 0.255479 712 148 723 174
