person 0.991465 350 250 394 355
person 0.986471 253 252 295 363
person 0.984224 1377 207 1413 300
person 0.974581 660 245 704 331
person 0.972999 545 223 578 323
person 0.968748 495 212 525 293
person 0.945904 894 203 923 284
person 0.926573 619 206 646 266
person 0.909393 22 230 59 315
person 0.904994 412 225 437 292
person 0.889692 1309 189 1336 247
person 0.863477 1540 185 1572 261
person 0.838116 1049 201 1081 286
person 0.784678 485 158 500 187
person 0.765940 1676 192 1709 270
person 0.715573 602 159 616 181
person 0.676394 527 159 539 180
person 0.663273 200 136 1755 271
person 0.598464 1788 235 1840 333
person 0.571076 1850 205 1894 282
person 0.562237 1068 197 1100 283
person 0.468489 759 148 770 174
person 0.362923 679 149 691 173
person 0.352412 819 146 831 174
person 0.329898 571 158 583 179
person 0.285400 1080 209 1102 264
person 0.284624 1875 210 1913 306
person 0.283392 458 164 477 192
person 0.280723 712 148 723 174
person 0.268367 780 147 791 171
person 0.250775 1714 198 1737 239
person 0.989693 351 250 393 355
person 0.984178 255 252 296 362
person 0.984080 1377 208 1413 300
person 0.972142 550 223 579 324
person 0.970618 664 244 708 331
person 0.967599 496 213 527 294
person 0.959444 620 207 647 266
person 0.951632 896 203 926 285
person 0.925982 22 229 59 317
person 0.920716 1309 188 1334 244
person 0.915498 1047 200 1080 289
person 0.895112 413 226 438 295
person 0.830936 1540 186 1572 261
person 0.756649 1792 256 1838 337
person 0.747716 484 158 499 187
person 0.662287 604 159 617 180
person 0.653466 527 159 539 180
person 0.632150 1067 195 1100 284
person 0.626376 1677 192 1709 270
person 0.602001 203 135 1754 271
person 0.544038 1851 206 1894 281
person 0.376803 1690 207 1719 264
person 0.350983 759 150 770 173
person 0.330658 821 161 832 177
person 0.307687 571 159 584 179
person 0.305447 679 150 691 173
person 0.283518 1711 199 1735 240
person 0.259332 554 230 574 291
person 0.270410 457 164 477 193
