person 0.983515 548 223 581 326
person 0.983043 256 251 298 360
person 0.976620 1378 208 1413 299
person 0.975595 353 251 392 354
person 0.975290 668 243 711 330
person 0.973887 623 209 648 267
person 0.944418 899 204 929 286
person 0.919735 22 230 60 316
person 0.892044 1308 188 1334 245
person 0.890824 414 225 438 297
person 0.878963 497 213 528 291
person 0.845249 1540 185 1571 262
person 0.844120 1045 197 1079 286
person 0.780628 1797 259 1843 338
person 0.740581 483 159 497 187
person 0.693314 1691 205 1719 266
person 0.673246 602 159 617 182
person 0.657924 175 136 1780 270
person 0.633892 1065 192 1095 280
person 0.617292 527 159 539 180
person 0.597864 1849 205 1893 282
person 0.512798 1677 192 1710 270
person 0.389623 759 150 769 173
person 0.363766 1075 209 1097 264
person 0.346844 509 231 531 285
person 0.270417 0 267 21 294
person 0.301767 679 150 691 173
person 0.289348 572 159 585 180
person 0.267868 442 179 466 204
person 0.267990 457 164 476 193
person 0.993022 355 250 392 352
person 0.983662 257 252 301 364
person 0.983281 669 242 714 331
person 0.978040 1379 207 1413 300
person 0.974649 624 210 650 266
person 0.972686 556 225 583 325
person 0.970857 900 204 931 287
person 0.959392 1042 196 1079 287
person 0.950445 22 228 61 318
person 0.906695 1306 186 1330 243
person 0.897710 415 226 441 293
person 0.885490 497 213 528 291
person 0.859985 1539 184 1571 262
person 0.707851 1692 202 1722 265
person 0.691766 481 158 496 188
person 0.679519 1848 204 1892 284
person 0.610216 163 138 1787 265
person 0.609793 1800 255 1847 335
person 0.608691 602 158 617 182
person 0.604445 1067 192 1095 282
person 0.521589 1676 187 1709 263
person 0.473389 527 159 539 180
person 0.401218 759 150 770 173
person 0.362635 679 148 691 173
person 0.339050 457 164 476 193
person 0.307895 818 148 828 172
person 0.281923 442 180 466 204
person 0.258827 1145 147 1157 163
