person 0.991726 357 250 392 356
person 0.987038 258 252 303 364
person 0.978545 555 223 587 326
person 0.973523 622 210 651 266
person 0.973495 672 244 714 329
person 0.970121 1380 208 1415 299
person 0.948344 1042 197 1075 286
person 0.941799 22 229 61 316
person 0.932013 411 223 446 301
person 0.911724 497 213 528 291
person 0.871122 903 204 932 284
person 0.830531 1306 188 1329 242
person 0.822712 1800 234 1856 333
person 0.815241 1539 184 1571 261
person 0.702380 479 158 495 188
person 0.699549 1694 201 1724 264
person 0.607202 162 134 1782 269
person 0.598760 1845 205 1893 282
person 0.515345 1067 196 1095 283
person 0.462610 600 158 614 180
person 0.374769 761 149 772 173
person 0.355896 964 137 978 164
person 0.353467 529 158 541 180
person 0.348013 456 164 477 194
person 0.343488 780 147 793 173
person 0.303124 817 146 828 173
person 0.297953 1707 193 1733 250
person 0.292443 1679 189 1705 255
person 0.271382 680 148 692 173
person 0.262708 442 179 466 204
person 0.261567 1145 146 1157 163
person 0.990431 358 249 393 355
person 0.988148 555 224 590 323
person 0.974910 622 209 653 263
person 0.973852 261 252 304 363
person 0.969635 1381 208 1414 300
person 0.957456 1038 195 1071 287
person 0.947891 673 243 717 328
person 0.926290 23 229 61 316
person 0.918597 908 206 943 286
person 0.903954 412 224 447 302
person 0.878558 1539 184 1572 260
person 0.848734 1305 186 1328 245
person 0.754670 1801 232 1861 331
person 0.724844 503 216 535 295
person 0.723551 1068 196 1097 283
person 0.708398 478 158 494 188
person 0.684584 1696 203 1726 264
person 0.638661 600 159 615 182
person 0.580612 156 137 1799 266
person 0.577810 1842 203 1891 282
person 0.506023 779 146 793 173
person 0.500010 530 158 542 180
person 0.481407 456 163 477 194
person 0.398982 680 149 692 174
person 0.396059 816 145 827 172
person 0.336877 760 148 772 173
person 0.316100 571 158 584 180
person 0.294389 965 138 977 162
person 0.266282 1678 190 1706 252
person 0.252286 1707 195 1734 247
person 0.251163 526 153 539 175
