person 0.991035 360 247 395 355
person 0.985106 555 224 593 323
person 0.979532 258 258 310 368
person 0.962925 623 206 652 263
person 0.940949 23 229 62 316
person 0.938808 1381 208 1414 298
person 0.938282 1036 195 1068 285
person 0.916346 412 224 448 300
person 0.913950 911 206 943 286
person 0.909964 681 241 726 329
person 0.876781 1302 186 1326 245
person 0.870307 1538 183 1572 260
person 0.850320 505 212 534 295
person 0.833439 1803 226 1863 329
person 0.766728 1694 187 1731 262
person 0.733099 478 158 495 189
person 0.701293 599 159 613 183
person 0.562484 149 136 1802 265
person 0.547733 1843 204 1891 317
person 0.538501 1069 194 1096 282
person 0.494459 531 158 542 179
person 0.458037 679 149 690 173
person 0.453645 781 146 794 172
person 0.426661 761 148 772 172
person 0.408366 456 164 477 193
person 0.360111 570 158 582 179
person 0.322565 815 145 827 173
person 0.298884 921 230 945 276
person 0.305888 524 152 538 175
person 0.295811 1146 145 1157 162
person 0.994331 359 247 397 357
person 0.990998 560 223 594 325
person 0.985563 261 258 310 370
person 0.973228 910 206 945 286
person 0.960859 683 241 727 329
person 0.952643 1033 192 1069 283
person 0.947959 504 213 535 294
person 0.940641 623 206 652 264
person 0.924916 23 228 62 316
person 0.920916 1381 207 1414 298
person 0.907511 1301 185 1325 247
person 0.878477 415 227 443 287
person 0.868778 1539 182 1572 260
person 0.739701 478 158 495 189
person 0.721225 1834 202 1890 316
person 0.719524 1695 187 1732 262
person 0.714871 599 160 614 184
person 0.629859 126 139 1825 261
person 0.571119 531 158 542 179
person 0.559450 1805 232 1865 323
person 0.495222 780 146 794 172
person 0.431837 679 150 691 173
person 0.412426 456 163 477 194
person 0.376528 1075 195 1095 243
person 0.360221 815 145 827 172
person 0.341128 569 158 581 179
person 0.336834 761 148 773 172
person 0.328753 1145 146 1157 163
person 0.292732 439 179 465 204
person 0.278972 525 152 538 175
