person 0.991815 360 250 398 358
person 0.989780 562 225 597 324
person 0.983717 263 258 311 371
person 0.978884 684 239 727 328
person 0.962155 623 207 652 261
person 0.957170 913 206 946 286
person 0.949058 504 211 535 295
person 0.945954 23 229 64 317
person 0.936807 1031 193 1068 284
person 0.935271 414 222 448 299
person 0.918773 1381 208 1414 295
person 0.877036 1300 188 1324 242
person 0.836136 1539 180 1571 260
person 0.734085 479 158 495 189
person 0.723022 1838 202 1888 314
person 0.702376 139 138 1817 266
person 0.669296 1699 202 1729 262
person 0.662003 530 158 542 181
person 0.584201 603 159 617 181
person 0.560288 778 146 791 172
person 0.541855 1075 194 1095 247
person 0.464638 678 149 690 173
person 0.343478 1534 188 1560 248
person 0.340550 818 145 829 171
person 0.339261 761 148 772 171
person 0.298441 459 162 479 193
person 0.263197 1397 228 1424 282
person 0.266953 1809 236 1864 321
person 0.256599 564 158 577 179
person 0.254127 31 123 1026 294
person 0.250599 715 150 726 175
person 0.992092 362 249 401 355
person 0.986650 565 225 601 325
person 0.982328 685 236 728 328
person 0.976697 505 211 537 293
person 0.973665 914 206 948 286
person 0.973090 1029 197 1064 285
person 0.966372 264 259 311 369
person 0.952920 624 207 652 262
person 0.955316 415 221 449 299
person 0.914249 27 229 64 315
person 0.895563 1298 186 1322 245
person 0.875026 1381 209 1414 293
person 0.719391 1541 184 1568 256
person 0.709202 1836 203 1890 314
person 0.695050 601 159 615 182
person 0.688745 479 157 495 188
person 0.672782 1694 187 1731 261
person 0.669719 162 137 1789 262
person 0.643709 1075 195 1094 243
person 0.620172 527 158 540 181
person 0.514549 781 146 794 171
person 0.454069 678 150 691 174
person 0.375399 815 146 827 174
person 0.334679 761 148 773 171
person 0.277469 0 263 17 293
person 0.314783 1737 170 1761 222
person 0.304557 457 163 478 193
person 0.288684 1146 146 1157 162
person 0.265359 567 158 579 179
person 0.261618 712 149 723 175
person 0.252914 964 138 976 161
