person 0.994631 363 249 403 354
person 0.985509 686 235 727 328
person 0.980538 569 227 600 323
person 0.979900 505 211 538 291
person 0.978348 267 253 309 364
person 0.972109 1026 195 1059 285
person 0.968309 918 204 950 287
person 0.960195 625 206 653 261
person 0.962091 415 220 448 298
person 0.953669 25 229 65 316
person 0.920862 1295 187 1321 244
person 0.918118 1390 211 1424 295
person 0.764448 478 158 495 189
person 0.742231 600 160 613 182
person 0.714967 138 137 1811 263
person 0.689759 1695 188 1732 261
person 0.670241 1541 185 1568 256
person 0.664823 1075 195 1095 244
person 0.600921 531 159 542 180
person 0.595620 1843 202 1890 281
person 0.521360 677 150 690 173
person 0.508459 784 145 797 171
person 0.427922 456 164 477 193
person 0.397480 761 148 773 170
person 0.361798 1734 168 1760 222
person 0.331064 813 146 825 173
person 0.323644 567 158 579 179
person 0.251884 0 263 17 291
person 0.292918 1835 231 1890 326
person 0.291523 965 139 976 161
person 0.288705 711 150 722 174
person 0.259790 1146 145 1157 162
person 0.258511 527 153 540 175
person 0.996766 363 249 406 355
person 0.990165 687 236 727 326
person 0.983554 1024 196 1057 285
person 0.981540 569 227 602 321
person 0.978843 508 210 540 294
person 0.975124 919 204 952 287
person 0.970450 269 254 310 363
person 0.969149 625 204 653 260
person 0.959818 416 220 448 298
person 0.943265 27 230 65 314
person 0.939842 1389 209 1425 294
person 0.854999 1293 186 1319 245
person 0.834889 1694 189 1731 261
person 0.780101 1075 194 1094 246
person 0.771092 1538 183 1571 261
person 0.728343 158 138 1794 264
person 0.727345 477 159 494 189
person 0.724939 600 160 614 183
person 0.632542 1838 206 1890 316
person 0.484752 678 149 691 173
person 0.482193 531 159 543 180
person 0.469272 783 146 796 171
person 0.359779 456 163 477 193
person 0.305655 0 262 17 292
person 0.251370 929 237 951 272
person 0.318880 760 147 771 169
person 0.306291 19 122 1037 294
person 0.296458 712 149 723 174
person 0.286179 566 158 578 180
person 0.278534 526 152 540 174
person 0.272694 814 147 826 174
person 0.267380 1145 146 1157 163
person 0.262538 1735 168 1761 222
