person 0.985243 835 269 881 411
person 0.981746 637 271 674 386
person 0.974345 1147 228 1176 323
person 0.935514 1208 206 1244 285
person 0.935600 1285 199 1322 307
person 0.911484 692 218 724 296
person 0.908701 1405 215 1444 312
person 0.904837 1617 208 1654 306
person 0.887459 1018 275 1064 399
person 0.872270 959 215 989 296
person 0.823707 1693 209 1734 311
person 0.779838 493 166 509 196
person 0.728362 677 161 693 189
person 0.638490 820 234 845 290
person 0.626259 1812 262 1865 380
person 0.600696 440 184 462 208
person 0.560059 1785 211 1816 273
person 0.545183 269 129 1680 300
person 0.492856 1084 204 1119 313
person 0.467175 563 165 575 189
person 0.462583 608 161 619 187
person 0.458360 1660 216 1700 310
person 0.445279 636 161 650 188
person 0.430291 527 165 538 188
person 0.372465 0 264 23 292
person 0.282910 824 261 861 395
person 0.260495 828 147 842 172
person 0.259564 1075 207 1109 353
person 0.257425 1399 194 1427 241
person 0.994803 837 267 883 417
person 0.977255 637 271 675 386
person 0.976754 1147 227 1177 325
person 0.943912 693 218 724 297
person 0.943383 1208 204 1244 286
person 0.931293 1285 199 1322 306
person 0.923345 1618 209 1656 306
person 0.909778 1404 216 1444 313
person 0.890134 1019 250 1067 401
person 0.863311 958 215 989 296
person 0.777110 1692 203 1735 313
person 0.761149 493 165 508 196
person 0.730016 677 161 692 189
person 0.648497 821 235 845 291
person 0.616989 440 184 463 208
person 0.585146 1814 263 1865 380
person 0.581132 266 129 1675 296
person 0.533825 1785 211 1817 272
person 0.521461 1085 206 1119 310
person 0.444432 608 161 620 187
person 0.429343 564 166 575 191
person 0.397158 0 264 23 292
person 0.419627 1658 214 1700 310
person 0.395363 526 164 537 188
person 0.371037 634 161 648 188
person 0.369351 1398 193 1426 241
person 0.275787 1036 243 1075 360
