person 0.996853 363 249 407 353
person 0.989181 919 204 958 287
person 0.986832 687 233 728 326
person 0.983558 510 211 541 291
person 0.976815 569 225 604 321
person 0.963696 416 220 448 298
person 0.957618 272 253 309 363
person 0.953684 1023 196 1055 283
person 0.948619 626 203 652 261
person 0.943418 1389 210 1426 293
person 0.908140 28 230 66 314
person 0.851022 1291 187 1319 246
person 0.727375 1075 194 1094 246
person 0.727005 1700 201 1729 263
person 0.712078 1839 208 1886 314
person 0.690287 1538 184 1571 260
person 0.681337 602 159 616 182
person 0.632119 477 157 494 190
person 0.631032 169 139 1781 263
person 0.625102 1530 185 1556 254
person 0.459451 526 157 539 181
person 0.457182 780 146 793 170
person 0.433886 678 149 690 173
person 0.400262 457 162 479 194
person 0.355587 1736 167 1762 221
person 0.348539 569 157 581 180
person 0.275540 0 263 17 291
person 0.322154 760 148 771 169
person 0.291457 713 148 725 175
person 0.288931 818 148 830 173
person 0.263882 1145 147 1157 164
person 0.258918 17 123 1042 292
person 0.996248 365 249 409 354
person 0.990087 688 234 729 325
person 0.982071 511 211 544 291
person 0.968504 926 203 958 288
person 0.966864 416 221 448 298
person 0.942557 570 226 605 320
person 0.941140 1388 205 1424 287
person 0.938801 270 258 311 370
person 0.931879 27 230 67 315
person 0.927441 1022 198 1054 281
person 0.914517 1286 182 1321 260
person 0.886782 625 202 652 260
person 0.796907 1840 209 1890 308
person 0.759507 1700 201 1729 263
person 0.748530 1074 195 1093 246
person 0.730543 1529 182 1560 259
person 0.676405 603 159 617 182
person 0.630851 166 139 1783 265
person 0.620928 477 158 494 189
person 0.468721 781 146 793 170
person 0.445570 679 149 692 174
person 0.401247 458 162 479 193
person 0.361368 760 148 772 169
person 0.348309 1541 187 1569 256
person 0.341538 1737 168 1761 221
person 0.339733 528 157 541 180
person 0.279061 933 237 955 273
person 0.310530 713 149 724 175
person 0.278531 817 147 828 173
person 0.273869 566 157 579 179
person 0.254730 1145 147 1157 163
