person 0.995341 365 250 410 354
person 0.993442 691 234 730 324
person 0.975463 925 204 962 287
person 0.966025 513 212 545 291
person 0.963758 625 195 654 254
person 0.955601 417 221 449 296
person 0.953359 573 228 615 318
person 0.932008 1389 205 1424 288
person 0.927366 27 230 68 314
person 0.898753 274 254 309 361
person 0.890331 1013 192 1044 278
person 0.872038 1289 185 1317 243
person 0.854213 1694 194 1733 268
person 0.833021 1841 211 1890 311
person 0.761593 1074 194 1094 246
person 0.728247 476 158 494 190
person 0.697736 600 159 615 184
person 0.673768 1528 183 1560 258
person 0.665177 138 138 1812 268
person 0.399158 782 146 794 168
person 0.368117 457 162 479 192
person 0.359283 679 148 692 172
person 0.357251 1541 189 1569 255
person 0.350111 526 151 540 175
person 0.319511 529 158 542 180
person 0.315083 761 148 773 167
person 0.301835 1737 167 1763 220
person 0.274207 931 217 955 265
person 0.295777 713 148 725 174
person 0.287991 815 146 827 172
person 0.279629 1030 207 1054 264
person 0.280991 21 127 1045 293
person 0.269701 1146 146 1158 163
person 0.264176 569 157 581 180
person 0.996191 364 249 409 353
person 0.994711 692 235 731 324
person 0.976763 512 212 545 292
person 0.960498 573 228 616 319
person 0.959238 25 229 69 314
person 0.956254 931 205 964 286
person 0.934669 418 221 448 296
person 0.933491 625 192 651 257
person 0.931394 1390 209 1425 293
person 0.929022 270 257 312 372
person 0.910786 1527 184 1560 260
person 0.862527 1845 214 1892 306
person 0.858986 1020 197 1056 285
person 0.817128 1011 193 1041 279
person 0.814372 1287 186 1314 248
person 0.799069 1073 193 1093 247
person 0.790956 1694 193 1734 268
person 0.771019 600 160 613 184
person 0.726648 150 140 1800 268
person 0.661342 476 158 494 191
person 0.467260 781 146 794 172
person 0.392415 680 148 693 173
person 0.350343 1007 191 1031 252
person 0.349987 457 163 478 194
person 0.311640 526 151 540 175
person 0.281327 228 157 249 193
person 0.277353 531 157 542 180
person 0.276981 816 145 828 174
person 0.265671 416 221 439 267
person 0.264506 569 158 581 180
person 0.262736 31 125 1036 295
