person 0.995110 366 249 411 354
person 0.993674 691 236 732 324
person 0.985030 932 205 967 286
person 0.974512 578 228 613 318
person 0.971067 1391 208 1425 296
person 0.961681 517 212 547 292
person 0.953757 27 230 67 313
person 0.940871 418 221 449 295
person 0.932810 1526 185 1560 261
person 0.932668 277 261 318 370
person 0.919183 1021 202 1057 282
person 0.861713 1285 186 1314 247
person 0.853999 625 192 650 255
person 0.800513 1007 194 1035 279
person 0.793575 1845 211 1896 311
person 0.781607 1074 194 1093 247
person 0.747986 1695 188 1733 261
person 0.683317 477 157 494 190
person 0.672174 149 142 1803 269
person 0.548028 602 158 616 181
person 0.522400 778 144 793 173
person 0.401399 681 147 695 175
person 0.375395 1003 193 1025 249
person 0.376587 527 157 540 180
person 0.262132 32 126 1031 297
person 0.254621 1738 170 1763 220
person 0.251209 711 148 724 176
person 0.993199 691 236 734 324
person 0.992372 371 249 413 352
person 0.968848 1390 208 1424 295
person 0.967214 936 204 966 287
person 0.962635 579 225 614 319
person 0.956283 27 229 66 314
person 0.913854 518 211 549 291
person 0.912691 419 220 450 295
person 0.909322 625 190 652 256
person 0.907849 280 264 318 369
person 0.876589 1022 205 1056 282
person 0.876351 1527 184 1559 261
person 0.868713 1284 185 1312 246
person 0.794372 1695 187 1734 261
person 0.726668 1849 209 1897 312
person 0.718227 1074 196 1094 248
person 0.717652 476 158 494 190
person 0.686606 1003 195 1034 277
person 0.671372 144 138 1809 269
person 0.628284 602 157 617 182
person 0.620488 999 194 1024 251
person 0.471891 780 144 795 172
person 0.423622 680 147 693 174
person 0.382341 526 152 541 176
person 0.322502 458 161 480 193
person 0.298500 759 147 772 171
person 0.283072 1146 146 1158 163
person 0.271852 1737 170 1762 222
person 0.264324 568 157 581 179
person 0.262843 415 220 440 269
