person 0.994657 690 234 733 324
person 0.994159 371 248 411 352
person 0.981367 936 203 967 287
person 0.975453 581 225 615 320
person 0.972796 1390 208 1425 295
person 0.948238 29 230 67 314
person 0.942499 280 262 319 369
person 0.905357 418 218 448 293
person 0.900993 519 211 551 293
person 0.900395 1694 188 1732 261
person 0.895060 626 192 653 255
person 0.888662 1023 206 1057 282
person 0.879475 1526 185 1559 261
person 0.861501 1284 184 1312 247
person 0.739922 1073 197 1093 246
person 0.722915 1848 213 1896 309
person 0.683465 140 141 1813 264
person 0.643889 475 157 493 190
person 0.578488 602 157 616 182
person 0.499072 997 209 1020 263
person 0.483868 778 144 795 173
person 0.480064 679 147 693 175
person 0.412071 527 151 542 176
person 0.379311 456 162 480 194
person 0.277016 4 131 1063 294
person 0.994812 690 232 729 323
person 0.993733 371 248 414 353
person 0.972284 580 225 616 321
person 0.971737 1390 207 1426 295
person 0.971581 939 202 967 286
person 0.957082 280 261 321 369
person 0.938857 29 229 67 314
person 0.929093 521 210 552 294
person 0.921189 1694 188 1731 261
person 0.887343 626 193 653 255
person 0.877663 1525 186 1559 260
person 0.843749 418 219 448 295
person 0.836017 1284 186 1311 244
person 0.826372 1023 207 1056 279
person 0.752684 1073 195 1093 248
person 0.716958 131 138 1823 265
person 0.708910 600 158 616 185
person 0.675802 995 207 1019 266
person 0.663800 476 158 494 190
person 0.543736 1851 213 1897 311
person 0.516340 680 147 694 175
person 0.474604 778 144 794 174
person 0.359182 456 162 478 193
person 0.328302 530 157 542 180
person 0.279429 1872 209 1914 346
person 0.256859 7 128 1060 294
