person 0.993172 689 231 729 323
person 0.993083 375 249 416 353
person 0.976189 581 226 619 320
person 0.975105 939 202 968 287
person 0.968332 1390 207 1425 295
person 0.967518 280 260 322 369
person 0.925902 1694 188 1731 261
person 0.917431 520 211 553 292
person 0.893561 31 230 68 314
person 0.892009 627 195 655 253
person 0.881862 1022 208 1057 280
person 0.866086 1523 185 1557 261
person 0.805269 1073 194 1094 247
person 0.796785 419 218 449 294
person 0.756733 1284 188 1309 240
person 0.716374 141 137 1809 267
person 0.660195 414 219 441 271
person 0.656943 476 158 494 190
person 0.635022 993 208 1017 266
person 0.590522 600 158 616 183
person 0.524204 778 144 795 173
person 0.520367 679 147 693 175
person 0.503276 1854 215 1897 308
person 0.397555 0 237 28 401
person 0.365255 455 162 477 193
person 0.329343 529 152 543 175
person 0.254191 1872 211 1914 344
person 0.991530 688 230 729 322
person 0.990890 374 249 418 353
person 0.985766 279 259 325 371
person 0.960983 1390 203 1425 290
person 0.960504 582 226 620 318
person 0.940219 941 202 969 285
person 0.927033 626 192 655 255
person 0.905833 522 211 553 293
person 0.872741 1072 195 1094 248
person 0.862477 1694 187 1731 261
person 0.845700 1522 183 1555 261
person 0.829138 1024 206 1053 272
person 0.825744 30 231 68 313
person 0.771117 419 217 450 292
person 0.752505 1285 187 1309 239
person 0.683573 156 135 1794 270
person 0.664270 476 158 494 190
person 0.589927 1278 189 1299 241
person 0.560616 995 209 1018 265
person 0.536907 680 147 693 174
person 0.536832 599 158 614 182
person 0.524752 778 145 795 172
person 0.509291 1855 215 1897 308
person 0.435842 0 327 14 395
person 0.394524 455 162 477 193
person 0.381492 529 152 543 175
person 0.327370 973 208 996 266
person 0.286396 0 232 26 409
person 0.272342 760 147 773 170
