person 0.993019 688 229 728 322
person 0.990829 376 248 418 352
person 0.986797 280 257 327 372
person 0.959239 1390 204 1424 289
person 0.958372 584 225 623 319
person 0.926951 630 193 655 256
person 0.916193 524 211 556 293
person 0.907132 33 230 72 315
person 0.891455 941 202 971 286
person 0.849924 1072 196 1093 247
person 0.796273 1521 182 1553 261
person 0.790026 1023 208 1056 281
person 0.754684 1695 187 1733 260
person 0.722104 419 217 450 292
person 0.720898 960 198 991 283
person 0.688060 148 136 1802 269
person 0.663733 1277 190 1300 243
person 0.628402 477 158 495 189
person 0.605778 1285 187 1309 239
person 0.524265 997 209 1019 266
person 0.473173 528 230 550 281
person 0.500071 601 158 615 182
person 0.486314 1855 216 1897 304
person 0.467086 776 144 794 173
person 0.446082 2 323 16 395
person 0.418678 973 209 995 266
person 0.392394 681 147 693 172
person 0.333367 457 163 478 193
person 0.308442 531 158 543 179
person 0.261464 0 228 23 413
person 0.252954 1 127 1067 294
person 0.993689 688 228 729 321
person 0.990484 376 249 420 351
person 0.979058 282 259 329 370
person 0.976817 584 225 625 319
person 0.959755 1391 204 1424 289
person 0.920634 631 193 655 255
person 0.904679 1021 208 1055 281
person 0.899841 961 200 996 281
person 0.892339 523 212 558 292
person 0.866367 1071 194 1093 245
person 0.859554 34 225 72 309
person 0.798016 1519 183 1553 261
person 0.742946 417 219 442 269
person 0.721893 1695 188 1734 260
person 0.701158 143 136 1809 268
person 0.654859 477 158 494 189
person 0.648777 1277 190 1300 244
person 0.607402 1284 188 1309 239
person 0.573271 420 218 451 293
person 0.517502 1856 218 1898 306
person 0.509852 682 147 694 173
person 0.479311 529 233 552 281
person 0.476656 601 159 616 182
person 0.458332 941 204 972 284
person 0.453775 779 144 795 172
person 0.397276 532 158 544 179
person 0.360022 456 162 477 192
person 0.317208 1001 210 1023 266
person 0.304188 1005 198 1036 280
person 0.291610 3 321 15 395
person 0.257531 1 127 1075 293
