person 0.991085 687 228 728 321
person 0.990530 379 249 420 350
person 0.986635 283 258 330 370
person 0.970752 1391 204 1425 289
person 0.959996 585 227 625 317
person 0.946439 37 225 75 309
person 0.935307 1019 208 1055 281
person 0.922702 958 199 994 285
person 0.893455 631 194 658 253
person 0.887413 523 213 559 293
person 0.805890 1518 182 1551 261
person 0.753792 1072 195 1092 244
person 0.724137 1695 188 1734 260
person 0.716459 151 135 1798 271
person 0.706165 421 225 447 282
person 0.597084 476 158 494 189
person 0.590921 1278 192 1300 245
person 0.519130 528 232 553 283
person 0.487021 1857 217 1898 305
person 0.471664 681 146 694 173
person 0.458801 780 145 796 173
person 0.418884 454 163 475 193
person 0.357674 602 159 617 182
person 0.341604 533 158 545 179
person 0.316262 2 321 15 394
person 0.992037 685 230 728 320
person 0.990755 379 248 421 351
person 0.985800 284 257 332 370
person 0.972742 958 196 999 284
person 0.972696 588 225 629 319
person 0.971703 1391 203 1425 289
person 0.934490 36 225 77 310
person 0.915104 631 192 658 255
person 0.901620 523 214 560 290
person 0.895473 1019 204 1055 281
person 0.879731 417 219 443 268
person 0.796800 1521 186 1545 253
person 0.775719 1071 195 1092 246
person 0.756112 1695 189 1734 260
person 0.718787 127 135 1823 269
person 0.679187 1277 191 1300 248
person 0.668077 476 158 494 189
person 0.542528 0 237 26 405
person 0.512255 597 158 613 184
person 0.471378 1857 214 1898 304
person 0.406392 780 144 796 171
person 0.359805 456 162 478 193
person 0.355655 534 158 546 180
person 0.315085 682 147 695 172
person 0.274702 1 125 1068 294
