person 0.989644 683 229 729 319
person 0.985293 380 249 421 351
person 0.978744 1392 204 1425 288
person 0.977285 956 189 1000 285
person 0.976257 287 253 330 364
person 0.950427 591 227 631 318
person 0.946337 632 192 658 254
person 0.923156 35 225 75 309
person 0.908398 524 214 560 290
person 0.875978 418 219 444 268
person 0.813418 1070 196 1092 245
person 0.759120 1696 188 1733 260
person 0.755738 1019 203 1055 280
person 0.728117 1517 180 1547 261
person 0.711296 1277 189 1301 249
person 0.676662 110 138 1829 268
person 0.656407 0 277 24 402
person 0.608962 476 158 494 188
person 0.537654 600 158 616 183
person 0.513804 531 229 553 281
person 0.462926 779 143 797 174
person 0.399815 682 148 695 173
person 0.393031 535 158 547 179
person 0.374462 457 162 478 192
person 0.351778 1859 210 1898 307
person 0.980084 683 230 728 319
person 0.978698 1392 203 1426 288
person 0.975368 380 248 423 352
person 0.974597 288 254 331 362
person 0.973079 957 190 1000 286
person 0.961310 594 227 632 318
person 0.952462 35 226 76 309
person 0.938058 634 192 659 251
person 0.901351 527 214 561 290
person 0.859515 417 219 444 269
person 0.824423 1069 195 1091 247
person 0.801806 1516 180 1547 261
person 0.733088 0 247 27 401
person 0.698711 1277 190 1301 250
person 0.689653 112 138 1829 269
person 0.664194 1696 187 1733 259
person 0.596152 1012 200 1047 280
person 0.591237 476 158 494 189
person 0.557751 601 159 617 183
person 0.516607 532 228 554 281
person 0.430461 779 144 797 173
person 0.405318 683 149 694 173
person 0.401393 534 159 546 179
person 0.378273 1027 210 1051 260
person 0.358663 457 162 478 192
person 0.340753 1860 212 1898 307
person 0.325541 1870 224 1913 332
