person 0.985207 682 230 728 318
person 0.983906 287 259 335 371
person 0.979953 592 227 634 318
person 0.978243 1391 204 1426 289
person 0.973533 957 190 996 285
person 0.966528 36 225 80 309
person 0.959708 388 243 434 352
person 0.953558 634 191 661 253
person 0.880666 528 214 563 292
person 0.819848 0 279 29 400
person 0.804809 1019 203 1056 280
person 0.770221 1071 196 1091 245
person 0.762266 1518 187 1541 250
person 0.750380 417 221 442 268
person 0.739938 1277 191 1300 246
person 0.729210 1704 205 1732 258
person 0.649381 532 230 556 282
person 0.649860 123 142 1809 268
person 0.577651 476 158 493 189
person 0.472066 603 159 617 180
person 0.437948 781 145 797 172
person 0.370490 1871 222 1915 335
person 0.342127 456 162 478 193
person 0.336695 1860 210 1898 306
person 0.334976 534 159 546 178
person 0.282044 1145 144 1157 163
person 0.982612 286 260 336 370
person 0.981649 1392 203 1427 288
person 0.980765 959 190 994 285
person 0.974198 684 229 727 320
person 0.973183 596 228 634 318
person 0.967136 387 245 435 351
person 0.950965 36 225 79 309
person 0.933959 633 192 661 249
person 0.923208 528 214 564 289
person 0.875471 0 251 34 400
person 0.869701 1070 195 1091 244
person 0.863648 1695 189 1733 259
person 0.819708 417 220 443 268
person 0.768251 1019 202 1055 278
person 0.701661 1275 189 1301 251
person 0.677385 139 138 1808 271
person 0.674417 1516 189 1541 253
person 0.595970 475 159 494 188
person 0.581057 600 159 615 183
person 0.484111 1869 219 1916 336
person 0.437970 782 145 797 170
person 0.355517 454 163 477 193
person 0.292799 535 159 547 178
person 0.278120 684 148 695 171
