person 0.983018 1392 203 1427 288
person 0.975932 960 193 992 285
person 0.975321 287 261 337 369
person 0.971549 598 226 635 318
person 0.970470 385 245 436 352
person 0.963978 38 225 80 308
person 0.952881 684 229 725 319
person 0.949407 0 255 38 395
person 0.931419 635 193 662 247
person 0.923874 530 214 564 291
person 0.906785 417 219 444 267
person 0.835400 1069 196 1090 239
person 0.817215 1695 188 1734 260
person 0.692121 1275 187 1301 250
person 0.682727 1020 202 1057 277
person 0.667575 162 136 1782 270
person 0.640812 1515 189 1540 252
person 0.550459 475 158 493 188
person 0.347987 781 146 795 170
person 0.344209 1871 218 1917 339
person 0.326000 600 158 616 181
person 0.306239 532 153 545 174
person 0.299260 455 163 478 192
person 0.267378 684 148 696 172
person 0.252865 1 124 1065 297
person 0.983143 1392 203 1428 287
person 0.975050 959 191 992 281
person 0.973951 385 245 437 352
person 0.972858 291 253 338 363
person 0.964950 0 259 41 389
person 0.953023 599 225 636 319
person 0.935995 36 226 79 309
person 0.934035 679 229 713 317
person 0.929195 636 193 662 246
person 0.900408 416 219 443 266
person 0.884722 531 213 564 290
person 0.829994 1068 195 1090 239
person 0.803235 1694 188 1732 260
person 0.730679 1510 183 1543 260
person 0.715180 1278 178 1311 256
person 0.632904 167 134 1782 270
person 0.621672 1021 200 1059 274
person 0.478118 1870 218 1917 338
person 0.455840 475 158 493 187
person 0.374663 783 146 796 169
person 0.344357 685 148 697 171
person 0.342573 455 163 477 193
person 0.301003 1047 195 1071 247
person 0.281595 600 159 614 180
person 0.274700 531 152 545 174
person 0.267668 602 152 615 174
