person 0.988816 1761 259 1815 386
person 0.988378 761 276 813 407
person 0.965854 1122 235 1154 333
person 0.944265 1442 218 1483 310
person 0.923905 1572 210 1612 304
person 0.892121 490 164 510 199
person 0.887155 1227 202 1256 283
person 0.867810 1270 204 1300 281
person 0.862967 1657 216 1700 312
person 0.832693 632 281 682 394
person 0.816897 957 224 981 289
person 0.810232 681 161 697 191
person 0.788113 1313 209 1351 299
person 0.771031 1039 270 1088 403
person 0.722424 1027 238 1066 368
person 0.707406 658 225 683 284
person 0.584369 284 124 1659 301
person 0.579656 557 162 572 188
person 0.572422 601 162 615 189
person 0.523445 780 239 803 288
person 0.474752 439 186 462 208
person 0.411662 537 160 551 187
person 0.383972 1084 209 1115 310
person 0.357865 1433 187 1460 242
person 0.318667 1786 216 1817 269
person 0.299431 636 161 650 186
person 0.286204 825 149 836 169
person 0.991499 1762 260 1815 386
person 0.990530 764 271 815 412
person 0.968996 1122 236 1154 332
person 0.958272 1442 221 1483 310
person 0.940704 1575 211 1612 304
person 0.901557 490 165 510 198
person 0.888095 1655 218 1702 311
person 0.884776 1226 201 1255 283
person 0.874318 631 279 682 394
person 0.868189 1270 203 1300 281
person 0.862895 1040 271 1087 402
person 0.857726 954 217 982 294
person 0.784967 679 160 696 191
person 0.762156 1307 212 1340 298
person 0.682893 781 239 804 288
person 0.682385 653 218 685 299
person 0.588602 601 162 616 190
person 0.570098 556 162 573 189
person 0.557137 1030 237 1066 368
person 0.552214 278 124 1662 303
person 0.513541 439 185 462 208
person 0.513877 1058 243 1095 413
person 0.438321 537 161 552 188
person 0.368125 1084 209 1115 312
person 0.339925 636 160 650 186
person 0.330620 659 221 683 266
person 0.314205 1786 216 1816 269
person 0.276321 825 149 836 170
