person 0.993089 838 270 886 414
person 0.987593 1147 229 1180 325
person 0.970385 637 271 673 385
person 0.947968 1209 204 1245 286
person 0.946356 693 218 724 296
person 0.918692 1618 209 1656 306
person 0.910379 1286 200 1323 305
person 0.906270 958 215 989 297
person 0.898890 1404 218 1445 313
person 0.822643 1020 253 1066 398
person 0.792662 493 165 508 195
person 0.720157 677 161 693 189
person 0.697153 1693 203 1734 314
person 0.653872 821 237 846 291
person 0.589725 440 183 462 207
person 0.547532 256 127 1683 304
person 0.537676 1084 206 1119 312
person 0.531009 562 164 575 191
person 0.507728 1785 213 1816 272
person 0.443309 526 164 537 188
person 0.410830 0 265 22 294
person 0.442987 609 160 621 187
person 0.417643 1658 215 1699 311
person 0.379869 1814 264 1865 377
person 0.375576 1398 191 1427 240
person 0.363959 635 160 648 188
person 0.301768 1039 245 1076 358
person 0.992408 1147 229 1183 327
person 0.988995 841 271 889 414
person 0.962487 638 272 673 383
person 0.940568 1210 204 1246 285
person 0.925997 1286 200 1323 305
person 0.924568 693 218 724 296
person 0.907173 1618 211 1655 306
person 0.885046 1403 218 1444 311
person 0.857499 963 222 989 288
person 0.816145 1019 275 1060 399
person 0.770568 493 165 508 196
person 0.680774 678 161 693 188
person 0.658579 1696 206 1735 313
person 0.635945 821 234 845 294
person 0.550081 1785 214 1818 272
person 0.550489 256 127 1685 306
person 0.541654 563 167 576 194
person 0.511357 1084 207 1117 311
person 0.501429 440 185 462 207
person 0.500505 1659 219 1698 309
person 0.448916 524 163 536 188
person 0.426102 1828 262 1875 378
person 0.420097 609 162 621 188
person 0.387825 0 265 23 294
person 0.352905 636 161 649 188
person 0.338119 1396 192 1425 242
person 0.327727 1067 239 1097 355
person 0.272047 1556 141 1575 181
person 0.260458 1817 293 1862 387
person 0.251232 819 163 830 182
