person 0.984056 386 246 439 351
person 0.982146 1392 203 1429 287
person 0.973506 292 252 338 364
person 0.961183 958 190 992 283
person 0.957147 603 219 637 314
person 0.957017 0 262 42 383
person 0.949490 38 226 79 308
person 0.928183 637 194 662 244
person 0.918275 416 218 443 264
person 0.913992 530 212 565 290
person 0.866748 1068 196 1089 239
person 0.813237 1507 184 1540 260
person 0.810049 677 226 712 302
person 0.809046 1694 188 1732 260
person 0.756769 1278 177 1311 254
person 0.712666 169 134 1778 271
person 0.650930 1022 201 1059 275
person 0.591362 1871 218 1917 340
person 0.535737 620 214 649 314
person 0.407363 475 158 493 187
person 0.348157 783 146 796 169
person 0.346839 456 163 478 193
person 0.286253 1860 209 1897 307
person 0.276483 683 149 695 172
person 0.275877 602 159 617 181
person 0.982877 1392 204 1431 287
person 0.979646 386 244 440 352
person 0.971154 0 262 44 382
person 0.969015 602 220 639 313
person 0.968773 295 251 339 362
person 0.943946 39 226 80 308
person 0.936026 960 192 993 285
person 0.909142 638 195 663 244
person 0.908644 1505 184 1539 261
person 0.907556 675 226 711 303
person 0.892164 414 218 442 263
person 0.850024 531 212 566 290
person 0.831041 1279 178 1311 254
person 0.773438 1068 195 1089 239
person 0.766635 1693 188 1731 259
person 0.738484 1023 201 1059 275
person 0.700534 171 134 1776 270
person 0.548443 618 213 648 314
person 0.404690 1872 217 1918 341
person 0.368390 782 144 795 169
person 0.348938 474 158 493 188
person 0.339169 455 163 478 193
person 0.284026 682 149 695 172
person 0.278212 602 159 617 181
person 0.273124 1859 207 1897 305
