person 0.980499 1393 204 1430 287
person 0.980149 299 250 340 361
person 0.979950 389 247 438 351
person 0.972459 0 260 44 381
person 0.965268 604 220 638 312
person 0.944247 41 226 80 307
person 0.930763 676 228 711 317
person 0.891668 1504 184 1539 260
person 0.890407 415 218 443 263
person 0.888045 1279 177 1311 253
person 0.866026 637 194 663 243
person 0.862212 968 191 996 279
person 0.817867 531 213 565 290
person 0.707851 1068 198 1089 240
person 0.692978 155 135 1790 269
person 0.685314 1693 188 1732 259
person 0.683443 619 215 647 315
person 0.679887 1029 205 1055 268
person 0.611187 940 206 963 259
person 0.450722 1012 203 1045 276
person 0.414596 965 192 987 250
person 0.393531 474 157 493 188
person 0.367626 1871 216 1918 342
person 0.361358 603 158 619 181
person 0.341743 682 149 695 173
person 0.332408 456 162 479 192
person 0.293616 784 145 797 169
person 0.279022 531 150 545 175
person 0.253200 545 230 570 281
person 0.987515 300 249 342 364
person 0.983715 391 245 440 350
person 0.982645 1392 204 1430 286
person 0.967755 677 227 711 318
person 0.961903 0 259 47 383
person 0.936900 1279 177 1312 254
person 0.924376 969 190 998 283
person 0.919601 41 226 81 307
person 0.883383 415 218 443 264
person 0.877752 1503 184 1538 261
person 0.865970 607 219 638 313
person 0.823420 619 214 648 315
person 0.782453 635 194 663 244
person 0.727080 1023 203 1061 275
person 0.703671 531 212 565 291
person 0.651113 150 132 1794 267
person 0.635347 1068 198 1089 238
person 0.534788 1701 195 1731 245
person 0.487337 939 209 962 258
person 0.383084 456 162 478 192
person 0.359616 781 145 795 170
person 0.356337 682 148 694 172
person 0.344135 601 158 617 182
person 0.325092 531 150 545 175
person 0.302033 964 192 987 246
person 0.297712 474 157 493 187
person 0.279137 973 229 995 277
person 0.258756 545 225 570 284
