person 0.985661 303 249 343 363
person 0.980173 1392 204 1430 286
person 0.975215 393 247 441 352
person 0.969546 678 228 711 318
person 0.966578 0 261 48 384
person 0.961289 40 225 80 308
person 0.935076 1279 177 1313 254
person 0.915959 972 191 1000 283
person 0.888578 415 218 443 264
person 0.884376 1502 186 1537 261
person 0.860507 618 215 647 313
person 0.833078 1024 204 1061 277
person 0.797335 638 194 664 242
person 0.786748 540 211 572 291
person 0.691312 141 136 1806 269
person 0.649710 939 205 961 260
person 0.625623 1067 198 1087 240
person 0.620896 1702 195 1731 244
person 0.463792 1869 216 1917 344
person 0.427205 602 158 618 183
person 0.396881 474 157 493 189
person 0.368830 532 149 546 175
person 0.360215 781 145 796 171
person 0.343889 456 162 479 193
person 0.336150 682 149 694 172
person 0.322710 966 191 987 248
person 0.287689 975 230 997 277
person 0.987279 305 249 345 365
person 0.984644 1393 204 1431 286
person 0.981582 675 227 710 317
person 0.974379 394 244 441 350
person 0.973014 0 260 48 385
person 0.954866 39 225 79 308
person 0.942100 1280 177 1313 254
person 0.935255 971 190 1001 284
person 0.919537 1025 203 1063 276
person 0.868503 1501 186 1537 260
person 0.826489 415 219 442 262
person 0.792055 618 217 647 310
person 0.789562 639 190 664 245
person 0.787317 542 212 572 290
person 0.721791 155 136 1794 271
person 0.647211 938 203 962 260
person 0.589379 1868 213 1916 344
person 0.443465 1702 197 1731 244
person 0.406892 1067 196 1087 239
person 0.401882 1695 207 1726 261
person 0.349120 780 144 796 171
person 0.337108 603 158 618 181
person 0.331311 1859 210 1898 310
person 0.264457 455 163 478 193
person 0.261106 532 149 546 174
person 0.250270 1 125 1062 295
