person 0.987270 1394 204 1431 286
person 0.970991 0 263 51 381
person 0.969389 396 243 442 352
person 0.958731 308 250 344 363
person 0.956106 40 226 80 308
person 0.945586 675 229 712 316
person 0.929894 1024 202 1065 276
person 0.925549 1280 176 1313 253
person 0.915230 971 190 1003 283
person 0.909459 617 216 650 312
person 0.890841 1500 185 1536 261
person 0.829973 543 211 574 291
person 0.784217 640 192 666 239
person 0.761805 415 219 443 264
person 0.672311 128 137 1822 271
person 0.618929 937 204 961 260
person 0.621156 1688 187 1727 260
person 0.447485 602 158 619 182
person 0.418926 534 149 548 176
person 0.416646 456 161 479 193
person 0.394382 1702 196 1731 247
person 0.369932 1068 194 1088 236
person 0.356831 474 156 493 188
person 0.301786 681 148 694 170
person 0.284138 1857 209 1898 309
person 0.271743 967 193 989 245
person 0.268764 780 143 797 170
person 0.988736 1394 202 1431 286
person 0.980889 0 264 52 381
person 0.969694 398 239 443 353
person 0.966133 40 225 79 307
person 0.961125 673 227 710 317
person 0.955302 309 250 346 365
person 0.951481 1281 177 1316 252
person 0.951006 618 220 650 311
person 0.916420 1025 202 1065 276
person 0.881222 970 188 1003 284
person 0.849264 642 189 667 238
person 0.840422 1500 185 1535 261
person 0.734225 153 136 1797 271
person 0.732480 543 212 573 291
person 0.724357 414 219 442 262
person 0.581726 1686 187 1726 260
person 0.417592 938 193 962 253
person 0.394621 1701 198 1730 246
person 0.368578 602 157 618 181
person 0.362965 966 192 989 247
person 0.356117 533 149 547 175
person 0.323541 458 160 480 192
person 0.320111 474 155 493 188
person 0.302203 1069 197 1085 234
person 0.289577 778 143 795 171
person 0.260976 0 127 1069 294
