person 0.987512 1394 202 1431 287
person 0.979234 0 263 56 383
person 0.973423 400 240 445 352
person 0.964024 39 226 80 308
person 0.963202 620 214 654 314
person 0.961885 1282 178 1317 254
person 0.949652 673 229 710 316
person 0.917875 311 251 346 360
person 0.893084 1500 186 1535 261
person 0.880824 972 191 1002 283
person 0.869338 1027 201 1066 274
person 0.833506 544 210 574 293
person 0.747335 414 220 442 261
person 0.707149 1692 205 1724 260
person 0.704090 642 189 669 237
person 0.703143 163 135 1783 272
person 0.524109 936 204 959 259
person 0.404515 1676 186 1710 261
person 0.403474 603 157 619 182
person 0.372079 966 193 987 246
person 0.351862 1002 200 1032 281
person 0.338141 532 150 547 175
person 0.289606 977 232 1000 276
person 0.288388 1704 200 1733 246
person 0.285897 474 157 493 189
person 0.279045 457 162 481 193
person 0.266669 776 143 793 170
person 0.987741 1396 203 1430 285
person 0.985197 402 213 447 362
person 0.982265 0 264 55 381
person 0.975248 621 216 653 310
person 0.946408 40 226 80 306
person 0.941496 1283 178 1317 253
person 0.924705 666 223 700 307
person 0.906587 1028 200 1064 277
person 0.900346 315 251 355 362
person 0.875887 975 194 1004 284
person 0.839688 1500 185 1534 261
person 0.816167 545 211 575 292
person 0.728282 414 220 442 260
person 0.691271 178 134 1770 274
person 0.613270 938 193 960 253
person 0.613533 645 188 671 236
person 0.599750 1692 208 1722 260
person 0.495518 1677 186 1710 260
person 0.405601 965 194 986 247
person 0.387000 997 201 1028 283
person 0.357360 1705 199 1732 245
person 0.347148 457 159 481 192
person 0.313488 604 157 619 181
