person 0.993155 405 209 448 364
person 0.981410 1395 203 1430 286
person 0.981000 2 267 56 384
person 0.973518 622 218 655 311
person 0.965087 41 226 82 306
person 0.956448 317 260 355 369
person 0.951012 1027 200 1065 278
person 0.943219 545 210 575 291
person 0.933816 1283 178 1318 253
person 0.918158 665 224 700 308
person 0.849157 972 192 1003 283
person 0.762953 415 219 441 260
person 0.719639 1677 189 1705 253
person 0.654003 168 133 1781 275
person 0.652831 644 187 671 238
person 0.632461 1499 183 1534 261
person 0.613890 996 201 1027 283
person 0.588597 1693 210 1721 259
person 0.569007 935 192 959 253
person 0.440646 1037 211 1062 264
person 0.407471 964 194 987 249
person 0.402260 456 159 481 193
person 0.338805 603 157 619 182
person 0.322681 1708 202 1734 241
person 0.293036 531 150 547 175
person 0.263636 777 143 793 170
person 0.986155 407 207 447 368
person 0.984982 1397 202 1431 286
person 0.971224 3 267 56 384
person 0.971049 623 219 656 309
person 0.967923 317 252 356 363
person 0.941937 40 226 82 306
person 0.941692 545 210 577 291
person 0.935183 1289 182 1319 244
person 0.911246 665 225 699 305
person 0.894205 1028 201 1063 277
person 0.805926 415 218 442 260
person 0.797134 1676 187 1703 254
person 0.792697 996 203 1026 283
person 0.741138 971 193 999 281
person 0.714205 644 188 671 238
person 0.684839 1496 186 1521 253
person 0.671281 164 133 1784 273
person 0.615671 934 192 958 254
person 0.469836 456 159 481 192
person 0.469391 1695 209 1720 261
person 0.461842 962 194 985 251
person 0.365799 605 156 621 182
person 0.356921 1711 202 1735 240
person 0.344925 776 143 792 171
person 0.296078 532 151 548 175
person 0.254540 628 233 651 285
