person 0.987817 1397 202 1432 287
person 0.979536 319 258 358 369
person 0.978906 403 237 447 352
person 0.972175 624 221 658 308
person 0.952824 3 268 59 384
person 0.935852 546 211 578 290
person 0.924520 43 226 83 305
person 0.919759 1285 180 1321 255
person 0.899581 662 224 695 304
person 0.876182 1028 201 1063 278
person 0.785067 994 204 1028 285
person 0.782409 415 219 442 260
person 0.728563 645 190 671 234
person 0.711685 1497 186 1520 249
person 0.701786 967 194 998 279
person 0.682023 1676 188 1702 252
person 0.665253 172 133 1781 273
person 0.536131 960 196 983 250
person 0.530703 933 195 957 251
person 0.503984 456 159 481 192
person 0.386668 1713 204 1737 237
person 0.387917 1505 191 1530 248
person 0.354075 604 156 621 181
person 0.338477 965 206 988 262
person 0.334305 534 151 550 176
person 0.314271 1692 212 1718 261
person 0.272748 679 146 694 173
person 0.264960 1683 210 1706 258
person 0.988912 1397 201 1435 288
person 0.980973 405 239 448 350
person 0.980158 318 253 360 364
person 0.964092 547 212 579 290
person 0.917531 1284 179 1321 254
person 0.914530 623 221 662 308
person 0.874588 1028 200 1063 277
person 0.866828 996 204 1029 282
person 0.855361 4 266 57 382
person 0.842761 415 219 442 259
person 0.823006 41 225 82 306
person 0.792302 1675 187 1700 252
person 0.723263 1493 183 1523 261
person 0.718237 658 224 694 306
person 0.661858 959 195 981 248
person 0.662802 643 189 675 237
person 0.644775 148 134 1800 271
person 0.582911 456 159 480 193
person 0.576443 935 195 959 250
person 0.374745 1713 203 1735 236
person 0.355855 605 156 621 181
person 0.298797 777 145 791 169
person 0.293617 534 151 550 176
