person 0.991001 1398 201 1435 288
person 0.981816 319 253 360 365
person 0.979878 548 212 581 290
person 0.977072 407 240 449 351
person 0.925659 626 221 663 311
person 0.918312 1292 184 1319 242
person 0.913820 995 204 1030 284
person 0.903581 14 257 68 387
person 0.887393 1028 200 1064 277
person 0.824493 1674 188 1700 250
person 0.799909 416 219 442 258
person 0.762935 661 229 696 316
person 0.757665 41 227 83 304
person 0.733241 956 195 979 249
person 0.715412 1492 180 1521 262
person 0.706642 935 195 960 252
person 0.688098 153 136 1796 268
person 0.553171 643 190 673 235
person 0.514656 456 159 481 194
person 0.473222 1037 211 1062 262
person 0.414324 555 228 578 278
person 0.385414 1714 205 1738 235
person 0.340266 604 156 619 181
person 0.276862 1852 218 1903 334
person 0.275785 683 148 695 172
person 0.270393 777 146 792 170
person 0.260909 534 150 550 176
person 0.991423 320 257 362 370
person 0.989773 1398 202 1435 288
person 0.981149 548 212 582 290
person 0.979638 406 239 451 351
person 0.937473 1287 178 1323 256
person 0.908229 15 255 71 386
person 0.889457 627 221 662 309
person 0.877078 997 204 1033 282
person 0.875909 652 231 697 314
person 0.873908 1028 199 1064 276
person 0.814385 417 221 443 259
person 0.796744 42 226 83 305
person 0.766752 1673 188 1699 250
person 0.735452 1491 180 1520 263
person 0.665556 160 136 1792 268
person 0.620375 456 160 481 194
person 0.613505 956 197 979 247
person 0.611588 933 196 958 250
person 0.535472 644 191 674 235
person 0.355481 557 232 579 274
person 0.429142 1039 211 1063 259
person 0.432022 604 156 620 181
person 0.397144 1716 204 1738 234
person 0.372666 682 148 694 172
person 0.349476 777 146 792 171
person 0.316411 535 150 550 177
