person 0.987114 319 257 363 370
person 0.986116 1398 201 1435 287
person 0.978756 410 239 452 351
person 0.978238 548 211 582 291
person 0.945592 1287 179 1324 255
person 0.935891 996 204 1030 282
person 0.914668 1026 199 1065 276
person 0.876690 630 220 667 310
person 0.873363 18 259 71 384
person 0.848993 1490 180 1519 263
person 0.843414 417 220 443 260
person 0.839680 1672 188 1698 250
person 0.834001 40 225 82 305
person 0.747567 653 232 698 313
person 0.681623 160 136 1791 269
person 0.609247 927 190 967 258
person 0.592301 456 160 481 194
person 0.488184 556 227 579 278
person 0.501340 644 190 675 236
person 0.456667 604 156 620 182
person 0.431110 956 198 979 246
person 0.434753 775 144 791 172
person 0.355546 682 148 694 172
person 0.293775 1037 213 1062 259
person 0.315250 535 149 550 177
person 0.307132 1716 202 1739 233
person 0.989345 1399 201 1435 287
person 0.984499 411 238 454 350
person 0.983274 321 259 365 369
person 0.976598 549 211 583 291
person 0.955847 1289 178 1324 256
person 0.929144 1027 198 1065 276
person 0.927794 997 204 1030 281
person 0.899125 651 231 698 316
person 0.898326 18 261 75 384
person 0.857168 1488 180 1517 262
person 0.845720 632 219 669 309
person 0.804909 39 225 82 303
person 0.801700 417 220 443 259
person 0.797058 1665 185 1703 259
person 0.664432 144 136 1807 266
person 0.649654 932 195 957 250
person 0.584306 643 189 675 238
person 0.581103 458 160 481 193
person 0.557165 776 144 792 174
person 0.510637 602 156 619 182
person 0.481141 955 197 978 247
person 0.435210 558 228 580 277
person 0.378969 682 147 695 172
person 0.371223 535 148 551 178
person 0.364622 1717 204 1740 234
