person 0.986960 1401 202 1437 287
person 0.982717 322 259 366 369
person 0.977485 412 238 455 351
person 0.965462 550 210 584 292
person 0.943521 1291 178 1325 257
person 0.930480 21 263 75 384
person 0.928999 1026 197 1065 277
person 0.903029 1002 201 1032 281
person 0.876671 1486 180 1516 262
person 0.868538 650 230 696 318
person 0.851450 633 219 673 312
person 0.834676 1662 186 1702 259
person 0.807921 417 220 443 260
person 0.775252 38 225 80 301
person 0.643030 149 137 1809 264
person 0.631288 932 195 956 249
person 0.606893 1848 213 1898 314
person 0.600361 457 160 481 192
person 0.595507 656 189 683 237
person 0.535474 601 156 618 182
person 0.501290 955 196 978 247
person 0.382688 559 230 580 276
person 0.385509 682 148 694 172
person 0.382222 1716 203 1740 235
person 0.351139 534 149 551 178
person 0.331892 779 146 793 171
person 0.988479 1401 202 1439 288
person 0.987104 323 260 368 369
person 0.978646 414 206 457 367
person 0.969667 1291 178 1326 256
person 0.968255 553 210 586 292
person 0.943824 1484 182 1515 262
person 0.934181 1025 198 1065 279
person 0.916821 648 231 695 319
person 0.910671 20 262 81 383
person 0.888973 1003 202 1033 282
person 0.762772 1664 190 1695 251
person 0.744965 933 194 957 250
person 0.748248 1841 213 1899 315
person 0.661284 37 226 81 298
person 0.628034 955 197 978 245
person 0.624309 155 136 1802 265
person 0.620120 637 218 673 310
person 0.611466 419 221 445 260
person 0.593465 656 188 682 237
person 0.589699 457 161 481 193
person 0.520875 601 156 617 183
person 0.396677 1005 215 1026 266
person 0.436505 1716 205 1739 236
person 0.341138 779 147 792 170
person 0.328643 536 150 551 177
person 0.287940 682 149 693 172
