person 0.989714 841 279 891 411
person 0.988229 1151 230 1183 326
person 0.953541 638 273 673 382
person 0.924588 1211 204 1247 286
person 0.921206 1007 273 1053 401
person 0.901524 1287 199 1324 306
person 0.899761 1618 211 1656 306
person 0.896762 694 217 723 295
person 0.893725 1405 219 1443 311
person 0.855865 964 223 989 289
person 0.760517 493 165 509 196
person 0.705127 677 162 692 188
person 0.642858 825 235 847 292
person 0.631123 1696 207 1736 313
person 0.590162 259 127 1674 307
person 0.589340 1069 233 1100 334
person 0.561117 1658 218 1698 310
person 0.556804 562 166 575 193
person 0.541771 1785 214 1817 272
person 0.500492 440 184 461 207
person 0.476712 608 162 620 188
person 0.463664 1829 262 1875 377
person 0.441848 525 164 536 188
person 0.410459 639 162 652 188
person 0.380973 0 265 22 294
person 0.283861 1557 141 1576 182
person 0.275903 819 164 830 182
person 0.262364 1396 191 1423 244
person 0.989270 844 278 896 415
person 0.986000 1152 231 1186 326
person 0.949576 637 272 673 383
person 0.937525 1004 269 1054 402
person 0.923145 1212 205 1248 286
person 0.903251 1286 200 1325 305
person 0.896864 693 218 723 295
person 0.874841 1619 210 1656 306
person 0.861430 1403 218 1443 311
person 0.852763 964 223 988 289
person 0.809184 492 165 508 197
person 0.689572 678 162 692 189
person 0.582774 267 126 1671 309
person 0.578660 1658 218 1697 309
person 0.564407 1062 245 1094 351
person 0.561337 561 165 575 193
person 0.543493 1695 206 1736 312
person 0.506279 826 237 848 291
person 0.499881 441 186 461 208
person 0.495730 607 162 619 188
person 0.491906 1786 216 1818 271
person 0.488380 525 163 537 189
person 0.377833 0 265 21 294
person 0.410762 1830 260 1875 377
person 0.400976 639 162 653 188
person 0.353943 1395 191 1423 244
person 0.289087 1078 208 1112 310
person 0.277753 821 163 832 182
person 0.271936 1556 141 1575 182
