person 0.988247 416 212 457 360
person 0.987585 327 255 368 362
person 0.987223 1401 203 1441 287
person 0.938511 553 210 587 293
person 0.927347 1483 182 1514 263
person 0.911790 1294 177 1328 255
person 0.908750 1024 198 1066 279
person 0.885551 1002 203 1034 282
person 0.873823 649 228 694 319
person 0.790124 1658 187 1699 259
person 0.776877 639 216 676 311
person 0.732289 1838 213 1898 317
person 0.700327 656 187 683 237
person 0.685187 39 225 81 300
person 0.668226 145 136 1815 265
person 0.600614 933 195 956 250
person 0.603969 25 263 79 384
person 0.600524 457 161 480 192
person 0.542915 420 221 444 259
person 0.518945 601 156 616 182
person 0.411855 954 196 976 245
person 0.412773 1716 206 1739 236
person 0.363688 682 149 694 172
person 0.350092 779 147 791 170
person 0.344787 536 150 550 177
person 0.990596 418 212 457 359
person 0.987763 328 255 372 362
person 0.985811 1401 203 1440 288
person 0.952737 556 210 588 294
person 0.913845 1482 181 1512 262
person 0.911770 1296 177 1328 256
person 0.880510 1023 199 1066 278
person 0.875187 25 264 80 384
person 0.874258 649 205 688 316
person 0.831998 1835 216 1896 340
person 0.791371 1003 204 1036 281
person 0.772161 45 227 76 284
person 0.746511 934 194 956 251
person 0.706622 1657 187 1695 259
person 0.687027 137 136 1821 267
person 0.602407 954 195 977 245
person 0.555831 459 161 480 192
person 0.509462 602 157 617 182
person 0.436481 657 189 683 238
person 0.428294 422 221 446 260
person 0.328343 1005 234 1031 275
person 0.339122 780 147 793 169
person 0.337645 681 149 693 173
person 0.321547 1715 207 1737 235
person 0.281686 536 151 549 176
