person 0.989694 418 210 458 361
person 0.987754 328 254 371 361
person 0.981802 1405 203 1442 287
person 0.937558 26 264 83 382
person 0.933217 1481 182 1511 263
person 0.928637 556 210 588 293
person 0.906121 1301 183 1326 245
person 0.888493 1003 204 1039 282
person 0.873742 1023 199 1066 280
person 0.859677 647 208 689 315
person 0.810897 44 225 77 284
person 0.794472 1659 190 1690 253
person 0.669464 1835 215 1897 336
person 0.666680 656 190 685 238
person 0.666500 151 137 1808 268
person 0.657075 933 194 956 251
person 0.602202 601 156 616 181
person 0.571148 421 219 447 260
person 0.522214 954 194 977 248
person 0.515428 456 162 479 192
person 0.407475 680 149 693 172
person 0.403420 779 145 793 170
person 0.346259 535 150 549 177
person 0.339093 1716 207 1738 234
person 0.291826 560 151 573 176
person 0.265146 567 157 579 179
person 0.985054 329 258 372 371
person 0.982993 1405 203 1443 287
person 0.967701 421 212 458 356
person 0.953170 26 259 81 382
person 0.946157 1478 182 1511 263
person 0.934379 559 209 590 294
person 0.875916 650 202 687 317
person 0.874034 1004 204 1040 283
person 0.872129 1024 199 1064 281
person 0.850794 1300 177 1332 258
person 0.787827 933 192 956 252
person 0.748592 1656 188 1684 252
person 0.722993 47 227 77 284
person 0.655395 157 136 1803 268
person 0.515890 458 162 480 193
person 0.502674 659 193 685 240
person 0.493558 603 157 618 182
person 0.468425 954 196 975 246
person 0.448813 1834 219 1893 336
person 0.376334 423 221 447 260
person 0.329477 1714 207 1736 233
person 0.274069 780 145 792 168
