person 0.991988 330 259 374 373
person 0.983419 1405 203 1443 286
person 0.977438 420 216 460 353
person 0.972237 30 260 86 385
person 0.920821 648 209 689 318
person 0.913455 559 208 590 295
person 0.904822 1301 178 1333 257
person 0.890928 1478 183 1510 262
person 0.881016 1004 204 1042 283
person 0.816283 1654 188 1684 253
person 0.801563 1024 199 1062 281
person 0.779928 49 227 77 284
person 0.777175 932 194 957 252
person 0.754539 659 190 688 240
person 0.630228 1832 218 1888 338
person 0.589635 161 136 1801 264
person 0.561173 602 158 619 183
person 0.543095 457 163 480 194
person 0.493505 564 228 586 280
person 0.318766 1714 208 1737 234
person 0.281455 781 146 793 170
person 0.250810 1044 199 1066 240
person 0.996567 1328 266 1384 420
person 0.991652 733 381 818 594
person 0.980455 1471 206 1503 308
person 0.973566 768 239 805 332
person 0.967672 493 224 522 307
person 0.962550 129 235 175 325
person 0.953119 653 232 685 324
person 0.915192 836 205 873 359
person 0.879259 703 229 734 329
person 0.859696 1724 245 1784 361
person 0.797819 518 155 535 190
person 0.780372 261 159 282 202
person 0.763634 555 153 573 187
person 0.743914 1531 196 1562 268
person 0.696950 449 161 471 197
person 0.679737 1386 169 1410 227
person 0.668781 113 131 1823 292
person 0.644327 823 144 837 175
person 0.571329 1014 207 1045 281
person 0.505763 380 161 395 189
person 0.476685 0 262 24 291
person 0.472724 705 326 759 444
person 0.413415 415 160 430 191
person 0.335451 1396 169 1418 221
person 0.316316 1616 161 1643 223
person 0.314316 1179 153 1198 202
person 0.286317 1025 217 1050 269
person 0.275256 1483 157 1500 192
person 0.268504 232 159 251 195
