person 0.997844 1330 266 1382 422
person 0.987756 733 373 816 594
person 0.968241 771 237 804 334
person 0.966775 658 230 689 323
person 0.958588 493 224 523 306
person 0.957807 1472 209 1505 305
person 0.954210 131 235 172 324
person 0.869664 834 239 875 358
person 0.847353 706 227 735 331
person 0.830771 262 160 282 202
person 0.784784 1737 246 1785 360
person 0.765170 517 155 535 190
person 0.747935 553 153 572 187
person 0.740534 1386 168 1410 226
person 0.663183 112 131 1820 296
person 0.648745 449 161 470 195
person 0.576143 821 144 835 174
person 0.552549 379 161 394 189
person 0.534851 1015 206 1044 282
person 0.484954 0 261 22 290
person 0.390938 1532 204 1560 261
person 0.369951 1483 156 1500 193
person 0.360662 838 210 871 313
person 0.360265 1396 167 1418 219
person 0.340604 415 160 431 191
person 0.327417 1453 156 1470 193
person 0.322084 1179 153 1198 203
person 0.309084 1026 216 1050 270
person 0.304456 1708 253 1738 307
person 0.295454 1271 151 1293 200
person 0.276906 1617 163 1643 222
person 0.260393 1298 155 1320 201
person 0.997588 1331 263 1383 422
person 0.992748 728 369 803 597
person 0.988799 1473 209 1509 307
person 0.971902 494 224 523 307
person 0.965966 131 235 174 325
person 0.943915 771 238 805 332
person 0.940416 660 230 692 323
person 0.934123 836 237 873 360
person 0.889311 705 227 738 330
person 0.808371 260 161 279 202
person 0.784706 1734 239 1786 363
person 0.781469 1386 169 1410 226
person 0.718011 553 152 574 188
person 0.716818 517 154 535 190
person 0.656614 111 133 1829 298
person 0.635418 449 160 470 196
person 0.542726 821 142 836 174
person 0.494778 380 160 395 189
person 0.481048 1537 193 1569 270
person 0.478566 1021 205 1052 282
person 0.455910 0 261 22 291
person 0.415598 1483 157 1499 193
person 0.374689 1396 168 1418 220
person 0.363229 1297 154 1319 202
person 0.352639 1453 157 1470 194
person 0.332661 1273 151 1294 201
person 0.304313 1179 153 1197 202
person 0.268066 417 160 433 189
person 0.262281 1017 215 1040 270
person 0.253700 1847 184 1880 223
