person 0.996174 1333 264 1382 419
person 0.983418 1473 210 1509 306
person 0.978798 494 225 523 307
person 0.978759 728 362 796 596
person 0.971894 132 234 174 323
person 0.969902 772 239 808 333
person 0.957118 661 231 695 322
person 0.919037 707 229 740 327
person 0.908124 837 198 875 367
person 0.831809 1729 246 1788 388
person 0.811463 259 159 279 201
person 0.783835 554 154 574 188
person 0.775271 1386 168 1410 226
person 0.768352 518 155 536 191
person 0.723575 449 160 470 195
person 0.676562 107 131 1828 297
person 0.646703 820 143 836 176
person 0.631592 1021 205 1052 282
person 0.593389 377 160 394 190
person 0.448888 0 261 22 290
person 0.442206 1272 149 1293 200
person 0.439422 1180 153 1198 199
person 0.415756 1297 153 1320 202
person 0.338080 1482 156 1498 192
person 0.336475 700 291 764 512
person 0.323719 1538 192 1568 270
person 0.304494 1396 168 1418 219
person 0.300523 1848 186 1881 223
person 0.298913 417 159 432 189
person 0.285050 233 159 251 195
person 0.280374 1618 163 1643 220
person 0.995718 1332 259 1381 423
person 0.988710 725 361 789 598
person 0.983244 1475 212 1513 305
person 0.981161 771 240 809 333
person 0.972110 494 226 524 306
person 0.967997 133 234 173 322
person 0.961671 836 238 876 359
person 0.956361 664 231 694 321
person 0.920008 707 226 743 326
person 0.890085 1732 250 1789 392
person 0.833968 1020 206 1053 282
person 0.813768 258 159 278 204
person 0.761723 1386 169 1411 226
person 0.753650 555 155 573 187
person 0.707261 519 156 536 190
person 0.688684 449 161 469 195
person 0.682048 110 135 1829 289
person 0.641154 378 159 395 190
person 0.569722 1539 191 1569 271
person 0.535805 819 147 833 175
person 0.482505 708 326 757 440
person 0.423602 0 261 22 290
person 0.371254 1482 156 1497 192
person 0.348921 1181 154 1198 197
person 0.323101 1273 149 1293 199
person 0.316463 1298 154 1319 199
person 0.314036 1847 187 1881 223
person 0.309576 1396 170 1418 219
person 0.294932 845 210 873 266
person 0.275049 1618 162 1644 221
person 0.259793 1454 157 1469 191
person 0.257067 416 159 430 188
person 0.251854 1756 243 1796 359
