person 0.994074 1334 262 1382 419
person 0.982904 724 349 787 602
person 0.977787 837 240 877 358
person 0.972293 1480 212 1512 307
person 0.964091 496 226 524 305
person 0.957963 776 239 807 332
person 0.954113 134 234 173 324
person 0.951150 666 232 696 322
person 0.932865 706 227 746 324
person 0.856472 1729 251 1794 391
person 0.804089 1020 206 1053 282
person 0.775300 554 155 572 188
person 0.752683 258 160 277 204
person 0.743031 449 160 470 195
person 0.734143 1386 168 1411 227
person 0.728134 519 155 536 190
person 0.674221 95 132 1834 297
person 0.668711 1542 188 1568 258
person 0.650207 377 159 394 191
person 0.535923 846 210 874 265
person 0.489088 1180 155 1199 198
person 0.443354 820 147 833 175
person 0.420535 0 261 22 290
person 0.409131 711 326 756 440
person 0.321181 415 160 429 187
person 0.301090 1847 186 1881 222
person 0.289121 1480 156 1497 193
person 0.256662 1618 162 1644 221
person 0.254927 1272 149 1293 199
person 0.250327 1298 154 1320 199
person 0.995975 1333 258 1383 421
person 0.985132 724 357 786 600
person 0.982533 836 243 876 358
person 0.980439 1482 213 1515 307
person 0.978964 777 239 811 334
person 0.962324 495 227 525 304
person 0.953434 135 234 172 323
person 0.920113 709 230 749 324
person 0.886812 669 232 699 321
person 0.829381 1745 242 1807 392
person 0.820727 1022 207 1054 282
person 0.802225 553 154 572 188
person 0.800227 449 161 470 195
person 0.795919 256 158 277 205
person 0.780636 517 154 536 190
person 0.756055 1386 167 1410 226
person 0.669632 846 210 873 264
person 0.651277 113 134 1827 290
person 0.583374 1180 155 1199 197
person 0.541740 378 160 393 189
person 0.537352 1541 191 1571 272
person 0.525808 820 146 833 174
person 0.402652 0 261 22 289
person 0.358726 413 162 427 188
person 0.336779 1724 220 1769 303
person 0.320735 1273 148 1294 199
person 0.318662 1847 186 1881 223
person 0.314950 1296 152 1319 198
person 0.286138 717 327 768 433
person 0.287514 1618 160 1645 223
person 0.271722 1484 155 1500 192
