person 0.993734 1334 261 1383 420
person 0.983013 838 244 880 357
person 0.980887 720 341 781 602
person 0.979970 782 237 813 333
person 0.971258 1483 212 1516 305
person 0.971236 496 226 526 306
person 0.964718 672 232 702 325
person 0.959947 137 234 171 322
person 0.945459 713 230 749 321
person 0.869035 255 156 277 205
person 0.832739 555 154 573 188
person 0.818973 1022 207 1054 282
person 0.818191 449 160 470 196
person 0.780899 516 154 535 191
person 0.777083 1749 246 1812 391
person 0.729679 1386 167 1411 226
person 0.712478 133 133 1809 292
person 0.694084 374 159 391 191
person 0.637436 1542 191 1573 270
person 0.567358 1180 156 1199 198
person 0.562234 847 212 875 265
person 0.546774 821 145 834 174
person 0.411727 0 261 22 289
person 0.394167 414 161 429 189
person 0.379797 1722 235 1768 315
person 0.331226 1847 187 1881 222
person 0.299940 1618 161 1645 224
person 0.292214 233 158 250 195
person 0.258742 1297 150 1320 197
person 0.994438 1333 264 1384 417
person 0.986189 839 242 880 357
person 0.984778 720 359 776 599
person 0.980524 784 237 815 332
person 0.973732 1488 210 1520 305
person 0.970090 495 226 526 305
person 0.964599 137 233 173 322
person 0.945881 671 231 704 323
person 0.944824 715 232 751 320
person 0.864816 256 158 276 204
person 0.845715 448 160 471 196
person 0.844244 1025 206 1056 282
person 0.837147 554 154 572 187
person 0.804361 516 154 535 191
person 0.711421 372 159 390 192
person 0.693461 1386 169 1411 226
person 0.672327 127 132 1815 295
person 0.617262 1755 257 1815 387
person 0.611787 1723 238 1772 311
person 0.592349 1548 205 1572 265
person 0.592439 821 146 834 174
person 0.575846 847 212 875 265
person 0.558216 1180 156 1199 197
person 0.457481 716 320 766 440
person 0.436603 414 161 430 189
person 0.421259 0 261 22 289
person 0.321038 1617 161 1645 223
person 0.285679 1297 151 1319 199
person 0.281487 1847 187 1881 222
person 0.252652 1484 156 1501 193
person 0.250449 233 159 250 194
