person 0.991497 1336 263 1383 417
person 0.984828 840 243 881 356
person 0.982840 718 361 774 597
person 0.974646 1491 209 1522 305
person 0.972065 495 226 527 305
person 0.969715 138 233 173 322
person 0.962698 788 236 819 332
person 0.955950 674 231 708 323
person 0.909700 713 233 751 320
person 0.909093 1027 206 1057 283
person 0.879479 447 159 472 196
person 0.844239 554 154 572 187
person 0.821673 255 158 276 204
person 0.753820 517 153 535 190
person 0.695904 1386 168 1410 226
person 0.681245 134 130 1816 290
person 0.671474 1179 156 1199 199
person 0.668620 373 159 391 192
person 0.656433 1549 207 1575 265
person 0.652796 1765 240 1816 365
person 0.601000 822 147 835 174
person 0.560942 847 212 875 263
person 0.403843 0 261 22 289
person 0.405254 413 160 430 189
person 0.331850 1298 150 1319 198
person 0.303535 1486 156 1504 193
person 0.281662 1726 242 1776 314
person 0.270519 1618 161 1645 224
person 0.269582 718 318 764 442
person 0.261044 233 159 251 195
person 0.250238 1848 187 1881 222
person 0.982834 1337 264 1384 415
person 0.979376 138 233 174 324
person 0.977718 714 352 773 599
person 0.970884 841 242 881 355
person 0.967569 496 226 527 305
person 0.964023 1493 208 1526 305
person 0.951046 675 232 709 326
person 0.933582 790 235 821 328
person 0.911390 448 159 472 196
person 0.898827 1028 205 1057 283
person 0.888050 714 233 752 319
person 0.860221 554 153 573 187
person 0.853184 1547 192 1578 271
person 0.825434 255 158 275 203
person 0.728995 1386 170 1411 227
person 0.723412 515 153 533 190
person 0.679689 1179 155 1200 199
person 0.673132 130 128 1822 289
person 0.669524 374 159 390 190
person 0.666292 1766 243 1818 360
person 0.628725 820 145 834 175
person 0.473682 1485 156 1504 194
person 0.416769 848 214 877 264
person 0.391308 412 159 428 187
person 0.376461 0 261 22 289
person 0.359642 235 159 254 197
person 0.315125 1618 161 1645 223
person 0.312864 505 156 522 188
person 0.292434 1726 240 1784 313
