person 0.983530 712 358 774 598
person 0.982839 1338 269 1384 411
person 0.979568 841 243 880 353
person 0.977484 791 238 823 330
person 0.966076 138 235 175 323
person 0.965208 678 231 710 327
person 0.964288 496 225 527 306
person 0.939068 1495 205 1525 308
person 0.904944 1550 192 1579 271
person 0.899998 723 233 758 326
person 0.885428 448 159 472 196
person 0.865540 555 153 574 188
person 0.808832 255 157 275 202
person 0.797085 1029 204 1059 283
person 0.765615 1769 237 1822 363
person 0.742150 514 153 532 191
person 0.717144 147 130 1799 294
person 0.691825 1386 169 1411 228
person 0.687497 371 159 389 191
person 0.669126 1180 156 1199 200
person 0.658407 821 145 836 176
person 0.535638 412 159 429 190
person 0.501838 236 159 256 200
person 0.460743 849 215 876 263
person 0.406594 0 261 23 289
person 0.418334 1485 157 1503 193
person 0.351514 1618 162 1645 223
person 0.305139 719 323 767 438
person 0.278386 505 156 523 188
person 0.984465 712 363 773 599
person 0.981801 842 238 882 355
person 0.981092 1337 272 1386 410
person 0.977841 138 235 177 326
person 0.975085 680 231 711 326
person 0.959937 497 224 527 306
person 0.954893 793 237 824 329
person 0.949696 725 230 759 326
person 0.936342 1495 207 1526 309
person 0.909832 448 159 471 195
person 0.897386 554 153 574 188
person 0.838171 514 153 533 191
person 0.830228 1549 195 1579 272
person 0.785338 1035 212 1057 272
person 0.777837 254 159 273 201
person 0.730282 1386 167 1411 227
person 0.699882 372 159 390 193
person 0.696323 1178 156 1199 201
person 0.684007 150 128 1788 289
person 0.626431 236 159 256 199
person 0.591555 1764 240 1826 363
person 0.569326 823 147 836 174
person 0.506716 708 233 742 322
person 0.495152 411 160 427 189
person 0.437348 1484 156 1502 194
person 0.434108 723 325 767 435
person 0.378804 0 261 22 290
person 0.378835 1617 161 1645 223
person 0.289634 1848 186 1881 222
person 0.280384 506 156 522 189
person 0.274325 847 214 875 260
