person 0.985690 138 235 179 326
person 0.979250 712 366 774 599
person 0.976000 841 240 887 355
person 0.965126 680 232 713 327
person 0.959789 727 229 760 324
person 0.955486 1347 269 1392 407
person 0.954601 792 237 825 329
person 0.936100 498 224 527 306
person 0.917471 1498 211 1532 305
person 0.904535 449 158 471 194
person 0.878603 555 154 575 187
person 0.843754 1551 195 1581 272
person 0.824514 513 154 533 190
person 0.771209 1030 202 1059 283
person 0.747707 1385 168 1412 228
person 0.717237 370 158 388 194
person 0.699548 1178 156 1199 201
person 0.686358 1765 244 1825 363
person 0.677324 177 124 1757 294
person 0.672057 235 158 256 202
person 0.650106 699 234 733 322
person 0.552006 255 159 274 202
person 0.544707 724 327 768 435
person 0.500791 822 146 834 174
person 0.479713 413 160 429 190
person 0.455564 1483 156 1502 194
person 0.422878 0 261 22 290
person 0.393214 849 215 876 261
person 0.376100 1616 161 1644 222
person 0.288076 1298 152 1321 200
person 0.283634 506 156 522 188
person 0.986780 137 235 180 326
person 0.977296 1346 268 1393 407
person 0.977174 841 239 888 354
person 0.975237 698 378 770 594
person 0.954429 680 233 715 326
person 0.945335 793 237 826 331
person 0.928780 729 231 762 323
person 0.906760 554 154 575 188
person 0.904352 499 225 527 307
person 0.901071 1552 195 1581 272
person 0.901402 448 158 471 195
person 0.877024 1030 204 1061 283
person 0.823290 514 154 533 190
person 0.796210 1500 210 1531 305
person 0.772668 1762 240 1825 356
person 0.720989 370 160 388 195
person 0.718240 1385 168 1411 229
person 0.694860 727 327 773 438
person 0.662082 150 127 1787 289
person 0.659579 1179 155 1199 200
person 0.590943 235 158 256 203
person 0.504588 412 161 428 189
person 0.409695 848 212 875 261
person 0.398307 1616 162 1645 220
person 0.388182 820 148 831 172
person 0.356453 1484 156 1502 194
person 0.332650 1 261 22 291
person 0.330910 505 156 522 188
person 0.251276 1297 153 1321 200
