person 0.990227 1152 231 1186 327
person 0.988516 846 279 900 411
person 0.979252 633 271 674 384
person 0.951890 1004 274 1053 400
person 0.924430 1211 206 1249 286
person 0.904652 1620 211 1658 306
person 0.885586 1284 201 1327 304
person 0.881939 1403 218 1443 312
person 0.879074 693 218 723 295
person 0.830169 963 223 988 288
person 0.790804 492 165 509 196
person 0.770699 1064 245 1096 353
person 0.717997 677 162 692 189
person 0.706775 828 235 853 325
person 0.622665 1693 205 1736 313
person 0.605473 559 163 573 193
person 0.594508 1657 217 1698 310
person 0.585731 606 161 619 188
person 0.583197 269 125 1669 308
person 0.511658 1785 216 1818 272
person 0.477091 440 185 461 208
person 0.467109 526 162 538 188
person 0.459099 640 162 654 188
person 0.346197 0 265 20 295
person 0.294531 1394 192 1422 246
person 0.281394 1079 208 1112 310
person 0.280118 1832 261 1876 376
person 0.989020 1153 231 1187 327
person 0.985642 849 278 903 410
person 0.982339 631 272 675 384
person 0.970737 1002 269 1056 404
person 0.923767 1284 199 1328 306
person 0.917086 1063 245 1096 353
person 0.896192 1620 211 1660 306
person 0.887715 1403 217 1441 312
person 0.853200 693 218 723 294
person 0.838606 963 223 988 288
person 0.841493 1214 206 1250 287
person 0.818254 492 165 510 197
person 0.744256 676 162 693 190
person 0.696729 1697 206 1738 312
person 0.676753 605 162 619 189
person 0.657817 828 236 855 325
person 0.603503 556 161 570 192
person 0.558855 254 125 1685 307
person 0.549711 1655 216 1698 310
person 0.513988 528 161 541 189
person 0.477961 639 162 654 188
person 0.472601 439 186 461 208
person 0.456778 1834 266 1878 375
person 0.343079 0 265 20 295
person 0.320967 1786 216 1819 269
person 0.279248 819 162 830 182
