person 0.987222 1346 266 1392 409
person 0.984924 137 235 182 325
person 0.984815 697 375 769 593
person 0.978242 843 238 888 354
person 0.955738 679 234 716 328
person 0.955539 1500 211 1535 306
person 0.952534 730 231 763 325
person 0.927602 1030 205 1060 284
person 0.915383 448 158 471 196
person 0.894388 792 238 827 330
person 0.893811 556 153 575 188
person 0.889358 503 223 535 307
person 0.810704 1766 238 1820 355
person 0.808523 1553 196 1582 275
person 0.794475 514 153 532 189
person 0.743527 1385 167 1411 229
person 0.725478 232 159 255 200
person 0.677399 371 159 389 194
person 0.625991 1180 155 1200 198
person 0.617381 154 121 1787 293
person 0.596132 725 329 772 441
person 0.528616 1615 161 1645 222
person 0.516556 823 146 834 172
person 0.494337 411 161 428 191
person 0.491142 1484 156 1502 195
person 0.416056 505 157 521 187
person 0.401552 1792 244 1842 354
person 0.326343 1 261 22 291
person 0.318523 848 212 876 261
person 0.262214 1297 150 1321 200
person 0.992448 1345 268 1396 408
person 0.986482 694 378 773 597
person 0.981743 138 235 184 326
person 0.980982 844 240 888 352
person 0.971882 1503 209 1537 307
person 0.953476 728 231 764 324
person 0.939009 688 235 725 323
person 0.924597 1030 205 1062 284
person 0.912476 448 158 470 196
person 0.908334 797 232 834 334
person 0.904170 556 153 576 188
person 0.882309 504 222 535 306
person 0.844125 1769 236 1826 357
person 0.743914 514 153 533 189
person 0.730591 1385 167 1411 229
person 0.727685 1180 154 1200 200
person 0.699771 725 325 771 449
person 0.690237 1557 195 1585 275
person 0.671856 150 123 1785 288
person 0.652764 371 161 389 194
person 0.609490 233 161 254 201
person 0.592764 412 161 429 191
person 0.581808 824 145 836 172
person 0.529492 1615 162 1645 222
person 0.452198 1484 156 1503 195
person 0.380950 848 210 876 261
person 0.370483 505 156 521 186
person 0.329659 1795 243 1845 357
person 0.276040 1298 150 1321 200
person 0.251549 1 261 22 291
