person 0.994724 1347 269 1396 406
person 0.991701 692 376 775 597
person 0.980904 846 242 889 351
person 0.978474 139 236 186 326
person 0.977913 1505 209 1540 310
person 0.971366 689 236 724 325
person 0.948429 504 223 535 308
person 0.938241 730 233 763 324
person 0.930046 798 233 834 334
person 0.926609 1031 204 1063 284
person 0.912300 556 153 576 189
person 0.897354 446 159 470 197
person 0.733273 1181 154 1200 199
person 0.728554 1385 166 1411 228
person 0.727209 1559 193 1586 274
person 0.691303 1768 239 1824 355
person 0.687187 728 324 776 451
person 0.684868 824 144 837 172
person 0.658059 162 122 1779 289
person 0.597738 513 154 533 188
person 0.545741 1615 161 1645 221
person 0.539165 372 161 390 194
person 0.514770 1484 155 1504 197
person 0.439797 1795 244 1853 352
person 0.413538 233 160 254 204
person 0.392239 410 160 427 190
person 0.386008 849 212 876 263
person 0.338431 505 156 522 185
person 0.264078 1 261 22 293
person 0.269829 1298 149 1321 199
person 0.267188 242 173 260 206
person 0.259371 1446 157 1464 195
person 0.996447 691 376 772 598
person 0.993879 1347 265 1397 409
person 0.987684 1507 210 1543 309
person 0.983337 140 236 188 326
person 0.976748 849 244 891 352
person 0.972774 690 235 723 324
person 0.966512 798 234 834 334
person 0.964472 728 231 766 326
person 0.948767 505 224 535 308
person 0.919062 1032 204 1065 284
person 0.895191 447 159 471 196
person 0.894871 556 153 575 188
person 0.761482 1385 166 1411 227
person 0.742099 1180 154 1201 199
person 0.720834 1560 193 1586 277
person 0.718101 158 123 1775 286
person 0.690717 824 145 837 173
person 0.662526 231 161 252 203
person 0.659467 371 161 389 195
person 0.642944 1769 240 1827 354
person 0.613134 1615 161 1644 223
person 0.596964 514 154 531 188
person 0.571344 731 323 776 454
person 0.552472 505 156 521 187
person 0.534773 1484 155 1504 196
person 0.482395 850 213 877 264
person 0.471958 1790 242 1855 353
person 0.434331 411 161 427 190
person 0.326776 1298 148 1321 199
person 0.257406 239 173 256 206
