person 0.995962 692 375 768 597
person 0.991943 1347 262 1401 412
person 0.985664 1508 212 1546 309
person 0.983129 141 235 186 327
person 0.980350 851 241 892 353
person 0.968861 798 235 834 334
person 0.967743 694 236 728 324
person 0.934624 505 225 536 309
person 0.926751 733 232 768 327
person 0.901371 555 153 575 189
person 0.891347 447 159 471 196
person 0.848195 1034 205 1066 284
person 0.742468 1385 166 1411 227
person 0.727129 1768 245 1828 352
person 0.712731 1181 154 1202 201
person 0.698012 514 154 533 190
person 0.687328 151 125 1783 287
person 0.668202 1615 162 1644 224
person 0.642301 230 160 252 204
person 0.605443 1484 156 1504 197
person 0.599031 372 161 390 194
person 0.551371 504 156 522 188
person 0.541250 736 336 777 473
person 0.531193 823 146 836 174
person 0.516491 1560 194 1588 276
person 0.432727 1793 244 1856 352
person 0.426660 850 212 877 263
person 0.372713 410 161 426 189
person 0.324175 1297 148 1320 200
person 0.276142 722 329 784 540
person 0.260508 1445 157 1464 195
person 0.995943 687 379 769 597
person 0.986129 1510 212 1550 308
person 0.985509 1349 264 1403 412
person 0.982729 696 235 730 324
person 0.980589 141 236 186 326
person 0.972486 849 215 893 356
person 0.958800 801 235 835 332
person 0.947215 504 225 537 309
person 0.934118 734 232 769 326
person 0.919363 555 153 576 189
person 0.886943 447 160 471 197
person 0.863984 1034 205 1066 283
person 0.749162 735 336 781 477
person 0.754149 1615 162 1644 225
person 0.749810 1386 167 1412 228
person 0.691447 1179 154 1202 201
person 0.685682 231 159 252 205
person 0.679786 132 125 1807 284
person 0.670405 515 155 533 189
person 0.637093 504 158 521 188
person 0.625701 372 161 389 194
person 0.613719 1485 156 1505 197
person 0.549575 1789 237 1858 355
person 0.540308 822 146 835 174
person 0.450999 850 210 877 261
person 0.391481 410 161 426 188
person 0.389665 1560 192 1588 278
person 0.263976 1297 147 1320 198
