person 0.996925 684 379 768 598
person 0.982963 1349 264 1405 413
person 0.980448 697 234 729 323
person 0.979283 146 235 187 327
person 0.979062 1512 215 1553 310
person 0.975296 853 243 893 351
person 0.962817 802 236 835 332
person 0.961664 505 225 537 309
person 0.942800 738 232 769 325
person 0.892755 556 155 577 190
person 0.884988 447 160 471 197
person 0.871021 733 332 781 476
person 0.767553 1386 167 1411 228
person 0.751794 1040 212 1062 272
person 0.717056 514 155 533 190
person 0.716716 1180 155 1203 201
person 0.687057 231 160 252 202
person 0.676132 156 129 1781 288
person 0.665839 1615 163 1644 224
person 0.628101 370 161 387 195
person 0.601082 850 210 877 264
person 0.579422 1485 155 1505 196
person 0.576076 822 144 837 175
person 0.545122 504 158 521 188
person 0.509699 1787 238 1856 354
person 0.496165 1562 203 1588 266
person 0.347953 411 162 427 190
person 0.289164 0 261 21 292
person 0.997510 681 382 764 596
person 0.986004 697 234 730 322
person 0.981397 1514 215 1558 309
person 0.980649 145 237 187 326
person 0.974893 855 241 894 352
person 0.970394 802 235 836 332
person 0.964496 505 225 537 309
person 0.963565 1350 267 1405 410
person 0.954260 740 233 770 322
person 0.906438 557 154 577 190
person 0.894830 733 332 783 475
person 0.869940 447 160 471 196
person 0.792510 1042 214 1063 269
person 0.792968 1386 168 1411 228
person 0.707769 1181 156 1204 201
person 0.705025 1614 164 1644 225
person 0.692657 169 127 1764 291
person 0.639572 230 160 251 203
person 0.636871 515 155 532 189
person 0.633945 851 209 877 264
person 0.625850 504 158 521 188
person 0.608924 370 162 387 195
person 0.588891 1789 244 1852 353
person 0.575942 1485 155 1505 197
person 0.545255 824 144 838 173
person 0.397470 1565 205 1593 264
person 0.352523 1036 204 1068 285
person 0.333024 0 261 22 292
person 0.286407 411 162 426 189
