person 0.997016 680 383 759 591
person 0.990001 697 235 731 324
person 0.979592 145 237 188 326
person 0.978946 1515 212 1560 310
person 0.969214 1350 270 1407 405
person 0.964789 804 235 837 332
person 0.963803 506 225 537 309
person 0.955593 741 233 771 322
person 0.906061 857 219 892 350
person 0.893164 557 154 577 189
person 0.874661 448 160 471 196
person 0.788698 1044 212 1066 273
person 0.773084 1386 168 1411 229
person 0.747052 728 325 796 487
person 0.720752 1182 157 1206 202
person 0.707686 1791 250 1843 351
person 0.685601 1615 163 1644 224
person 0.669300 174 126 1766 295
person 0.664595 504 158 521 188
person 0.649015 516 155 533 189
person 0.628531 822 143 839 175
person 0.618097 368 161 388 196
person 0.598005 1486 155 1506 197
person 0.579492 230 161 251 203
person 0.535668 851 212 876 267
person 0.398159 1565 204 1593 264
person 0.347081 409 163 424 189
person 0.324339 0 261 22 292
person 0.270908 1837 258 1883 343
person 0.997944 680 380 760 591
person 0.987334 699 235 732 324
person 0.983137 146 236 189 326
person 0.978782 1521 215 1560 307
person 0.966301 507 226 538 308
person 0.963223 1351 270 1408 405
person 0.958612 806 235 837 332
person 0.952955 743 233 773 319
person 0.923868 858 220 894 346
person 0.886542 448 159 472 196
person 0.856148 556 153 576 188
person 0.819317 735 334 782 475
person 0.792448 1794 252 1840 354
person 0.779652 1044 211 1066 274
person 0.751492 1386 168 1411 229
person 0.725580 1182 154 1204 201
person 0.688343 168 125 1773 295
person 0.664825 821 143 838 176
person 0.648146 515 154 532 189
person 0.595252 1615 162 1644 224
person 0.587229 504 158 521 189
person 0.587849 1485 155 1505 196
person 0.568144 228 159 250 205
person 0.528163 369 161 388 195
person 0.405476 1568 206 1596 265
person 0.344079 1841 260 1881 347
person 0.338787 850 211 876 266
person 0.300014 1 261 21 292
person 0.297175 410 163 425 189
person 0.286226 1445 156 1463 193
