person 0.997937 678 380 758 589
person 0.985634 702 235 734 324
person 0.983083 149 237 190 324
person 0.976752 1524 214 1562 309
person 0.967912 1351 268 1409 406
person 0.966686 807 236 837 331
person 0.962531 508 227 539 307
person 0.916614 862 241 898 350
person 0.913073 743 234 773 322
person 0.901639 556 154 577 190
person 0.886964 448 159 471 197
person 0.822835 1797 250 1846 354
person 0.767443 1182 154 1204 201
person 0.754848 1385 168 1410 230
person 0.742954 735 333 781 477
person 0.665956 504 158 521 190
person 0.664517 173 125 1762 295
person 0.638875 1044 212 1067 271
person 0.626792 822 144 838 176
person 0.593138 515 156 532 190
person 0.575257 1569 204 1596 270
person 0.575882 1484 155 1505 197
person 0.569632 1616 161 1644 224
person 0.544810 369 161 387 196
person 0.407699 851 209 877 265
person 0.397960 409 162 426 191
person 0.293632 1 261 21 292
person 0.308063 228 159 250 204
person 0.996805 679 380 756 586
person 0.988279 704 235 738 324
person 0.983691 149 237 190 324
person 0.977540 806 235 838 333
person 0.968588 1352 268 1409 407
person 0.962434 1526 213 1562 308
person 0.959844 510 226 541 307
person 0.941995 862 239 899 351
person 0.902320 745 232 776 321
person 0.901341 557 154 577 190
person 0.900400 448 159 471 196
person 0.812192 1182 154 1205 201
person 0.780568 1385 169 1410 229
person 0.738607 1044 212 1066 271
person 0.695483 504 158 520 190
person 0.693600 822 145 838 176
person 0.689735 187 124 1750 293
person 0.670001 1801 249 1846 352
person 0.645398 735 335 781 477
person 0.588835 515 156 532 190
person 0.577073 1485 156 1505 196
person 0.542998 370 161 388 194
person 0.485201 1567 204 1593 268
person 0.485624 1617 162 1644 223
person 0.467672 225 159 248 204
person 0.381890 409 163 425 191
person 0.335962 851 208 877 264
person 0.273430 1 261 21 292
person 0.277266 1445 157 1462 190
person 0.268807 1578 213 1604 269
