person 0.996199 679 379 758 586
person 0.983945 707 235 740 323
person 0.982947 152 237 191 324
person 0.975265 807 234 840 335
person 0.974713 511 226 542 307
person 0.973851 1351 268 1410 406
person 0.945798 859 225 897 339
person 0.914208 558 155 578 190
person 0.912248 1530 211 1562 307
person 0.908858 744 233 777 320
person 0.899803 448 160 471 197
person 0.836268 1183 154 1205 200
person 0.800395 1803 247 1847 350
person 0.790200 1386 169 1410 229
person 0.784450 1046 213 1069 272
person 0.765853 823 143 840 176
person 0.732340 503 159 520 191
person 0.669374 174 125 1763 288
person 0.616956 1485 156 1504 196
person 0.554753 370 162 388 195
person 0.545972 1618 162 1644 225
person 0.522183 730 324 795 492
person 0.516304 516 156 533 189
person 0.498333 1566 204 1590 269
person 0.495469 226 161 247 203
person 0.435603 1578 211 1604 269
person 0.382044 409 163 424 191
person 0.366897 853 208 885 321
person 0.324384 1445 157 1461 191
person 0.323337 1294 153 1320 202
person 0.293980 1 261 22 291
person 0.996447 677 381 753 586
person 0.981609 151 238 195 324
person 0.979980 710 235 744 325
person 0.976746 511 226 543 306
person 0.967937 807 234 839 334
person 0.960839 1351 271 1409 403
person 0.909579 860 223 897 342
person 0.901391 448 161 471 198
person 0.901320 558 154 578 190
person 0.891276 743 234 779 322
person 0.790764 1386 168 1410 229
person 0.767767 502 159 520 192
person 0.761615 1046 213 1069 273
person 0.753434 1184 155 1206 198
person 0.742700 824 143 840 175
person 0.741202 1532 213 1562 306
person 0.690975 1803 229 1847 340
person 0.630756 196 124 1742 292
person 0.619727 1485 156 1505 195
person 0.543710 741 338 780 510
person 0.578699 515 155 533 190
person 0.555238 1555 200 1588 284
person 0.540311 1618 162 1644 225
person 0.477090 372 162 389 194
person 0.427778 1578 211 1605 269
person 0.375752 408 164 423 192
person 0.362717 852 211 884 315
person 0.356027 225 161 247 203
person 0.324198 1295 153 1319 201
person 0.286243 1 261 22 291
person 0.250035 1445 157 1462 190
