person 0.995947 677 381 749 586
person 0.981753 153 239 196 324
person 0.981160 511 226 543 306
person 0.980103 807 234 839 335
person 0.974312 713 235 746 323
person 0.960778 1353 269 1410 404
person 0.911475 558 155 579 190
person 0.899963 742 233 781 323
person 0.898048 448 161 470 198
person 0.869756 1539 208 1577 305
person 0.865472 1805 229 1848 340
person 0.838670 862 225 898 340
person 0.777123 503 159 520 192
person 0.758748 1047 212 1069 272
person 0.737588 1186 155 1208 197
person 0.733545 1386 169 1410 230
person 0.679258 824 141 840 175
person 0.648476 1485 156 1505 196
person 0.636172 181 124 1746 292
person 0.633563 737 338 781 476
person 0.569010 1618 163 1645 224
person 0.520757 515 156 532 190
person 0.486703 1553 201 1590 286
person 0.428192 370 163 387 194
person 0.415148 409 164 425 192
person 0.402476 854 211 886 314
person 0.331339 1296 154 1320 203
person 0.296825 1 261 22 291
person 0.281894 1444 156 1462 190
person 0.254600 1579 213 1605 267
person 0.256097 225 161 247 203
person 0.996012 677 383 750 585
person 0.983900 807 235 840 336
person 0.983330 155 238 197 323
person 0.974395 511 226 544 306
person 0.968884 714 236 746 323
person 0.950835 1354 269 1409 404
person 0.918154 558 154 579 190
person 0.909463 1541 207 1578 306
person 0.906106 448 161 471 198
person 0.875954 743 234 780 323
person 0.853358 1047 213 1070 271
person 0.824781 861 224 898 342
person 0.804910 737 336 785 478
person 0.781543 502 158 520 191
person 0.764429 1386 168 1410 230
person 0.760776 1806 243 1854 352
person 0.719528 1187 156 1208 196
person 0.707920 825 142 840 175
person 0.678684 1551 199 1590 288
person 0.667916 182 127 1742 292
person 0.662378 1484 155 1505 196
person 0.567961 1618 163 1645 224
person 0.508569 515 156 532 189
person 0.410602 371 163 387 192
person 0.406263 409 165 424 192
person 0.357684 851 211 883 310
person 0.335129 0 235 19 292
person 0.288789 1 262 22 291
person 0.310990 1296 154 1319 202
person 0.289328 1581 210 1608 265
person 0.273402 1444 155 1463 191
person 0.261234 221 160 243 205
person 0.253933 355 165 370 191
