person 0.995624 674 384 750 586
person 0.984725 807 234 839 337
person 0.983178 156 238 196 325
person 0.969112 511 227 545 306
person 0.959622 1353 265 1411 392
person 0.942810 714 236 749 327
person 0.938019 558 155 579 190
person 0.930674 1545 210 1582 305
person 0.903224 448 161 470 198
person 0.898328 741 234 780 322
person 0.886210 1806 246 1853 350
person 0.801922 503 159 520 191
person 0.795957 736 332 785 483
person 0.797534 861 221 899 345
person 0.734542 1386 167 1411 230
person 0.715588 826 143 842 174
person 0.714606 1187 156 1208 198
person 0.665400 1049 213 1070 271
person 0.628426 190 123 1734 294
person 0.584648 1484 155 1505 196
person 0.574021 1618 162 1645 224
person 0.521972 517 155 533 189
person 0.417857 409 165 425 193
person 0.413454 371 163 387 192
person 0.371748 222 160 243 204
person 0.362277 0 235 20 292
person 0.290885 1 261 23 291
person 0.291539 1295 154 1320 203
person 0.277891 850 211 882 309
person 0.274567 1443 154 1464 192
person 0.272774 355 166 370 192
person 0.995949 672 385 748 585
person 0.982171 157 238 196 325
person 0.977317 807 235 839 336
person 0.962373 1354 265 1411 392
person 0.962326 513 226 545 306
person 0.961428 1545 209 1583 307
person 0.950401 739 235 780 323
person 0.932615 559 154 578 190
person 0.890399 1805 247 1855 350
person 0.879643 448 161 470 198
person 0.866029 716 236 748 325
person 0.856083 735 332 783 483
person 0.841042 860 220 898 346
person 0.795334 502 159 519 191
person 0.756368 1185 155 1208 200
person 0.729526 1386 168 1411 230
person 0.658046 826 142 841 174
person 0.618065 190 123 1736 297
person 0.603766 1617 162 1644 223
person 0.590062 1050 213 1071 272
person 0.593885 1484 155 1505 197
person 0.537211 516 155 533 189
person 0.469326 224 174 242 209
person 0.416701 408 164 423 193
person 0.409824 372 163 388 192
person 0.341060 1 261 23 291
person 0.305486 1581 210 1607 264
person 0.287663 1443 154 1464 193
person 0.279458 355 165 370 191
person 0.277984 1295 154 1322 203
