person 0.996240 672 385 746 586
person 0.982376 1546 210 1587 307
person 0.978651 159 237 196 325
person 0.976316 806 236 840 335
person 0.975641 515 225 546 307
person 0.973070 1355 267 1412 390
person 0.943821 738 235 776 320
person 0.923436 558 155 578 190
person 0.917914 870 243 911 350
person 0.871254 735 332 782 483
person 0.870711 448 160 470 198
person 0.864788 1805 251 1858 348
person 0.841264 717 235 749 323
person 0.796181 502 159 519 192
person 0.773349 1185 155 1207 201
person 0.733954 1386 168 1411 231
person 0.700761 827 142 842 173
person 0.653170 1617 161 1645 223
person 0.634601 1052 214 1073 271
person 0.615779 186 124 1746 295
person 0.588235 517 156 534 189
person 0.578892 1484 155 1505 196
person 0.518461 862 222 896 345
person 0.366374 1 261 23 291
person 0.374421 222 174 241 209
person 0.363103 1295 155 1321 204
person 0.357680 371 163 388 192
person 0.323172 522 236 543 289
person 0.345911 1576 198 1608 274
person 0.343543 409 164 424 193
person 0.340017 0 238 19 292
person 0.336598 848 210 876 268
person 0.259183 356 166 370 192
person 0.997065 667 385 746 584
person 0.983568 514 225 548 308
person 0.969540 160 237 196 326
person 0.969153 1546 213 1591 308
person 0.962562 806 237 840 335
person 0.957604 870 242 912 350
person 0.956622 1357 265 1408 391
person 0.952619 739 235 777 324
person 0.928966 558 154 579 191
person 0.926584 736 329 780 486
person 0.849379 449 161 471 197
person 0.845532 1806 248 1861 350
person 0.768134 1386 169 1411 231
person 0.757317 502 158 520 192
person 0.743098 1185 154 1207 199
person 0.723498 718 236 750 325
person 0.626595 280 131 1919 294
person 0.625869 826 143 841 173
person 0.593818 1618 161 1646 224
person 0.576890 515 155 533 190
person 0.565457 1052 213 1073 273
person 0.500505 1483 157 1506 197
person 0.448068 0 234 20 292
person 0.386531 848 208 879 302
person 0.379025 1293 156 1320 204
person 0.347840 1575 198 1607 278
person 0.309042 409 164 424 193
person 0.265090 373 164 388 193
person 0.256338 355 167 370 194
