person 0.990835 846 277 904 411
person 0.987074 1156 230 1189 327
person 0.985553 630 272 674 385
person 0.983055 1000 268 1057 403
person 0.933674 1283 200 1328 305
person 0.902485 1620 210 1659 306
person 0.898937 1403 216 1442 312
person 0.881464 1213 207 1252 286
person 0.869418 1063 243 1099 357
person 0.829542 692 219 723 295
person 0.825060 492 164 510 197
person 0.822820 963 221 988 290
person 0.738661 676 161 694 192
person 0.720442 829 236 855 326
person 0.663737 604 161 618 189
person 0.604428 556 160 571 193
person 0.582453 290 121 1660 311
person 0.567293 1698 205 1739 312
person 0.544082 1653 216 1696 309
person 0.516149 527 161 541 190
person 0.458082 440 186 462 208
person 0.444473 639 161 654 189
person 0.428093 1786 216 1818 270
person 0.424673 1836 262 1878 378
person 0.326396 0 266 20 295
person 0.296666 827 272 850 323
person 0.266622 1077 210 1112 307
person 0.261680 696 221 720 264
person 0.252208 819 162 830 182
person 0.992545 851 275 906 413
person 0.988853 1000 266 1056 403
person 0.985742 627 271 672 385
person 0.985089 1155 230 1189 329
person 0.951130 1283 201 1328 305
person 0.904727 1621 210 1661 307
person 0.902019 1405 217 1444 312
person 0.901503 692 219 725 294
person 0.855131 1215 207 1253 286
person 0.826464 492 165 510 198
person 0.822664 963 221 987 288
person 0.776089 1065 242 1099 355
person 0.750521 678 163 694 191
person 0.679381 829 237 857 325
person 0.665609 603 161 617 189
person 0.644768 1699 207 1738 310
person 0.602207 1652 214 1693 310
person 0.594763 556 162 570 192
person 0.564884 272 122 1672 310
person 0.531500 527 162 540 190
person 0.495184 439 185 461 208
person 0.487596 639 162 654 189
person 0.471148 1788 216 1819 272
person 0.307037 0 266 20 295
person 0.325124 1077 208 1111 315
person 0.303517 840 233 864 285
person 0.269263 819 161 830 182
person 0.255249 1386 191 1412 252
