person 0.996778 671 383 747 581
person 0.987490 514 225 549 309
person 0.981510 1546 210 1595 309
person 0.966349 1359 266 1409 388
person 0.963037 161 236 195 327
person 0.961354 805 237 840 335
person 0.956751 870 242 913 350
person 0.951862 740 235 776 322
person 0.934728 559 154 579 190
person 0.925647 739 327 776 486
person 0.889481 449 161 471 197
person 0.877230 1807 249 1864 349
person 0.828184 502 159 519 193
person 0.735736 1386 169 1411 231
person 0.681765 1188 156 1207 195
person 0.659459 827 144 842 174
person 0.572456 309 128 1900 296
person 0.566911 516 155 533 190
person 0.565256 1618 161 1646 223
person 0.540773 718 236 751 324
person 0.530662 1483 156 1505 198
person 0.458836 0 234 20 292
person 0.429430 1054 225 1076 281
person 0.409577 848 210 876 266
person 0.365181 408 164 424 193
person 0.346731 355 166 370 195
person 0.333860 1295 156 1321 204
person 0.328351 1574 198 1607 280
person 0.326556 1441 154 1462 196
person 0.297524 373 163 388 193
person 0.268345 1 260 23 291
person 0.275335 1832 249 1882 347
person 0.994978 670 383 738 580
person 0.987779 515 226 551 308
person 0.970998 1547 210 1600 308
person 0.962317 161 237 196 326
person 0.960467 804 237 839 334
person 0.949035 738 233 778 324
person 0.948987 870 242 913 350
person 0.946988 1358 263 1408 392
person 0.938949 558 154 578 191
person 0.917543 738 327 775 488
person 0.859895 449 161 471 197
person 0.830340 1806 253 1866 350
person 0.774367 502 159 519 192
person 0.727331 1385 169 1411 230
person 0.709819 825 143 841 176
person 0.708456 1188 156 1207 196
person 0.639908 515 155 533 190
person 0.544048 1054 214 1076 272
person 0.512238 330 127 1875 293
person 0.505646 1483 156 1505 197
person 0.484050 1618 161 1646 223
person 0.446067 842 206 878 285
person 0.427977 1836 194 1888 285
person 0.404333 0 236 19 292
person 0.398505 1439 154 1461 197
person 0.362789 1573 198 1610 286
person 0.357345 408 164 422 192
person 0.326799 1 260 23 291
person 0.344764 374 163 389 193
person 0.344225 355 167 370 196
person 0.340914 204 170 225 209
person 0.337116 1294 156 1322 203
