person 0.995951 666 380 735 580
person 0.977677 516 226 551 307
person 0.976322 1549 207 1603 307
person 0.971957 1359 264 1409 392
person 0.967974 803 237 841 336
person 0.967264 162 237 196 326
person 0.961260 870 245 913 350
person 0.957792 738 235 776 323
person 0.934273 559 154 579 191
person 0.912116 738 323 775 490
person 0.863399 449 161 470 197
person 0.790560 1807 242 1867 350
person 0.775565 826 144 842 176
person 0.772612 502 159 519 192
person 0.754665 1386 170 1410 229
person 0.666356 1188 155 1208 197
person 0.601404 848 209 876 271
person 0.587775 515 155 532 189
person 0.571799 1483 157 1505 197
person 0.554761 200 127 1729 295
person 0.540405 1619 162 1646 223
person 0.478045 1054 214 1075 272
person 0.438598 1438 155 1460 197
person 0.377639 0 237 20 292
person 0.371249 408 164 422 192
person 0.366670 355 166 371 196
person 0.361631 202 171 223 209
person 0.338629 373 163 389 193
person 0.290280 1835 217 1885 348
person 0.289237 1292 156 1321 204
person 0.996212 663 378 735 578
person 0.977173 517 226 552 308
person 0.975950 872 245 913 351
person 0.974289 1361 265 1410 389
person 0.967316 161 236 196 326
person 0.966671 803 237 841 335
person 0.966313 734 236 778 323
person 0.961388 1553 204 1605 307
person 0.947638 559 154 579 191
person 0.906921 740 325 774 488
person 0.890860 449 161 471 198
person 0.788598 502 159 520 193
person 0.762313 1386 169 1411 229
person 0.759611 826 144 842 175
person 0.733366 1808 247 1867 349
person 0.651286 1189 156 1209 196
person 0.614144 1618 161 1646 225
person 0.604545 848 211 876 269
person 0.585782 515 155 532 190
person 0.577437 183 128 1742 289
person 0.556268 1483 156 1506 197
person 0.508734 1830 246 1889 350
person 0.494496 1052 206 1080 283
person 0.457526 203 172 223 208
person 0.424667 408 164 423 193
person 0.410080 1438 155 1461 197
person 0.363622 1 260 23 291
person 0.377579 1809 207 1909 352
person 0.360498 355 166 370 196
person 0.355665 1292 155 1321 204
person 0.311789 374 163 390 194
