person 0.996698 660 375 727 577
person 0.981875 873 242 914 351
person 0.974193 517 226 554 308
person 0.973389 803 238 840 334
person 0.972837 161 236 196 327
person 0.958142 1556 207 1603 306
person 0.957942 1360 262 1410 391
person 0.955306 737 236 782 324
person 0.917282 739 330 776 486
person 0.921288 559 154 580 190
person 0.886233 449 161 471 197
person 0.791788 501 159 520 193
person 0.732972 827 144 842 175
person 0.713837 1808 251 1866 348
person 0.688285 1188 156 1208 198
person 0.687575 1385 169 1411 229
person 0.668108 848 209 875 270
person 0.616695 1483 157 1506 198
person 0.583220 194 127 1733 291
person 0.566164 1619 161 1647 222
person 0.549235 201 173 221 209
person 0.538312 514 155 532 190
person 0.489196 1055 214 1078 272
person 0.456225 1811 203 1910 352
person 0.424550 1438 155 1461 196
person 0.408587 1290 154 1320 204
person 0.392732 408 163 423 193
person 0.386889 0 236 18 292
person 0.315309 1 260 22 291
person 0.332692 355 166 371 196
person 0.285914 374 163 390 193
person 0.257829 1877 204 1915 356
person 0.257699 1574 198 1610 289
person 0.995540 661 376 728 573
person 0.982434 518 226 556 307
person 0.979943 872 242 914 351
person 0.974926 1359 259 1410 397
person 0.969172 802 238 839 334
person 0.966435 161 236 196 326
person 0.956631 736 236 776 323
person 0.936349 738 327 776 489
person 0.936588 1558 206 1604 306
person 0.921242 560 155 581 190
person 0.885918 449 161 471 198
person 0.741676 502 158 520 190
person 0.729813 1385 169 1411 230
person 0.721268 1188 155 1208 199
person 0.682572 848 209 875 270
person 0.682609 829 144 843 174
person 0.670090 201 173 222 212
person 0.646831 1483 157 1506 197
person 0.598457 189 126 1736 291
person 0.579281 1811 252 1866 349
person 0.527704 1620 161 1647 223
person 0.503445 515 155 532 189
person 0.450948 409 163 424 193
person 0.424741 1439 156 1462 196
person 0.422374 1053 207 1081 284
person 0.371483 1289 153 1320 204
person 0.350552 355 167 370 196
person 0.330429 0 235 18 292
person 0.326997 1815 202 1912 356
person 0.296321 1 261 22 292
person 0.291999 374 164 389 194
person 0.288716 765 236 799 321
person 0.268586 900 144 911 164
