person 0.996378 658 375 728 575
person 0.980596 871 240 915 351
person 0.969814 521 226 555 308
person 0.967146 1359 257 1412 396
person 0.966909 802 237 841 333
person 0.960912 736 324 777 493
person 0.964411 737 236 779 322
person 0.960892 162 236 196 326
person 0.903903 560 154 581 190
person 0.887261 449 161 471 198
person 0.871315 1560 206 1604 306
person 0.765732 1188 157 1209 198
person 0.745790 502 159 521 191
person 0.731058 847 210 875 269
person 0.682375 1385 170 1411 228
person 0.667009 198 175 218 211
person 0.663503 829 143 844 175
person 0.637218 1484 156 1506 197
person 0.590963 188 124 1732 292
person 0.468653 408 163 424 193
person 0.456055 1621 161 1647 221
person 0.454845 515 155 532 188
person 0.444002 1439 155 1461 196
person 0.437167 1290 154 1319 204
person 0.393457 1056 217 1078 269
person 0.370526 0 234 17 292
person 0.366264 354 167 370 194
person 0.351563 765 238 800 321
person 0.345133 899 144 911 165
person 0.304675 1 261 22 291
person 0.263433 374 163 389 193
person 0.997467 659 373 731 573
person 0.979667 1362 259 1416 396
person 0.979420 872 240 914 351
person 0.969864 522 230 559 313
person 0.959571 801 237 840 333
person 0.956542 162 236 196 327
person 0.941445 735 327 777 489
person 0.937354 738 235 777 323
person 0.923300 560 154 582 190
person 0.920537 448 161 472 199
person 0.906086 1570 201 1612 306
person 0.787527 501 157 521 192
person 0.748277 1188 156 1209 199
person 0.717492 1385 170 1410 229
person 0.654335 1484 157 1505 197
person 0.631932 829 143 844 175
person 0.622835 841 207 876 285
person 0.608281 196 173 216 210
person 0.558590 1620 161 1647 222
person 0.556518 187 126 1740 292
person 0.525377 1837 216 1893 345
person 0.521933 514 155 532 189
person 0.511850 408 163 424 193
person 0.492463 767 237 799 322
person 0.480977 1290 154 1319 205
person 0.466931 1440 155 1461 195
person 0.304828 1 261 22 291
person 0.319064 354 165 370 193
person 0.284300 0 237 18 291
person 0.264507 1065 217 1087 269
person 0.267902 1056 217 1079 269
