person 0.996494 658 372 732 573
person 0.983323 872 240 914 349
person 0.982980 1364 258 1418 396
person 0.980588 521 230 560 313
person 0.973317 740 234 786 323
person 0.972617 161 236 196 327
person 0.968488 801 239 840 333
person 0.920315 1572 202 1611 306
person 0.911522 448 162 471 199
person 0.882311 735 329 779 488
person 0.903182 560 155 581 189
person 0.821608 500 158 519 189
person 0.773064 1188 155 1209 200
person 0.742555 1385 170 1410 229
person 0.726355 841 208 875 285
person 0.688278 195 173 215 210
person 0.676238 1485 157 1505 197
person 0.628023 828 143 843 175
person 0.586266 190 125 1736 289
person 0.534300 1618 162 1646 222
person 0.531350 1291 154 1319 204
person 0.477570 1441 155 1461 195
person 0.462263 409 164 424 193
person 0.362614 1058 206 1090 283
person 0.361728 1834 250 1889 347
person 0.349763 518 155 535 186
person 0.288149 1 262 22 291
person 0.316216 354 165 369 193
person 0.279624 1056 216 1079 270
person 0.282980 1051 142 1062 160
person 0.277856 766 238 802 321
person 0.259507 0 237 18 291
person 0.253952 1846 192 1881 242
person 0.996274 655 371 732 574
person 0.982138 873 239 916 350
person 0.978289 1366 262 1417 392
person 0.970091 160 236 196 327
person 0.956839 1575 201 1612 306
person 0.947177 743 235 788 323
person 0.946314 800 242 838 331
person 0.925958 448 161 472 199
person 0.914868 736 326 777 490
person 0.918258 524 229 561 315
person 0.908614 560 155 582 189
person 0.841206 500 157 520 189
person 0.785629 1386 170 1410 229
person 0.769705 1189 156 1210 199
person 0.760246 194 172 215 212
person 0.748068 841 208 874 285
person 0.714847 827 142 842 175
person 0.680219 1484 156 1505 197
person 0.634151 1839 217 1897 343
person 0.567131 176 126 1749 287
person 0.555800 1618 162 1646 221
person 0.491508 408 163 423 193
person 0.453600 1292 155 1319 205
person 0.447397 1441 155 1461 195
person 0.411675 766 237 801 322
person 0.372916 517 155 534 187
person 0.372052 1059 206 1090 283
person 0.303601 355 164 370 191
person 0.266557 1 262 22 291
person 0.257852 1782 180 1810 227
