person 0.997073 654 372 732 571
person 0.989204 1367 263 1418 391
person 0.985449 874 240 916 351
person 0.968585 159 236 196 325
person 0.961196 1578 201 1613 306
person 0.947060 743 233 791 324
person 0.942181 800 240 837 330
person 0.938467 526 227 559 307
person 0.912781 738 329 777 485
person 0.910978 447 161 471 199
person 0.870126 560 155 582 189
person 0.832429 192 172 214 212
person 0.816228 500 157 520 188
person 0.749096 1190 156 1210 198
person 0.746932 1386 170 1410 229
person 0.683265 842 207 875 285
person 0.656580 828 143 843 174
person 0.626332 1839 221 1890 339
person 0.596240 1484 153 1505 196
person 0.545860 765 237 802 323
person 0.524236 183 125 1740 290
person 0.463535 1618 161 1646 221
person 0.460814 1292 155 1318 205
person 0.450354 1441 153 1462 196
person 0.411857 408 163 423 193
person 0.367803 353 164 369 192
person 0.367044 1059 205 1090 284
person 0.319077 517 155 535 186
person 0.280227 1 262 22 291
person 0.267103 230 159 248 197
person 0.256797 1889 205 1919 314
person 0.997319 650 370 728 569
person 0.989646 1367 259 1421 396
person 0.986830 873 239 917 350
person 0.965465 157 236 195 325
person 0.959393 526 230 564 313
person 0.957404 799 239 836 331
person 0.943904 746 232 790 324
person 0.923943 1581 200 1611 307
person 0.910738 446 160 471 198
person 0.891786 561 155 582 189
person 0.872667 189 172 213 210
person 0.839021 739 330 776 482
person 0.832740 500 157 519 187
person 0.733914 1190 156 1211 197
person 0.698104 842 208 875 285
person 0.685525 1386 170 1411 228
person 0.634043 1484 154 1505 196
person 0.615687 829 143 844 174
person 0.569576 767 234 804 323
person 0.538562 165 127 1756 291
person 0.516242 1440 153 1461 196
person 0.507450 1292 154 1318 204
person 0.472817 1618 161 1647 220
person 0.444087 1059 205 1091 284
person 0.360651 1669 138 1701 225
person 0.326904 1 262 22 291
person 0.355074 407 162 423 192
person 0.339200 1841 222 1894 338
person 0.323596 353 164 369 191
person 0.266410 519 156 536 185
