person 0.997415 651 368 731 571
person 0.990110 872 238 920 350
person 0.986487 1370 263 1422 390
person 0.973967 1582 200 1615 308
person 0.971038 157 235 195 326
person 0.953418 799 240 837 332
person 0.946369 528 230 564 314
person 0.924758 750 234 790 325
person 0.905268 446 161 472 198
person 0.869214 737 327 776 486
person 0.866534 560 154 581 188
person 0.813011 501 157 520 187
person 0.783787 1387 169 1411 228
person 0.762357 1190 156 1212 197
person 0.743823 766 236 803 323
person 0.731759 1484 156 1505 198
person 0.730094 189 172 210 211
person 0.719043 827 143 843 175
person 0.710031 843 207 875 286
person 0.587721 1617 161 1647 219
person 0.567450 136 127 1782 287
person 0.465343 1293 156 1319 204
person 0.460100 1442 156 1461 195
person 0.441842 1065 216 1088 267
person 0.420521 1669 141 1702 224
person 0.374032 1842 220 1896 336
person 0.345870 406 162 421 190
person 0.287779 1 262 22 291
person 0.299635 1780 179 1809 226
person 0.291142 516 156 534 185
person 0.286161 354 164 370 191
person 0.996799 649 370 729 568
person 0.989301 871 238 920 351
person 0.975682 155 235 194 326
person 0.973791 1371 259 1421 393
person 0.968987 1582 200 1617 309
person 0.959276 799 237 837 334
person 0.959017 528 230 564 313
person 0.932629 445 160 471 198
person 0.922902 750 232 790 326
person 0.892528 561 155 582 188
person 0.843928 735 326 776 488
person 0.811322 501 156 520 186
person 0.790346 1190 156 1212 198
person 0.767460 1387 169 1411 228
person 0.735970 766 234 803 323
person 0.731284 827 142 843 175
person 0.728490 1484 156 1504 198
person 0.670237 843 207 875 285
person 0.607806 187 171 209 209
person 0.581149 140 127 1773 287
person 0.579970 1060 205 1093 283
person 0.552307 1617 160 1646 222
person 0.452596 1442 156 1462 195
person 0.438347 1292 155 1318 204
person 0.390665 1779 178 1808 228
person 0.343757 1 262 23 291
person 0.333340 407 162 423 191
person 0.318215 516 156 533 185
person 0.294876 1669 143 1701 223
person 0.263460 354 164 370 191
