person 0.997018 646 371 728 568
person 0.987672 872 237 918 350
person 0.978536 155 235 194 326
person 0.977335 1581 198 1620 308
person 0.975813 1372 259 1423 392
person 0.935644 799 233 837 336
person 0.934019 530 230 565 313
person 0.929877 446 160 471 198
person 0.912986 751 230 791 326
person 0.858319 562 156 582 186
person 0.828043 736 330 777 484
person 0.814062 1189 156 1212 200
person 0.793217 1387 169 1411 228
person 0.767176 502 157 519 186
person 0.691119 185 173 207 208
person 0.684123 1484 156 1505 198
person 0.666178 830 143 844 174
person 0.617250 843 206 875 286
person 0.604681 149 126 1762 285
person 0.518705 1291 155 1318 204
person 0.497021 1442 155 1462 195
person 0.463023 1061 204 1095 284
person 0.454745 1616 160 1646 222
person 0.404442 406 161 422 190
person 0.368988 1068 217 1091 266
person 0.340489 1 262 23 290
person 0.347060 1779 178 1808 227
person 0.343595 518 156 535 184
person 0.302913 354 164 370 191
person 0.267605 378 161 394 190
person 0.262017 1669 143 1701 224
person 0.996831 645 371 729 563
person 0.989152 1372 259 1423 393
person 0.987491 871 237 920 351
person 0.978867 154 235 194 325
person 0.960968 1582 199 1622 309
person 0.943958 798 234 836 336
person 0.912544 532 230 565 313
person 0.905022 446 160 471 198
person 0.901254 766 233 805 325
person 0.860086 562 156 584 189
person 0.829489 736 330 777 485
person 0.837693 1190 156 1212 199
person 0.783090 1387 169 1411 228
person 0.760446 502 157 519 186
person 0.683816 1484 156 1505 198
person 0.659324 1063 205 1097 284
person 0.656526 830 143 844 175
person 0.644865 842 206 874 285
person 0.606927 152 128 1766 284
person 0.510253 1291 154 1318 205
person 0.490247 185 174 206 209
person 0.465485 1616 160 1646 222
person 0.456384 1442 154 1462 195
person 0.423156 406 162 421 191
person 0.354383 0 262 23 290
person 0.364799 519 156 536 185
person 0.351889 1846 252 1902 344
person 0.350372 1779 178 1809 228
person 0.293402 354 164 370 192
person 0.253154 379 161 394 190
