person 0.996523 645 370 724 566
person 0.992964 1373 257 1424 393
person 0.987347 871 238 918 350
person 0.980202 153 236 193 325
person 0.952525 1585 201 1624 308
person 0.950320 798 234 836 335
person 0.927003 765 232 805 326
person 0.923006 531 228 568 316
person 0.896677 563 157 583 190
person 0.892381 446 161 470 198
person 0.825232 1190 156 1212 200
person 0.813052 735 327 776 487
person 0.803535 501 157 519 188
person 0.725475 1064 205 1097 284
person 0.712816 1386 170 1410 228
person 0.658812 1484 156 1504 198
person 0.593863 183 175 205 209
person 0.589623 843 206 876 284
person 0.569444 829 143 844 175
person 0.557681 165 128 1755 286
person 0.495829 1291 154 1318 205
person 0.491524 520 156 536 186
person 0.447224 1847 225 1904 339
person 0.442069 1441 154 1462 195
person 0.360865 0 262 22 290
person 0.346940 354 165 371 194
person 0.333993 407 162 422 191
person 0.325978 1616 159 1646 222
person 0.280044 1780 179 1809 227
person 0.264569 1272 153 1294 203
person 0.996370 645 369 727 564
person 0.989350 1374 258 1424 393
person 0.984564 872 238 916 350
person 0.978575 152 236 192 326
person 0.966240 1586 204 1627 309
person 0.929494 798 236 836 335
person 0.921164 530 227 568 316
person 0.898130 447 161 472 197
person 0.842657 770 233 805 324
person 0.839107 562 156 583 189
person 0.810810 1191 156 1212 200
person 0.801979 501 157 520 189
person 0.788618 735 330 777 485
person 0.770904 1385 170 1410 228
person 0.752428 754 231 789 323
person 0.645122 1484 157 1505 198
person 0.630129 184 175 205 210
person 0.601459 1849 222 1905 341
person 0.568085 1071 215 1094 268
person 0.569261 844 205 875 285
person 0.551105 143 129 1772 286
person 0.487112 1292 155 1318 205
person 0.460481 518 155 535 186
person 0.454070 831 144 844 173
person 0.422080 354 164 371 194
person 0.407707 1442 155 1461 194
person 0.389334 407 163 421 191
person 0.351812 0 262 22 290
person 0.333014 1616 161 1646 221
person 0.273301 378 161 394 191
