person 0.996404 645 370 729 562
person 0.984361 874 240 913 349
person 0.982111 1376 259 1422 392
person 0.978679 150 237 192 326
person 0.932899 1588 203 1626 309
person 0.908508 536 227 577 316
person 0.892095 448 161 471 197
person 0.885953 773 233 804 322
person 0.874637 799 235 836 333
person 0.829813 734 329 777 486
person 0.837553 562 156 583 189
person 0.821275 501 157 519 190
person 0.796655 755 231 789 322
person 0.774940 1191 155 1212 201
person 0.772659 181 176 204 213
person 0.770946 1386 170 1410 228
person 0.643993 1484 157 1505 198
person 0.611604 850 209 873 273
person 0.585144 1848 251 1901 346
person 0.523100 154 127 1762 289
person 0.510726 1073 212 1096 270
person 0.451978 518 156 534 186
person 0.429373 1291 154 1317 205
person 0.424898 1441 155 1460 194
person 0.376252 0 262 22 290
person 0.381968 354 164 370 193
person 0.341771 408 163 423 191
person 0.339511 1615 161 1646 223
person 0.322708 833 146 845 169
person 0.302818 820 163 831 179
person 0.274985 377 162 393 191
person 0.995718 645 367 728 561
person 0.984822 873 243 913 348
person 0.982411 149 237 193 326
person 0.976260 1384 261 1428 387
person 0.948145 772 232 806 323
person 0.935322 1590 206 1631 309
person 0.907880 537 227 576 316
person 0.903072 449 161 471 198
person 0.847289 562 157 584 189
person 0.808239 501 157 520 191
person 0.786754 735 328 777 486
person 0.776543 1386 169 1410 228
person 0.775905 799 235 835 332
person 0.711400 1191 154 1211 200
person 0.647882 754 231 790 322
person 0.616747 181 177 202 212
person 0.608805 850 209 873 273
person 0.579690 1484 156 1504 197
person 0.544792 1074 213 1097 269
person 0.535651 138 126 1784 289
person 0.505475 1850 252 1903 345
person 0.493819 516 155 534 188
person 0.452249 408 163 423 193
person 0.389883 0 262 23 290
person 0.411947 1442 154 1462 195
person 0.375866 832 145 845 171
person 0.365314 1292 155 1317 205
person 0.356036 1616 161 1646 221
person 0.300277 847 140 860 165
person 0.299851 354 164 370 192
person 0.283237 379 162 394 191
