person 0.986580 850 273 906 410
person 0.986419 1000 266 1054 403
person 0.985086 625 272 670 385
person 0.984859 1157 229 1189 327
person 0.933953 1283 201 1327 305
person 0.899687 1404 215 1445 315
person 0.893176 692 219 723 295
person 0.888468 1624 210 1664 308
person 0.854747 1212 212 1252 290
person 0.813162 964 220 987 288
person 0.814037 492 165 510 198
person 0.807767 1065 244 1099 354
person 0.704700 679 164 693 189
person 0.637119 830 238 859 324
person 0.628972 1651 213 1692 311
person 0.566478 605 161 618 188
person 0.564323 1700 206 1739 310
person 0.549259 557 163 570 191
person 0.533793 258 120 1684 311
person 0.513669 528 163 540 189
person 0.509515 639 162 653 188
person 0.479526 439 186 461 208
person 0.473131 1788 215 1820 273
person 0.374228 1385 192 1412 252
person 0.316397 0 266 20 295
person 0.350013 1079 207 1111 314
person 0.264247 840 235 863 288
person 0.992071 1000 268 1053 404
person 0.982970 623 272 670 384
person 0.975539 855 277 906 409
person 0.971983 1159 230 1189 325
person 0.919227 1285 204 1328 305
person 0.905264 1407 223 1446 320
person 0.898843 692 219 722 295
person 0.855616 1625 211 1667 309
person 0.806788 964 219 987 290
person 0.803297 493 166 510 198
person 0.760860 832 240 859 323
person 0.678004 1648 214 1691 310
person 0.674615 1213 212 1252 290
person 0.676365 679 164 693 188
person 0.558284 557 164 569 192
person 0.544857 529 163 542 190
person 0.543694 257 120 1682 313
person 0.537907 1068 243 1100 354
person 0.505366 1079 206 1111 316
person 0.502742 604 161 616 187
person 0.472625 1384 190 1410 256
person 0.469835 1702 210 1741 307
person 0.467211 641 163 654 188
person 0.442273 439 187 461 209
person 0.411089 1788 214 1821 273
person 0.296298 1 266 20 295
person 0.295682 841 236 864 290
