person 0.996094 647 368 726 560
person 0.991186 1383 261 1430 386
person 0.982214 148 238 192 327
person 0.980622 873 244 913 346
person 0.946852 774 232 806 325
person 0.937095 537 228 576 314
person 0.909380 449 161 471 198
person 0.867544 801 234 836 334
person 0.853939 500 158 519 192
person 0.836416 563 157 585 189
person 0.790958 1593 204 1631 309
person 0.755888 1386 169 1411 228
person 0.709739 735 329 777 485
person 0.693768 181 178 202 212
person 0.611492 1192 155 1212 200
person 0.605762 756 233 788 323
person 0.569800 1484 157 1504 196
person 0.541737 1852 254 1904 346
person 0.532624 132 127 1783 294
person 0.497746 843 206 874 285
person 0.487733 408 163 423 193
person 0.464146 1076 213 1097 269
person 0.384531 0 262 23 290
person 0.408763 517 156 535 188
person 0.393142 1291 156 1317 205
person 0.351231 354 164 370 192
person 0.349009 1616 160 1645 223
person 0.341027 848 141 860 166
person 0.308542 1444 156 1462 192
person 0.283837 377 162 393 191
person 0.283110 834 146 845 171
person 0.277961 822 161 834 179
person 0.259451 1780 178 1807 226
person 0.995237 646 369 723 559
person 0.983062 1384 262 1431 383
person 0.977476 872 240 912 347
person 0.977389 148 238 191 328
person 0.969683 538 229 577 313
person 0.938493 775 233 809 325
person 0.920819 448 162 470 198
person 0.865711 563 157 585 189
person 0.853396 499 158 519 190
person 0.832972 1385 169 1411 229
person 0.800952 1594 208 1633 308
person 0.737619 735 330 778 487
person 0.754765 800 235 834 333
person 0.691044 841 207 873 283
person 0.651890 179 179 201 212
person 0.648951 1193 155 1212 200
person 0.619054 407 163 423 195
person 0.598174 1483 156 1504 197
person 0.595090 152 128 1758 288
person 0.594770 1587 197 1622 286
person 0.526259 1076 215 1097 268
person 0.438045 1291 155 1317 205
person 0.431717 848 140 860 166
person 0.430394 1615 161 1645 222
person 0.400826 832 146 844 172
person 0.400558 517 156 535 187
person 0.347517 0 262 24 290
person 0.378964 756 232 789 325
person 0.345664 1852 254 1905 346
person 0.290655 354 165 369 191
person 0.286581 1444 156 1462 192
person 0.268997 381 163 396 191
person 0.256284 1395 169 1419 224
