person 0.994742 646 368 719 558
person 0.988094 1382 262 1433 385
person 0.983470 145 239 192 328
person 0.982526 538 229 577 315
person 0.949364 869 238 913 349
person 0.944949 774 232 814 325
person 0.910274 448 161 470 198
person 0.874886 564 157 585 189
person 0.855332 1385 168 1411 229
person 0.838257 499 158 518 189
person 0.756961 735 329 778 488
person 0.712573 800 236 836 332
person 0.694750 1483 156 1504 197
person 0.685004 1596 209 1634 307
person 0.653392 1190 155 1211 199
person 0.592912 142 127 1771 287
person 0.576927 408 163 424 194
person 0.573926 846 209 871 271
person 0.572226 1077 214 1097 266
person 0.572350 1587 197 1622 283
person 0.484314 831 145 844 172
person 0.483607 1292 155 1318 205
person 0.434745 179 179 200 213
person 0.432090 848 139 861 167
person 0.425434 1443 155 1463 195
person 0.349863 0 262 23 291
person 0.372823 1616 162 1645 220
person 0.369228 518 156 535 185
person 0.311161 353 165 368 191
person 0.261775 1865 256 1916 346
person 0.259806 381 162 395 190
person 0.257812 755 231 791 325
person 0.995767 646 367 717 558
person 0.988845 1382 263 1434 385
person 0.987830 144 238 191 328
person 0.984333 538 228 576 316
person 0.939282 775 233 813 327
person 0.928039 869 238 912 348
person 0.896747 448 160 470 197
person 0.866269 565 158 585 189
person 0.826745 499 158 518 188
person 0.822255 1385 169 1410 229
person 0.791105 735 330 778 487
person 0.753594 800 235 836 334
person 0.695659 1596 208 1633 307
person 0.693246 1482 157 1504 197
person 0.673430 1191 155 1212 197
person 0.598791 845 206 871 271
person 0.587417 407 163 423 193
person 0.586868 1586 196 1621 282
person 0.571397 149 126 1767 286
person 0.513587 832 144 844 171
person 0.449590 1292 156 1317 204
person 0.425714 1078 214 1098 267
person 0.394671 0 262 23 291
person 0.409347 1443 156 1463 193
person 0.408316 847 138 860 167
person 0.347318 520 156 536 185
person 0.296100 354 165 368 191
person 0.261498 1616 163 1644 218
