person 0.995850 647 366 715 558
person 0.992196 1381 262 1438 386
person 0.989283 539 228 578 316
person 0.987106 143 239 191 329
person 0.955514 773 234 816 327
person 0.905604 447 160 470 197
person 0.902129 867 238 912 349
person 0.858089 566 158 585 189
person 0.835988 735 329 779 488
person 0.822546 499 158 517 187
person 0.800526 1386 169 1411 229
person 0.731256 1611 210 1643 308
person 0.618143 1192 155 1212 196
person 0.585688 799 236 837 334
person 0.562440 407 162 423 193
person 0.547718 844 206 871 268
person 0.545114 168 123 1750 291
person 0.542170 1484 157 1505 197
person 0.522011 832 144 844 172
person 0.495753 1595 209 1629 308
person 0.485854 1587 205 1614 267
person 0.441349 354 165 369 194
person 0.418370 1081 213 1100 268
person 0.417429 1290 156 1317 205
person 0.400308 1617 164 1645 219
person 0.355382 0 261 22 291
person 0.374136 1442 156 1462 195
person 0.345022 377 163 392 192
person 0.311199 847 139 860 168
person 0.285780 590 160 607 186
person 0.264434 519 156 535 183
person 0.993650 647 366 713 557
person 0.992446 1384 262 1439 386
person 0.988502 539 227 576 316
person 0.987454 141 239 191 328
person 0.950669 772 235 818 327
person 0.912804 857 241 904 344
person 0.907736 448 160 470 197
person 0.880429 566 158 585 189
person 0.875914 499 158 516 189
person 0.856379 731 333 777 509
person 0.845231 1613 212 1644 306
person 0.747571 1386 168 1411 230
person 0.685118 1483 157 1504 198
person 0.590654 1583 198 1615 279
person 0.577591 830 143 843 173
person 0.567181 1193 155 1212 195
person 0.559786 408 163 423 193
person 0.529238 168 126 1747 292
person 0.501795 844 207 871 266
person 0.446132 1443 156 1462 195
person 0.428096 1289 155 1316 205
person 0.394598 799 237 838 335
person 0.391715 1080 211 1101 270
person 0.384139 353 165 367 191
person 0.337956 0 262 22 291
person 0.336622 1619 164 1645 219
person 0.335004 380 162 395 190
person 0.331126 521 156 536 184
person 0.309871 1594 209 1627 306
person 0.281395 590 160 607 187
person 0.278803 1782 193 1811 231
person 0.254671 169 179 188 213
