person 0.993099 1384 262 1441 385
person 0.990912 646 366 714 556
person 0.986151 541 227 577 316
person 0.985041 140 239 191 329
person 0.954497 775 233 817 329
person 0.911581 449 160 471 196
person 0.890326 1613 213 1645 309
person 0.885607 856 235 900 339
person 0.866122 732 332 778 510
person 0.866602 499 158 516 188
person 0.843430 566 158 584 187
person 0.709686 1385 172 1410 229
person 0.667657 1484 157 1504 197
person 0.611366 1193 156 1212 195
person 0.577484 407 163 422 193
person 0.570101 1581 197 1614 276
person 0.557511 1290 157 1316 205
person 0.517979 845 208 869 263
person 0.515310 832 145 844 172
person 0.477845 1444 156 1461 195
person 0.465420 163 122 1754 292
person 0.376701 0 262 23 291
person 0.382844 354 166 368 192
person 0.380617 800 236 838 335
person 0.367685 381 162 396 191
person 0.345950 521 156 536 184
person 0.336615 592 159 608 184
person 0.321606 1082 216 1101 266
person 0.303645 1619 165 1645 219
person 0.286974 1712 199 1735 231
person 0.284599 1783 193 1811 231
person 0.282201 1274 156 1295 203
person 0.271558 1079 208 1105 303
person 0.991988 1383 262 1440 387
person 0.990974 646 365 713 556
person 0.985246 541 227 577 316
person 0.980625 139 239 189 329
person 0.946508 774 234 819 329
person 0.936490 1613 214 1648 310
person 0.910466 856 234 901 339
person 0.886511 449 161 471 196
person 0.875748 498 158 516 189
person 0.851579 566 158 584 188
person 0.841893 732 333 777 509
person 0.715558 1384 171 1410 230
person 0.590812 1193 156 1213 196
person 0.560487 1484 157 1504 198
person 0.553904 833 145 846 173
person 0.533609 1581 197 1613 275
person 0.505882 408 163 423 192
person 0.482942 154 123 1764 295
person 0.430032 1288 157 1316 206
person 0.394877 0 262 23 291
person 0.402986 1443 157 1461 195
person 0.379557 352 165 367 191
person 0.375965 521 155 537 184
person 0.368889 847 142 860 169
person 0.349951 844 209 869 262
person 0.346505 798 252 838 338
person 0.330494 1083 214 1102 267
person 0.328690 380 163 395 190
person 0.327604 591 159 607 185
person 0.325283 165 179 184 212
person 0.319962 1849 193 1883 229
person 0.294928 1781 192 1811 231
person 0.284061 1619 165 1646 217
person 0.265438 1712 199 1734 231
