person 0.991444 1383 263 1441 386
person 0.990484 647 366 717 556
person 0.983064 139 240 188 329
person 0.962209 542 228 576 316
person 0.958667 1613 212 1649 309
person 0.942095 775 235 820 331
person 0.901873 859 243 902 344
person 0.880267 449 161 470 196
person 0.838569 732 330 778 512
person 0.838943 498 159 515 188
person 0.714455 566 158 582 187
person 0.676102 1383 172 1409 229
person 0.656956 1581 199 1607 269
person 0.570347 1484 158 1503 198
person 0.554870 1194 157 1213 195
person 0.553357 160 178 180 213
person 0.516864 593 160 608 185
person 0.500425 406 164 421 192
person 0.500446 831 146 843 174
person 0.476547 354 166 369 193
person 0.468412 1443 157 1460 195
person 0.455316 844 209 868 261
person 0.457678 1290 157 1316 205
person 0.446824 158 120 1764 295
person 0.428196 378 164 392 192
person 0.391147 0 261 23 291
person 0.400803 796 252 840 339
person 0.399191 1085 213 1104 268
person 0.324615 524 156 538 184
person 0.316440 1849 193 1882 229
person 0.292955 1783 193 1811 231
person 0.272268 1714 200 1736 231
person 0.264849 1274 156 1295 202
person 0.250586 849 142 860 167
person 0.995999 1389 262 1441 386
person 0.993329 648 367 719 555
person 0.985055 138 238 185 329
person 0.979445 1612 213 1653 312
person 0.961574 776 234 820 331
person 0.959787 543 228 576 316
person 0.954265 858 240 902 347
person 0.903728 449 161 470 195
person 0.868737 498 159 515 189
person 0.862879 732 327 777 515
person 0.767007 564 158 581 189
person 0.736921 1383 171 1409 231
person 0.693102 1484 158 1504 198
person 0.655437 1194 157 1212 195
person 0.651609 1579 197 1611 274
person 0.563599 591 160 607 188
person 0.560758 159 177 179 213
person 0.555285 1443 156 1462 196
person 0.541868 1290 158 1316 204
person 0.506013 407 164 421 191
person 0.502294 161 122 1762 287
person 0.448268 841 209 868 258
person 0.410489 379 164 393 190
person 0.366854 0 262 24 291
person 0.388440 526 156 540 184
person 0.369751 355 167 369 191
person 0.367135 850 142 861 167
person 0.344025 1851 193 1884 230
person 0.339948 1087 225 1108 285
person 0.338295 832 145 843 170
person 0.283144 1274 157 1295 203
person 0.274365 1714 201 1736 231
person 0.268582 1782 194 1811 231
