person 0.996116 1391 262 1441 384
person 0.993500 648 367 719 555
person 0.981872 544 227 577 318
person 0.978102 137 238 181 329
person 0.971534 1612 215 1653 314
person 0.962870 855 240 901 347
person 0.956724 777 234 818 330
person 0.884539 449 161 470 195
person 0.868799 732 329 777 514
person 0.853249 498 160 515 190
person 0.756788 1382 173 1410 232
person 0.720954 158 178 179 214
person 0.718736 564 159 581 188
person 0.708986 1194 158 1213 196
person 0.627612 1484 160 1503 198
person 0.616119 1578 198 1609 272
person 0.561265 591 161 606 188
person 0.545021 177 122 1736 290
person 0.518200 407 164 421 192
person 0.502949 840 209 867 259
person 0.506213 1291 158 1316 204
person 0.481741 1443 158 1461 196
person 0.464291 527 157 541 186
person 0.450402 355 167 370 194
person 0.421551 0 261 25 290
person 0.405657 849 144 861 171
person 0.402920 378 164 392 192
person 0.378740 832 147 843 173
person 0.370072 1713 201 1735 232
person 0.337664 1088 226 1110 288
person 0.305667 1275 158 1295 203
person 0.279571 1782 195 1810 231
person 0.265218 1850 193 1881 230
person 0.252575 821 160 832 179
person 0.997426 1390 261 1443 385
person 0.993065 649 367 718 554
person 0.986452 545 226 577 320
person 0.977771 1613 215 1656 314
person 0.973627 137 235 177 329
person 0.967678 854 238 901 348
person 0.941951 779 233 819 333
person 0.883477 449 162 471 196
person 0.869859 732 332 777 510
person 0.860093 498 160 515 191
person 0.773117 1384 171 1410 232
person 0.749862 563 158 580 189
person 0.723026 1193 157 1213 197
person 0.666850 591 161 607 190
person 0.653699 1580 199 1606 267
person 0.634316 1484 159 1502 198
person 0.615660 156 175 176 214
person 0.567980 1443 156 1462 198
person 0.522072 192 122 1728 288
person 0.493705 1290 157 1316 204
person 0.486932 406 164 420 191
person 0.456125 355 167 369 193
person 0.424505 528 157 543 186
person 0.420067 839 207 867 260
person 0.402645 1089 226 1112 288
person 0.401295 380 164 394 191
person 0.377218 0 261 25 290
person 0.335274 832 146 845 174
person 0.294904 1274 157 1295 203
person 0.271661 849 142 862 169
person 0.267482 1850 193 1882 230
person 0.254381 1782 195 1811 231
