person 0.995801 1391 260 1442 386
person 0.994950 648 367 719 553
person 0.985092 136 235 178 327
person 0.978274 777 233 821 332
person 0.973770 856 238 900 347
person 0.973302 545 227 578 318
person 0.949605 1616 217 1659 312
person 0.893972 449 161 470 196
person 0.869069 498 160 515 191
person 0.854339 732 326 777 516
person 0.812788 156 178 176 213
person 0.767508 1382 171 1409 232
person 0.731649 563 158 579 188
person 0.716015 1579 198 1606 269
person 0.715035 1193 157 1213 197
person 0.671458 593 161 608 187
person 0.630272 1484 160 1502 198
person 0.567844 1087 201 1115 288
person 0.564257 183 121 1741 289
person 0.518901 406 164 420 192
person 0.513507 1291 158 1316 204
person 0.512789 1443 157 1461 197
person 0.450705 0 261 25 290
person 0.462534 355 167 369 193
person 0.432168 529 157 543 186
person 0.415335 832 146 844 172
person 0.397563 378 164 392 191
person 0.348666 839 207 868 261
person 0.283707 1276 158 1295 202
person 0.271175 849 142 861 167
person 0.258475 1850 193 1882 230
person 0.256498 1714 200 1735 231
person 0.255076 1782 194 1810 231
person 0.997087 1392 260 1442 386
person 0.994408 648 366 720 554
person 0.982491 859 242 899 347
person 0.977578 136 235 176 326
person 0.970689 546 227 578 318
person 0.969591 780 231 821 332
person 0.960954 1619 217 1661 315
person 0.891393 497 160 515 191
person 0.881532 450 162 470 195
person 0.851735 732 330 777 512
person 0.780787 1382 172 1409 231
person 0.755881 563 158 578 187
person 0.752357 1580 198 1607 268
person 0.689367 1194 158 1213 196
person 0.663562 592 160 608 188
person 0.634377 1087 201 1116 287
person 0.579920 180 123 1750 290
person 0.551060 1484 159 1503 198
person 0.498448 156 179 175 215
person 0.490950 529 157 544 186
person 0.481147 1291 158 1316 203
person 0.471099 1443 157 1461 197
person 0.454431 852 143 864 169
person 0.415030 407 164 420 190
person 0.399907 0 261 25 290
person 0.399394 379 163 393 190
person 0.356973 355 166 370 193
person 0.351505 832 146 844 172
person 0.283681 841 209 866 261
person 0.258014 1276 158 1295 202
