person 0.997152 1395 260 1442 384
person 0.991756 649 368 720 552
person 0.985912 860 243 897 346
person 0.981949 546 227 578 317
person 0.976010 1619 217 1664 315
person 0.967941 136 236 175 327
person 0.938756 783 231 817 331
person 0.901600 496 160 514 192
person 0.882590 733 327 776 515
person 0.890459 450 161 471 195
person 0.842942 1578 196 1610 272
person 0.764173 1382 171 1409 232
person 0.755527 563 158 578 188
person 0.709195 592 159 608 189
person 0.632910 1194 158 1213 196
person 0.593566 192 123 1731 294
person 0.524307 1484 159 1504 199
person 0.509667 152 181 172 215
person 0.473924 1290 158 1316 204
person 0.472275 406 164 419 191
person 0.452760 1087 212 1117 295
person 0.423465 531 156 545 186
person 0.419910 355 167 369 192
person 0.415194 380 163 395 190
person 0.407277 851 145 863 170
person 0.378043 0 261 25 291
person 0.371953 1443 157 1461 196
person 0.327033 1871 223 1915 345
person 0.310440 832 147 843 171
person 0.282332 1715 199 1737 231
person 0.265544 1782 194 1811 232
person 0.264649 819 161 829 180
person 0.262072 1276 158 1296 202
person 0.256494 842 211 866 260
person 0.996230 1397 258 1442 386
person 0.992738 649 368 723 552
person 0.988720 547 226 580 319
person 0.986388 856 241 897 348
person 0.973991 131 234 177 330
person 0.973259 1626 216 1667 317
person 0.945098 781 231 818 332
person 0.904012 496 160 514 192
person 0.884456 451 162 471 194
person 0.862572 735 319 779 498
person 0.865505 1579 195 1611 272
person 0.795367 151 179 173 215
person 0.784979 1383 171 1411 233
person 0.765937 562 158 578 188
person 0.668465 1194 158 1213 197
person 0.647035 592 160 608 188
person 0.528345 184 124 1747 294
person 0.503984 1290 157 1316 204
person 0.494520 1484 158 1505 198
person 0.454257 1088 201 1116 287
person 0.420448 355 166 369 192
person 0.411657 1442 156 1462 197
person 0.387815 0 262 25 291
person 0.400107 379 163 394 190
person 0.395505 406 164 419 190
person 0.365364 530 156 545 186
person 0.316566 810 229 844 340
person 0.310574 831 213 857 259
person 0.311399 831 146 843 171
person 0.285313 1872 223 1914 344
person 0.273043 1276 157 1296 203
person 0.251564 1715 199 1737 231
