person 0.996210 1396 256 1443 388
person 0.992689 547 226 581 320
person 0.987016 857 243 898 346
person 0.981939 657 356 721 548
person 0.974702 1624 217 1670 318
person 0.970104 130 235 177 329
person 0.937429 782 231 822 331
person 0.915533 450 162 471 195
person 0.904476 496 160 514 192
person 0.883973 1579 196 1611 272
person 0.878467 735 323 777 518
person 0.813143 1382 171 1410 233
person 0.727597 562 158 578 187
person 0.714355 1194 158 1213 196
person 0.654376 592 160 608 187
person 0.648361 149 180 168 215
person 0.567102 176 122 1749 289
person 0.558009 1289 157 1317 204
person 0.517471 1870 224 1914 344
person 0.485708 406 164 419 191
person 0.480852 378 163 393 192
person 0.478085 805 228 845 338
person 0.473384 356 167 370 194
person 0.439596 1484 159 1505 198
person 0.404135 0 262 25 290
person 0.385140 530 157 544 185
person 0.378684 1442 157 1462 197
person 0.342625 1096 204 1125 285
person 0.332302 851 145 863 168
person 0.282885 1275 158 1295 202
person 0.282057 1741 197 1772 232
person 0.278613 1092 213 1114 271
person 0.269812 830 214 857 258
person 0.270006 1782 194 1811 231
person 0.250806 821 161 831 180
person 0.995656 1395 255 1444 388
person 0.992773 547 227 581 320
person 0.985443 657 356 721 547
person 0.984688 856 242 897 347
person 0.980739 1629 216 1671 315
person 0.960609 126 236 178 328
person 0.937388 779 231 819 329
person 0.910097 1579 196 1613 270
person 0.900142 450 162 471 195
person 0.881966 496 160 514 191
person 0.849584 735 324 778 518
person 0.832895 1382 171 1410 232
person 0.709145 563 158 578 187
person 0.678694 1194 158 1213 196
person 0.660726 592 161 609 189
person 0.605396 146 181 166 213
person 0.561444 1291 157 1317 204
person 0.521344 191 123 1736 293
person 0.458218 1485 160 1504 198
person 0.420457 1100 212 1123 271
person 0.401793 0 262 24 291
person 0.403526 355 166 369 191
person 0.376565 1444 158 1462 196
person 0.375688 529 157 544 185
person 0.360197 376 163 390 190
person 0.342528 407 164 421 190
person 0.314946 829 214 855 259
person 0.320070 811 230 846 335
person 0.305816 1275 158 1295 203
person 0.285323 852 144 863 167
person 0.279113 822 162 833 180
person 0.275398 1851 193 1881 229
person 0.265779 1871 226 1914 343
person 0.259622 1742 196 1771 232
