person 0.995479 548 227 582 321
person 0.989002 659 355 724 547
person 0.986064 1398 254 1445 389
person 0.983290 1632 215 1672 316
person 0.981001 856 241 896 348
person 0.948620 126 237 178 330
person 0.929195 1579 197 1613 271
person 0.918201 782 233 818 330
person 0.906112 450 162 471 195
person 0.896170 736 318 777 523
person 0.895808 495 160 513 191
person 0.759671 1382 171 1410 232
person 0.726370 591 161 608 190
person 0.725135 562 158 578 188
person 0.717065 1194 158 1213 197
person 0.539635 1291 157 1317 204
person 0.499644 196 122 1731 297
person 0.478058 813 233 845 335
person 0.456905 0 261 25 290
person 0.462482 355 166 370 194
person 0.461142 1485 159 1504 198
person 0.426801 376 163 391 192
person 0.417053 1101 212 1123 270
person 0.410911 855 145 865 168
person 0.396716 1443 157 1462 197
person 0.387337 530 157 544 185
person 0.326876 407 165 420 190
person 0.307926 146 182 164 214
person 0.269775 822 160 833 180
person 0.265941 1715 200 1736 232
person 0.261629 1275 158 1295 203
person 0.994675 548 226 584 319
person 0.990755 660 355 726 546
person 0.982157 1634 216 1672 315
person 0.974675 853 241 896 350
person 0.961834 1399 251 1446 389
person 0.959765 778 234 823 333
person 0.932017 1579 196 1614 270
person 0.929410 125 240 177 329
person 0.915485 450 162 472 196
person 0.881252 496 160 514 190
person 0.869116 737 320 778 521
person 0.789159 1383 170 1409 232
person 0.773989 591 161 610 191
person 0.702602 561 159 577 187
person 0.699293 1194 158 1213 196
person 0.575956 1101 212 1123 271
person 0.558326 180 124 1740 291
person 0.518232 1292 158 1317 203
person 0.490739 0 261 25 290
person 0.471723 1485 160 1504 198
person 0.453335 355 166 370 193
person 0.438946 1443 158 1462 196
person 0.433853 854 143 865 167
person 0.393163 375 163 391 192
person 0.371137 144 182 162 215
person 0.347722 529 157 544 185
person 0.294508 1276 159 1295 202
person 0.291959 810 230 847 339
person 0.273473 406 164 419 189
person 0.268830 834 146 844 170
person 0.258148 1713 200 1736 231
