person 0.990067 1001 269 1052 404
person 0.983740 623 272 668 385
person 0.977052 866 278 912 408
person 0.970671 1159 230 1191 327
person 0.930987 1408 223 1447 321
person 0.920981 1285 204 1328 304
person 0.920822 692 218 722 294
person 0.850937 1626 213 1667 308
person 0.826881 964 219 987 291
person 0.805818 493 166 510 197
person 0.706337 1221 207 1259 286
person 0.668318 1647 216 1689 310
person 0.660603 679 164 693 188
person 0.622355 1070 224 1103 342
person 0.616918 557 164 570 192
person 0.576631 529 163 541 190
person 0.564820 831 239 860 320
person 0.563928 1703 212 1743 307
person 0.535544 1384 190 1410 255
person 0.528747 603 162 616 188
person 0.511648 253 122 1686 311
person 0.483198 841 234 865 295
person 0.433998 439 187 461 208
person 0.439925 641 163 653 188
person 0.413370 1078 205 1111 317
person 0.368065 1788 216 1822 270
person 0.276469 1 266 20 295
person 0.992985 867 279 914 407
person 0.990756 1000 267 1051 406
person 0.986060 622 271 669 386
person 0.961354 1160 229 1191 326
person 0.945473 1408 224 1446 321
person 0.935114 691 219 722 294
person 0.934965 1286 204 1328 304
person 0.882039 1627 211 1667 308
person 0.838337 837 237 865 318
person 0.802487 965 222 988 291
person 0.791498 493 166 510 198
person 0.763275 680 164 694 189
person 0.743175 1221 208 1260 284
person 0.718714 1073 223 1105 342
person 0.591898 602 162 614 188
person 0.575442 557 163 570 191
person 0.550310 1647 214 1689 310
person 0.538802 241 123 1698 309
person 0.508407 530 163 543 190
person 0.493251 641 162 654 188
person 0.471302 439 185 461 208
person 0.444305 1382 190 1409 257
person 0.442910 1702 210 1744 307
person 0.282929 1 266 20 295
person 0.299694 1790 214 1821 269
person 0.264185 818 164 829 183
