person 0.993995 658 356 727 545
person 0.992912 548 227 584 320
person 0.991135 1398 256 1449 386
person 0.986454 1635 217 1674 315
person 0.980224 852 240 896 349
person 0.959349 778 233 822 333
person 0.941267 122 241 162 325
person 0.940452 1578 198 1614 269
person 0.913536 449 162 471 196
person 0.872287 737 319 777 522
person 0.871421 496 160 514 190
person 0.793901 1384 170 1409 232
person 0.765714 1194 158 1213 197
person 0.697852 562 158 577 186
person 0.647478 593 160 610 188
person 0.636723 1101 211 1123 271
person 0.558848 189 125 1735 290
person 0.541367 0 261 25 290
person 0.534473 1292 157 1317 204
person 0.524961 1485 159 1504 198
person 0.481187 855 142 866 166
person 0.457773 355 166 370 193
person 0.423780 1444 158 1462 196
person 0.411382 376 163 391 192
person 0.347481 527 157 541 184
person 0.318878 144 183 161 215
person 0.309147 406 164 419 190
person 0.284343 1714 200 1737 231
person 0.277316 833 145 844 168
person 0.995487 548 227 584 321
person 0.994143 657 357 726 541
person 0.993831 1398 258 1451 385
person 0.976757 119 240 162 325
person 0.974893 853 243 895 349
person 0.972185 1637 216 1674 315
person 0.944790 778 235 820 334
person 0.924147 1579 197 1614 269
person 0.908485 449 162 472 197
person 0.873201 496 160 514 190
person 0.843510 737 319 777 522
person 0.814558 1384 170 1410 232
person 0.783585 595 160 612 189
person 0.713917 561 157 577 186
person 0.701612 1101 210 1124 270
person 0.679725 1194 158 1212 197
person 0.540890 0 261 25 290
person 0.534990 169 125 1749 293
person 0.474032 354 166 370 194
person 0.442934 1292 157 1318 204
person 0.418174 856 142 866 166
person 0.391554 376 163 392 192
person 0.388456 143 183 162 216
person 0.377447 1485 158 1503 197
person 0.357982 1444 157 1462 195
person 0.282501 527 156 541 183
person 0.268543 826 213 853 261
person 0.272504 832 145 842 169
person 0.263813 405 165 419 189
person 0.250759 815 233 848 336
