person 0.994539 549 228 585 322
person 0.994071 657 355 727 544
person 0.990932 1398 258 1453 383
person 0.976686 854 243 894 349
person 0.975793 118 240 162 325
person 0.974363 1637 215 1676 318
person 0.923837 777 234 821 336
person 0.918361 1579 197 1614 270
person 0.916563 449 161 471 196
person 0.876275 495 160 513 191
person 0.826047 737 319 780 500
person 0.784059 596 161 612 189
person 0.783659 1384 169 1410 232
person 0.696839 1194 158 1213 197
person 0.681526 562 158 577 186
person 0.543707 0 261 26 290
person 0.491842 191 125 1732 296
person 0.485348 354 167 370 194
person 0.476553 1097 203 1126 286
person 0.470719 1292 157 1318 204
person 0.470170 1485 160 1503 198
person 0.427026 376 163 392 193
person 0.380525 1444 158 1462 196
person 0.353321 1714 199 1737 231
person 0.308012 406 165 420 190
person 0.303759 813 230 849 336
person 0.297594 825 212 853 261
person 0.292334 143 183 161 217
person 0.269116 853 142 864 164
person 0.995451 1400 257 1455 384
person 0.994774 654 356 724 539
person 0.993695 549 227 586 322
person 0.979660 118 241 161 326
person 0.966501 851 240 894 350
person 0.958420 1637 215 1677 318
person 0.947161 775 233 821 336
person 0.929697 1579 197 1613 270
person 0.923743 449 161 472 197
person 0.882064 495 159 514 192
person 0.867283 737 324 800 494
person 0.810281 1384 170 1410 232
person 0.700683 594 159 612 188
person 0.697107 561 157 577 187
person 0.661706 1194 158 1213 196
person 0.534408 1103 211 1125 270
person 0.494530 0 262 25 290
person 0.477994 1485 160 1503 198
person 0.456742 1293 156 1318 204
person 0.443904 170 124 1757 294
person 0.435924 812 230 850 334
person 0.419085 355 166 370 193
person 0.409441 376 163 391 192
person 0.379040 1445 157 1463 195
person 0.378107 1715 201 1739 232
person 0.322612 852 143 865 167
person 0.281847 823 213 852 260
person 0.275288 1852 249 1904 350
person 0.251615 526 156 541 184
