person 0.996353 1400 258 1453 386
person 0.995676 654 356 727 539
person 0.995002 550 227 587 321
person 0.980827 117 240 160 328
person 0.968657 848 238 893 349
person 0.941934 773 232 822 339
person 0.938869 1580 196 1613 271
person 0.929538 450 161 473 197
person 0.904254 1639 216 1677 318
person 0.867005 496 160 514 190
person 0.831277 739 324 803 493
person 0.819127 1385 169 1410 233
person 0.755795 561 157 578 187
person 0.667095 595 159 613 187
person 0.600902 1105 212 1127 270
person 0.600228 1194 158 1213 195
person 0.552292 0 261 26 290
person 0.498233 1293 156 1317 203
person 0.489766 813 231 851 336
person 0.468379 137 126 1788 288
person 0.461436 355 166 370 194
person 0.442341 131 183 150 217
person 0.441798 1849 250 1905 348
person 0.426418 1485 160 1503 197
person 0.423243 376 163 392 192
person 0.383536 1445 158 1462 195
person 0.374041 1714 200 1737 231
person 0.311854 826 205 852 242
person 0.301994 406 165 420 190
person 0.297183 524 156 540 184
person 0.286602 856 145 867 168
person 0.267549 825 162 836 179
person 0.995870 652 357 727 539
person 0.994209 552 228 587 321
person 0.991679 1404 255 1455 385
person 0.984272 115 240 160 328
person 0.977184 847 241 890 348
person 0.941136 774 233 817 339
person 0.917330 450 161 472 197
person 0.915914 1580 196 1613 271
person 0.894121 1644 213 1685 318
person 0.837300 496 160 514 191
person 0.820136 1385 169 1410 232
person 0.762323 736 325 776 515
person 0.686976 561 157 578 187
person 0.679969 1194 157 1212 196
person 0.669426 1105 212 1129 270
person 0.669024 595 158 613 189
person 0.529300 170 124 1751 292
person 0.503518 0 261 25 291
person 0.518021 130 184 147 215
person 0.493010 822 205 851 242
person 0.488808 355 166 370 194
person 0.473746 1293 156 1317 203
person 0.455278 376 164 392 192
person 0.390915 813 234 847 336
person 0.363709 1485 161 1502 196
person 0.356757 1716 199 1739 231
person 0.343898 1445 158 1461 194
person 0.315659 1851 223 1906 340
person 0.307834 855 143 868 166
person 0.295438 406 165 420 190
person 0.263018 524 156 540 184
person 0.262822 1740 197 1768 230
