person 0.996846 653 357 730 538
person 0.993621 552 227 588 321
person 0.992156 1405 253 1456 386
person 0.984375 112 240 160 327
person 0.980689 845 242 889 349
person 0.939361 1580 196 1613 270
person 0.936472 775 233 816 338
person 0.923380 1644 214 1686 319
person 0.901857 450 161 472 196
person 0.846921 1385 169 1410 231
person 0.816918 737 323 800 494
person 0.796880 497 160 515 190
person 0.755242 558 157 575 189
person 0.734932 594 159 613 190
person 0.686301 1101 203 1131 283
person 0.674661 1193 157 1211 196
person 0.524234 0 261 25 290
person 0.548035 174 125 1749 292
person 0.463945 820 206 849 243
person 0.465096 355 166 370 194
person 0.452848 1293 155 1317 204
person 0.427304 376 164 391 192
person 0.410769 812 234 848 336
person 0.402893 526 157 543 187
person 0.402757 129 182 148 215
person 0.374741 1715 198 1741 230
person 0.366383 1444 157 1462 194
person 0.354130 1485 159 1503 195
person 0.306501 406 165 420 190
person 0.291285 1739 197 1770 230
person 0.262859 824 162 836 180
person 0.255034 854 143 866 166
person 0.996052 654 356 729 539
person 0.993004 1406 252 1457 386
person 0.991958 553 228 587 320
person 0.984326 109 241 154 327
person 0.981399 845 242 889 349
person 0.938057 1580 196 1613 270
person 0.902071 774 232 815 338
person 0.881040 450 160 473 196
person 0.878828 1643 224 1686 320
person 0.870917 1385 169 1411 231
person 0.835168 737 323 800 494
person 0.825491 496 159 514 191
person 0.779163 594 159 614 191
person 0.743006 558 157 575 188
person 0.734893 1846 250 1902 347
person 0.721502 1192 157 1211 197
person 0.582686 1107 212 1128 272
person 0.581032 125 183 143 214
person 0.522057 0 262 26 291
person 0.468035 160 124 1759 291
person 0.456798 354 165 369 192
person 0.443643 526 156 542 186
person 0.438250 1294 155 1318 203
person 0.435036 375 164 390 192
person 0.390942 817 210 847 260
person 0.382868 1443 157 1462 195
person 0.348301 1484 159 1502 195
person 0.339540 812 231 846 336
person 0.297102 1715 196 1741 230
person 0.267361 853 143 866 169
person 0.261069 824 161 836 179
person 0.258786 1739 196 1770 229
person 0.257410 1607 167 1632 214
person 0.253362 406 164 420 189
