person 0.996191 652 355 727 541
person 0.993916 553 227 589 322
person 0.983880 846 244 890 349
person 0.983701 109 239 152 328
person 0.982290 1411 252 1458 385
person 0.933457 1580 195 1612 271
person 0.908513 1643 224 1687 320
person 0.891826 450 161 472 195
person 0.871977 1385 169 1411 232
person 0.859680 773 233 814 338
person 0.814195 496 160 513 191
person 0.813063 736 323 799 494
person 0.798872 597 160 615 190
person 0.731058 560 157 576 188
person 0.713036 1192 156 1211 198
person 0.696560 1844 250 1901 348
person 0.690756 1110 210 1132 273
person 0.565366 125 185 142 216
person 0.542944 158 128 1761 291
person 0.496993 0 262 26 291
person 0.504802 526 157 541 187
person 0.483810 354 166 369 193
person 0.443626 377 164 392 192
person 0.412130 816 209 845 262
person 0.413314 1294 156 1317 202
person 0.371700 812 233 845 335
person 0.320336 1444 157 1462 195
person 0.320075 1484 159 1502 196
person 0.312459 406 164 420 190
person 0.995745 650 355 727 536
person 0.994093 554 227 588 322
person 0.985771 107 237 150 329
person 0.980815 847 244 889 349
person 0.950125 1412 249 1459 383
person 0.931270 1580 195 1612 271
person 0.928992 1645 224 1689 320
person 0.876623 451 161 472 194
person 0.873826 772 231 811 338
person 0.856206 1385 168 1411 232
person 0.830630 735 323 798 495
person 0.827237 495 160 513 191
person 0.788111 1105 203 1137 283
person 0.783710 597 160 615 190
person 0.776720 1191 156 1210 199
person 0.705322 560 157 576 188
person 0.600339 174 126 1752 288
person 0.596727 817 208 844 264
person 0.452471 0 262 25 291
person 0.459603 375 163 391 191
person 0.429969 525 156 540 186
person 0.418161 354 165 368 192
person 0.399690 122 184 140 216
person 0.356949 811 251 845 340
person 0.334162 1293 155 1317 202
person 0.293927 824 162 835 180
person 0.283519 1485 160 1502 195
person 0.283091 1444 157 1461 193
person 0.259001 1708 166 1733 227
person 0.252672 407 164 420 189
