person 0.996224 647 356 725 534
person 0.993645 554 227 590 321
person 0.984412 107 237 148 327
person 0.983947 846 245 888 349
person 0.959296 1646 225 1688 320
person 0.943763 1412 247 1459 384
person 0.930908 1579 195 1611 270
person 0.909063 736 324 799 495
person 0.862227 1385 168 1411 231
person 0.845293 451 161 471 194
person 0.816868 495 161 512 191
person 0.814247 773 231 809 335
person 0.796317 596 160 615 190
person 0.784289 1190 156 1211 200
person 0.707236 1106 203 1138 283
person 0.634146 559 157 574 187
person 0.592025 183 128 1744 291
person 0.554050 120 183 139 215
person 0.538079 813 248 848 342
person 0.515756 816 208 843 264
person 0.476360 0 262 25 290
person 0.483563 354 166 369 194
person 0.479252 375 163 391 192
person 0.444956 526 157 541 186
person 0.332975 1292 154 1317 203
person 0.323618 406 165 420 190
person 0.324067 1484 159 1502 196
person 0.312452 1708 167 1732 227
person 0.293290 857 144 868 166
person 0.285382 1445 158 1461 193
person 0.278786 1845 224 1906 338
person 0.996055 648 353 722 533
person 0.995011 556 227 591 322
person 0.983571 105 235 144 326
person 0.982448 842 246 888 351
person 0.978246 1420 252 1466 382
person 0.968725 1646 227 1689 318
person 0.917161 1579 195 1612 270
person 0.884856 772 244 818 350
person 0.860686 1385 168 1411 232
person 0.855420 735 322 798 497
person 0.844361 450 161 471 194
person 0.836692 597 160 615 189
person 0.809193 1189 156 1211 200
person 0.802520 496 161 513 190
person 0.697101 1113 212 1135 270
person 0.668073 813 246 852 343
person 0.611619 118 181 138 216
person 0.610732 559 158 574 186
person 0.599242 168 127 1752 289
person 0.520951 373 163 389 193
person 0.510040 354 166 369 195
person 0.480159 813 207 843 263
person 0.434028 0 262 25 291
person 0.437391 525 157 539 185
person 0.304885 1292 154 1317 203
person 0.290195 1709 167 1733 227
person 0.276790 1444 157 1461 193
person 0.275875 407 165 421 190
person 0.269778 820 163 831 179
person 0.262454 1484 159 1502 195
