person 0.996785 555 228 592 323
person 0.996543 647 353 718 534
person 0.986663 103 237 145 326
person 0.986030 1422 250 1466 382
person 0.976425 841 249 888 350
person 0.967059 1647 226 1688 319
person 0.914505 1579 196 1611 271
person 0.887940 450 161 472 195
person 0.870805 1385 168 1411 231
person 0.866896 732 334 778 508
person 0.844657 772 243 817 348
person 0.808846 598 159 616 189
person 0.806536 1189 157 1211 199
person 0.789103 497 161 514 191
person 0.644524 1113 211 1136 272
person 0.644153 560 157 575 186
person 0.630637 812 248 853 341
person 0.561118 117 182 136 217
person 0.551220 186 128 1733 287
person 0.540077 354 166 370 195
person 0.506306 812 209 842 263
person 0.431683 0 262 25 291
person 0.471188 375 163 391 193
person 0.454600 523 157 538 185
person 0.398656 1291 155 1317 204
person 0.375822 823 163 834 179
person 0.344503 1842 226 1899 334
person 0.334483 1484 159 1502 196
person 0.331703 1708 166 1732 227
person 0.306478 858 145 869 165
person 0.303897 1444 158 1461 193
person 0.256220 406 165 420 190
person 0.254975 1741 195 1767 229
person 0.996577 556 228 592 323
person 0.995340 646 353 714 530
person 0.987622 839 248 889 353
person 0.986296 1421 251 1469 381
person 0.982617 101 237 141 326
person 0.955423 1648 226 1687 319
person 0.906963 732 335 777 506
person 0.894197 769 229 804 340
person 0.877552 1385 168 1411 231
person 0.877563 1579 195 1611 271
person 0.854961 450 161 471 195
person 0.798706 599 159 617 190
person 0.783382 497 161 513 191
person 0.779028 1190 158 1211 198
person 0.751873 812 246 853 341
person 0.726129 1110 204 1141 285
person 0.690842 113 180 134 216
person 0.686469 811 205 841 264
person 0.627950 559 157 575 186
person 0.554833 197 128 1733 285
person 0.553677 354 166 369 194
person 0.455596 0 261 25 290
person 0.487417 372 163 387 193
person 0.468576 1840 227 1896 336
person 0.461029 523 156 537 185
person 0.385354 1292 155 1317 204
person 0.317454 1708 167 1732 227
person 0.294974 1483 158 1501 195
person 0.284411 1445 157 1461 193
person 0.270816 824 162 835 179
