person 0.995495 555 229 592 322
person 0.992990 647 353 714 525
person 0.989031 838 247 887 350
person 0.987616 1422 251 1471 383
person 0.977420 99 236 142 327
person 0.928693 768 229 802 341
person 0.927321 1651 226 1687 318
person 0.917472 732 331 778 509
person 0.885414 1385 168 1411 231
person 0.872115 1579 195 1611 271
person 0.863097 450 161 472 195
person 0.804616 495 161 512 191
person 0.793785 599 159 617 189
person 0.722684 1110 204 1142 285
person 0.707438 1190 160 1211 198
person 0.644225 111 178 131 218
person 0.617112 1840 224 1897 340
person 0.607995 815 247 852 340
person 0.578154 811 207 841 264
person 0.522185 201 129 1726 287
person 0.507425 354 166 369 194
person 0.422584 0 262 25 291
person 0.439521 373 163 388 193
person 0.433199 560 158 575 184
person 0.424488 1292 156 1318 204
person 0.384764 1707 169 1732 227
person 0.371130 1483 159 1500 196
person 0.309567 522 156 536 184
person 0.300508 1445 158 1461 193
person 0.266818 1607 169 1630 213
person 0.266331 824 162 836 179
person 0.250257 855 144 866 165
person 0.995622 555 229 593 322
person 0.992046 643 354 710 523
person 0.988765 835 246 885 349
person 0.981972 97 238 140 327
person 0.979743 1424 249 1473 385
person 0.912045 736 323 782 495
person 0.918650 768 229 802 339
person 0.917289 1653 220 1690 313
person 0.883992 1385 169 1411 230
person 0.882228 450 160 472 195
person 0.871438 1579 195 1611 271
person 0.831318 600 160 618 189
person 0.809073 496 161 513 190
person 0.769590 1118 211 1139 272
person 0.735887 109 180 130 220
person 0.636125 811 208 841 262
person 0.628537 1190 160 1209 197
person 0.552460 354 166 369 194
person 0.532926 814 247 851 340
person 0.501294 185 131 1741 285
person 0.443162 0 261 25 290
person 0.455406 373 163 389 193
person 0.449969 559 158 574 183
person 0.385805 1839 251 1894 348
person 0.337973 1483 160 1500 196
person 0.337376 1708 171 1732 227
person 0.326753 1744 194 1770 229
person 0.324274 1292 156 1317 204
person 0.299190 522 157 536 183
person 0.297764 807 207 839 312
person 0.285846 1445 158 1460 192
person 0.279058 1661 165 1683 226
person 0.262688 1781 195 1808 229
person 0.255879 1606 169 1629 213
person 0.253348 822 162 833 178
person 0.251842 859 145 869 165
