person 0.996037 556 229 594 323
person 0.989588 1426 247 1474 386
person 0.985264 642 354 710 519
person 0.981232 95 237 140 327
person 0.981115 833 244 885 351
person 0.969829 1652 226 1691 320
person 0.930500 766 230 801 337
person 0.921842 733 333 781 507
person 0.878130 450 160 471 195
person 0.875530 1385 169 1410 230
person 0.861325 600 160 618 189
person 0.837453 1578 195 1612 270
person 0.810340 496 161 512 190
person 0.777258 1117 212 1139 271
person 0.733195 109 182 129 220
person 0.640434 812 207 838 264
person 0.558549 819 248 861 339
person 0.551294 354 166 369 194
person 0.541509 1190 160 1209 197
person 0.462074 0 261 25 290
person 0.499648 181 130 1743 284
person 0.497985 375 163 390 193
person 0.456912 1838 250 1892 348
person 0.433764 560 158 575 183
person 0.361335 1292 156 1318 204
person 0.343426 1743 195 1770 229
person 0.337268 1482 160 1499 196
person 0.325987 1708 169 1731 227
person 0.299918 1444 158 1460 193
person 0.285106 1661 165 1684 227
person 0.282706 1781 195 1809 230
person 0.277806 521 157 535 183
person 0.273474 859 146 870 167
person 0.272040 406 165 419 190
person 0.267466 1606 168 1629 214
person 0.996166 558 230 595 322
person 0.989749 641 352 708 522
person 0.983316 1428 246 1475 387
person 0.980625 93 237 139 328
person 0.976424 1653 225 1694 321
person 0.935088 833 244 886 350
person 0.932263 733 333 781 507
person 0.900985 1384 169 1410 230
person 0.884457 449 160 472 195
person 0.864042 766 231 802 339
person 0.829952 1578 195 1611 271
person 0.806887 497 161 513 189
person 0.798291 601 160 619 188
person 0.725974 1113 204 1145 286
person 0.683752 108 181 128 218
person 0.655695 815 248 867 342
person 0.583920 354 166 369 194
person 0.575986 1836 258 1891 346
person 0.557060 1189 157 1208 198
person 0.462040 0 261 26 290
person 0.467166 194 125 1735 287
person 0.464226 374 163 389 193
person 0.438878 560 157 574 182
person 0.400045 1294 157 1319 204
person 0.343308 1484 160 1501 196
person 0.321126 860 147 871 167
person 0.319613 1661 164 1684 228
person 0.311552 807 208 836 263
person 0.312346 1743 195 1769 229
person 0.305786 1443 158 1459 193
person 0.301365 1606 168 1630 214
person 0.280934 405 164 420 190
person 0.279650 520 156 535 184
person 0.266951 1715 196 1739 229
person 0.257441 805 211 841 308
