person 0.996173 559 231 595 323
person 0.987327 640 350 706 522
person 0.987203 1651 224 1697 323
person 0.982324 1428 246 1476 386
person 0.978562 92 239 139 329
person 0.977954 833 241 883 351
person 0.949744 732 332 782 508
person 0.910500 765 229 801 343
person 0.906933 1384 169 1410 231
person 0.881608 449 160 472 195
person 0.881451 1578 196 1612 271
person 0.801501 1118 213 1141 269
person 0.787054 498 161 514 189
person 0.729333 602 158 621 187
person 0.638302 107 180 127 218
person 0.630112 1189 157 1208 198
person 0.617367 815 230 854 334
person 0.599784 354 166 369 194
person 0.499896 181 128 1749 284
person 0.442804 0 261 26 291
person 0.476620 374 163 390 192
person 0.448614 1835 253 1892 348
person 0.411360 559 157 574 182
person 0.402351 1294 157 1318 203
person 0.380430 806 207 836 264
person 0.350336 1715 195 1740 230
person 0.335212 1606 168 1630 215
person 0.295692 1485 159 1502 196
person 0.295029 1443 157 1459 192
person 0.292924 1742 194 1769 229
person 0.278210 860 146 871 167
person 0.269178 405 165 419 189
person 0.265413 1661 166 1685 227
person 0.995812 560 230 596 324
person 0.991665 1428 245 1477 385
person 0.986430 830 242 881 353
person 0.984008 1652 224 1702 322
person 0.981151 641 351 707 522
person 0.977621 89 239 139 329
person 0.934720 732 329 782 511
person 0.893377 765 240 804 351
person 0.888172 1384 169 1410 231
person 0.882873 1577 197 1612 270
person 0.870620 450 161 472 195
person 0.793017 1120 211 1142 271
person 0.746846 497 161 514 189
person 0.681752 806 206 833 268
person 0.680376 603 159 620 187
person 0.567260 1189 157 1207 197
person 0.557967 1832 254 1890 347
person 0.541404 355 166 369 195
person 0.528377 374 163 389 192
person 0.512761 196 127 1732 287
person 0.478285 560 157 575 182
person 0.425466 0 261 26 292
person 0.380553 106 180 126 217
person 0.373559 1295 157 1319 203
person 0.359952 1606 168 1631 215
person 0.329329 818 237 852 331
person 0.318821 1715 195 1741 230
person 0.294827 406 165 419 189
person 0.291682 1443 157 1460 193
person 0.277345 1485 160 1503 196
person 0.271950 558 150 572 176
person 0.260671 861 146 872 166
