person 0.994732 997 265 1052 406
person 0.992925 872 273 915 411
person 0.986312 621 271 670 387
person 0.953271 1408 224 1448 321
person 0.938928 690 218 721 293
person 0.936902 1286 201 1327 306
person 0.916172 1162 231 1193 327
person 0.898182 1629 210 1668 310
person 0.882404 963 215 990 296
person 0.859044 838 238 864 321
person 0.812243 681 166 695 191
person 0.782509 492 166 509 197
person 0.742344 1075 220 1106 344
person 0.737784 1226 209 1264 283
person 0.578806 1380 189 1407 258
person 0.535982 259 124 1677 308
person 0.525579 601 163 613 188
person 0.522773 556 162 569 191
person 0.494965 1648 213 1687 310
person 0.472243 439 186 461 209
person 0.471251 1704 210 1744 307
person 0.439213 533 163 546 190
person 0.435159 641 163 654 188
person 0.423396 1789 215 1822 271
person 0.288673 0 266 21 295
person 0.993868 873 275 917 407
person 0.992034 997 268 1050 404
person 0.986033 621 271 670 387
person 0.956220 1409 223 1450 322
person 0.911865 1630 210 1668 309
person 0.907148 690 218 721 294
person 0.883900 839 237 865 316
person 0.873057 1288 203 1324 305
person 0.840251 1162 231 1193 325
person 0.799489 1075 241 1106 356
person 0.771503 679 166 693 192
person 0.755545 965 222 989 290
person 0.752861 492 167 508 197
person 0.680673 1231 212 1262 274
person 0.532601 257 126 1682 306
person 0.530954 1380 191 1406 256
person 0.523982 1714 249 1746 307
person 0.495231 600 163 612 188
person 0.466733 439 186 460 208
person 0.431797 557 164 569 190
person 0.410348 1790 214 1821 272
person 0.410682 643 164 655 189
person 0.385695 534 164 546 190
person 0.298872 1 266 20 295
person 0.340121 1647 211 1687 310
person 0.264218 229 163 246 193
