person 0.994098 560 230 596 323
person 0.989921 1429 251 1480 381
person 0.979374 640 352 707 521
person 0.979152 830 244 881 353
person 0.971443 1652 220 1702 326
person 0.970402 90 241 138 330
person 0.944549 732 329 782 510
person 0.894436 1385 168 1411 230
person 0.890159 1576 197 1612 270
person 0.885968 451 161 472 195
person 0.826309 1122 212 1144 272
person 0.775128 497 161 514 189
person 0.769385 765 231 799 337
person 0.647022 1188 157 1207 197
person 0.609455 559 156 574 184
person 0.572874 805 210 831 269
person 0.567892 605 158 621 186
person 0.531402 373 162 388 193
person 0.523121 168 129 1759 283
person 0.504610 355 165 370 196
person 0.430558 0 262 25 291
person 0.458769 1831 257 1888 347
person 0.396758 1294 157 1318 202
person 0.371794 1715 195 1741 231
person 0.356020 1606 168 1631 215
person 0.327976 106 182 124 216
person 0.326485 823 163 834 178
person 0.283358 523 157 537 184
person 0.274461 861 147 871 167
person 0.264287 1740 195 1768 229
person 0.261145 407 165 420 189
person 0.252166 1443 158 1460 194
person 0.250101 1395 172 1418 226
person 0.994543 560 230 596 323
person 0.992145 1431 248 1480 381
person 0.990090 831 242 879 354
person 0.983799 1652 226 1703 323
person 0.967618 640 352 706 521
person 0.956921 90 241 138 328
person 0.942611 733 328 781 510
person 0.902448 1385 169 1410 229
person 0.894774 449 161 472 196
person 0.865668 1576 197 1611 270
person 0.853185 1118 206 1150 283
person 0.849041 764 230 799 340
person 0.794841 497 161 514 190
person 0.710872 1829 256 1888 346
person 0.676597 603 159 620 186
person 0.637398 560 157 576 184
person 0.631250 802 208 833 281
person 0.548523 163 131 1765 281
person 0.543081 1189 158 1208 197
person 0.516668 372 162 388 193
person 0.482571 355 166 370 196
person 0.410213 1 262 25 291
person 0.421975 1606 167 1631 216
person 0.414190 861 147 871 167
person 0.402536 1295 156 1319 202
person 0.333556 1442 157 1459 195
person 0.320715 1714 195 1741 231
person 0.313226 823 163 834 178
person 0.288323 1486 159 1503 196
person 0.263630 1739 196 1768 229
