person 0.994662 559 230 596 323
person 0.991459 1430 248 1480 381
person 0.991099 832 240 878 355
person 0.969830 641 352 706 522
person 0.969394 1653 223 1704 324
person 0.945398 88 243 125 328
person 0.939873 734 329 781 511
person 0.895547 449 161 472 196
person 0.879344 1576 197 1612 271
person 0.874328 1385 169 1410 229
person 0.833797 1120 204 1150 283
person 0.818897 762 238 803 353
person 0.766475 497 162 514 190
person 0.738193 1828 248 1889 350
person 0.642642 603 158 621 187
person 0.614995 1186 158 1206 199
person 0.564789 162 132 1769 283
person 0.543584 560 157 577 183
person 0.531429 373 162 389 193
person 0.521138 803 212 831 271
person 0.417543 0 262 25 291
person 0.474488 355 166 370 196
person 0.408905 1294 156 1317 203
person 0.402192 1606 167 1630 216
person 0.399961 93 187 112 221
person 0.307888 1714 196 1741 230
person 0.301216 824 163 834 178
person 0.301783 1442 158 1459 195
person 0.284400 859 146 870 166
person 0.284038 1238 141 1250 163
person 0.995037 559 231 596 325
person 0.992200 1430 252 1481 378
person 0.979739 829 240 879 356
person 0.968312 641 350 708 520
person 0.947247 734 329 781 511
person 0.945237 1661 223 1707 326
person 0.943070 86 244 126 326
person 0.905963 450 161 472 195
person 0.892576 1385 169 1410 230
person 0.868442 1576 197 1611 271
person 0.838968 761 238 803 350
person 0.834650 1121 204 1151 283
person 0.798513 495 161 512 191
person 0.766969 602 159 622 188
person 0.689311 1825 249 1887 350
person 0.624034 1185 156 1204 200
person 0.599515 803 212 831 273
person 0.576206 373 162 389 193
person 0.555226 561 157 578 183
person 0.443090 0 262 26 291
person 0.515001 157 130 1774 289
person 0.487096 355 166 370 195
person 0.415906 1295 156 1317 202
person 0.405337 1606 167 1630 216
person 0.376553 92 185 111 220
person 0.306345 1442 158 1459 195
person 0.287857 825 163 835 178
person 0.266597 1237 141 1250 163
person 0.255526 1715 197 1740 230
person 0.254229 1486 158 1502 195
