person 0.993400 561 230 596 325
person 0.982930 1432 248 1485 381
person 0.969012 831 241 879 355
person 0.967272 1665 227 1707 325
person 0.958835 641 350 706 519
person 0.957776 85 244 126 326
person 0.938472 737 323 782 495
person 0.895300 451 162 472 195
person 0.885237 1385 169 1410 230
person 0.872046 1122 204 1151 285
person 0.863883 1576 197 1611 271
person 0.824247 761 240 804 350
person 0.798320 494 161 512 191
person 0.778386 603 159 622 188
person 0.681098 1821 253 1887 350
person 0.622044 561 157 578 184
person 0.554899 144 131 1783 291
person 0.533378 373 163 389 193
person 0.531010 90 184 110 221
person 0.456874 0 262 26 291
person 0.522559 1185 156 1204 198
person 0.501970 355 166 370 194
person 0.442812 802 212 830 270
person 0.420819 1293 155 1317 203
person 0.390292 1605 166 1630 215
person 0.283238 407 165 420 190
person 0.268153 1715 198 1740 230
person 0.268514 1487 159 1503 195
person 0.264022 1442 158 1458 195
person 0.260678 1238 141 1251 164
person 0.256233 1735 197 1765 230
person 0.993913 562 230 596 324
person 0.981822 832 242 878 358
person 0.978770 1667 230 1712 326
person 0.972941 1435 244 1487 385
person 0.960575 85 242 125 327
person 0.949372 643 351 707 519
person 0.947131 734 330 781 511
person 0.901108 1575 198 1612 270
person 0.894357 1123 205 1152 285
person 0.874913 451 162 472 195
person 0.840949 1385 169 1410 229
person 0.795970 603 160 621 190
person 0.777619 494 162 512 192
person 0.744071 1813 253 1869 351
person 0.692339 558 158 576 187
person 0.636842 764 241 806 350
person 0.591514 755 234 788 332
person 0.572469 161 131 1772 291
person 0.500042 1185 153 1204 198
person 0.486984 373 163 388 193
person 0.383781 1 262 25 291
person 0.452707 355 166 369 195
person 0.406616 802 213 831 270
person 0.382843 90 187 107 219
person 0.367276 1293 156 1316 203
person 0.358539 1606 167 1631 215
person 0.299952 408 166 421 191
person 0.281166 1737 197 1767 230
person 0.275532 781 229 806 284
