person 0.992776 562 230 596 323
person 0.984420 1435 249 1486 380
person 0.971862 833 244 879 359
person 0.970774 1670 230 1711 326
person 0.968788 84 243 125 327
person 0.963237 642 349 706 519
person 0.953157 737 321 783 497
person 0.881387 451 162 472 195
person 0.879551 1812 253 1866 352
person 0.858301 1123 205 1153 285
person 0.852491 1384 169 1410 230
person 0.824133 1576 198 1611 271
person 0.811449 603 159 621 190
person 0.797001 493 162 511 192
person 0.731768 559 158 577 187
person 0.694955 754 235 787 331
person 0.556433 1186 154 1204 200
person 0.546648 151 130 1783 291
person 0.524697 375 163 390 193
person 0.516756 760 242 805 349
person 0.514057 804 212 829 267
person 0.495245 355 166 369 194
person 0.487878 88 188 105 219
person 0.347286 0 262 26 291
person 0.407627 1293 156 1317 203
person 0.313217 1607 167 1631 214
person 0.306364 407 166 420 191
person 0.293429 1239 139 1252 163
person 0.277811 783 227 807 286
person 0.266004 1277 158 1298 203
person 0.992697 563 231 597 322
person 0.980982 642 349 707 519
person 0.976900 83 242 125 328
person 0.965199 820 245 864 356
person 0.964285 1437 248 1484 381
person 0.938511 736 323 784 496
person 0.930704 838 244 881 356
person 0.927496 1672 230 1714 326
person 0.923631 1813 256 1863 353
person 0.890771 1124 206 1153 286
person 0.874139 1575 199 1611 271
person 0.834744 451 162 472 195
person 0.805199 1384 170 1409 229
person 0.761252 493 162 511 193
person 0.708919 603 159 621 188
person 0.661867 562 157 577 185
person 0.649293 753 235 787 331
person 0.584247 140 129 1788 293
person 0.552759 769 230 804 335
person 0.536350 374 163 389 193
person 0.536256 1185 154 1203 200
person 0.482988 356 167 370 195
person 0.344680 0 262 26 291
person 0.418737 84 187 103 220
person 0.414730 1294 158 1316 203
person 0.355884 1607 167 1631 215
person 0.337099 407 165 420 191
person 0.328999 785 226 809 286
person 0.286299 1239 139 1252 164
person 0.281970 854 242 885 330
person 0.275336 1736 197 1767 230
person 0.251805 1714 198 1740 231
