person 0.992894 565 232 598 323
person 0.981723 81 241 123 328
person 0.976916 821 247 864 356
person 0.972200 1440 250 1486 380
person 0.971179 641 349 706 516
person 0.941456 1810 254 1862 355
person 0.930082 736 324 784 495
person 0.927840 1681 229 1722 323
person 0.890418 843 247 880 356
person 0.885686 1575 198 1611 271
person 0.873820 1125 206 1153 284
person 0.819538 451 162 472 195
person 0.747646 493 162 511 194
person 0.732112 1384 170 1410 230
person 0.704166 604 159 622 189
person 0.686732 561 157 577 185
person 0.638380 748 248 788 349
person 0.556214 147 131 1788 295
person 0.527409 82 187 102 219
person 0.487527 374 164 389 193
person 0.479396 355 167 369 195
person 0.477581 1184 153 1202 200
person 0.353752 0 262 26 290
person 0.421518 785 229 809 284
person 0.372057 1294 157 1316 203
person 0.356455 772 244 809 350
person 0.301370 1607 166 1631 215
person 0.296935 406 166 420 191
person 0.250077 750 254 774 305
person 0.992521 567 233 599 324
person 0.981037 81 241 122 327
person 0.979220 821 249 863 355
person 0.960961 648 328 696 531
person 0.957504 1442 252 1486 379
person 0.949296 1807 249 1862 353
person 0.921430 735 327 784 491
person 0.898827 1684 224 1724 324
person 0.891273 1575 198 1611 272
person 0.838636 848 248 881 355
person 0.816632 1125 206 1153 285
person 0.752149 451 162 472 196
person 0.710915 1384 170 1410 230
person 0.705729 493 162 511 194
person 0.686989 747 250 785 347
person 0.614574 604 159 621 189
person 0.570094 158 131 1775 299
person 0.493441 560 156 575 184
person 0.487344 781 216 814 302
person 0.463772 355 166 369 195
person 0.431258 375 164 389 193
person 0.315656 0 262 25 290
person 0.386892 1294 158 1316 203
person 0.380400 83 187 102 218
person 0.369761 406 166 420 192
person 0.334426 749 252 773 307
person 0.327163 770 249 807 349
person 0.288388 1185 155 1202 199
person 0.281762 1823 245 1889 355
person 0.258466 821 161 832 180
