person 0.992517 567 234 599 324
person 0.982629 822 246 863 357
person 0.981270 81 241 121 326
person 0.978369 1441 251 1489 380
person 0.971867 643 348 707 515
person 0.962789 1685 225 1726 326
person 0.954949 1808 246 1862 352
person 0.932888 733 325 782 516
person 0.860584 1576 198 1611 272
person 0.853290 847 248 884 356
person 0.769591 1125 206 1153 286
person 0.763662 451 162 472 195
person 0.684935 780 214 812 305
person 0.679174 493 162 511 194
person 0.623443 1384 170 1410 229
person 0.593361 174 132 1757 302
person 0.546332 744 252 782 347
person 0.528024 605 160 622 189
person 0.522014 747 251 771 308
person 0.518206 374 164 389 193
person 0.500942 560 156 575 185
person 0.480891 355 167 369 195
person 0.330650 0 262 26 291
person 0.370394 406 165 420 192
person 0.344967 1294 158 1317 203
person 0.302992 1186 155 1201 199
person 0.297116 83 188 101 218
person 0.989540 568 234 599 323
person 0.985051 79 240 120 326
person 0.983200 822 248 863 357
person 0.977208 1442 251 1489 378
person 0.971840 643 345 706 513
person 0.968613 1687 222 1731 328
person 0.931211 1805 246 1864 351
person 0.915070 731 318 795 498
person 0.888766 1576 198 1611 273
person 0.757169 451 161 472 195
person 0.722539 494 162 512 193
person 0.698629 741 252 780 347
person 0.684905 1384 170 1410 230
person 0.664214 847 250 882 351
person 0.652431 1125 205 1154 286
person 0.578815 605 160 623 189
person 0.566379 560 157 576 185
person 0.557670 778 217 810 304
person 0.536576 186 131 1742 306
person 0.511346 354 168 369 195
person 0.500920 875 238 902 322
person 0.459284 375 165 389 193
person 0.355165 0 261 26 291
person 0.364407 745 251 769 307
person 0.368238 1184 155 1201 200
person 0.341394 406 166 419 192
person 0.339793 1294 158 1317 203
person 0.297059 79 185 98 221
person 0.258594 785 217 809 268
person 0.254291 525 157 540 185
