person 0.994096 567 234 600 324
person 0.990444 820 249 864 359
person 0.985589 76 240 120 327
person 0.968718 641 348 706 514
person 0.957298 1689 225 1733 328
person 0.954989 1443 249 1491 381
person 0.934885 1804 248 1865 350
person 0.894206 733 325 781 515
person 0.839877 450 162 472 197
person 0.837924 493 161 512 194
person 0.829283 1576 198 1611 272
person 0.710617 561 157 577 185
person 0.702302 605 159 623 189
person 0.688978 1384 170 1410 231
person 0.661136 740 251 776 343
person 0.623333 845 249 882 356
person 0.606678 776 215 808 307
person 0.593314 165 129 1762 301
person 0.593542 875 238 903 320
person 0.515764 1125 205 1154 287
person 0.509114 1185 153 1202 200
person 0.497157 354 167 370 196
person 0.349154 0 262 26 291
person 0.415071 378 164 392 192
person 0.410468 406 165 419 192
person 0.348900 1293 159 1316 202
person 0.325673 742 251 765 310
person 0.994930 819 249 865 358
person 0.994296 567 234 601 324
person 0.985902 1691 229 1736 329
person 0.985115 76 241 118 326
person 0.977018 640 345 708 511
person 0.966564 1802 252 1864 350
person 0.958534 876 238 906 328
person 0.953790 1443 246 1494 381
person 0.951288 730 316 795 500
person 0.861927 1576 198 1611 272
person 0.858640 493 162 511 194
person 0.834209 775 211 807 302
person 0.826172 451 162 472 196
person 0.765915 1384 170 1410 230
person 0.704230 560 157 577 186
person 0.682604 605 159 623 188
person 0.641069 1183 155 1201 199
person 0.623858 183 128 1749 292
person 0.613103 735 250 774 352
person 0.568002 1131 207 1163 285
person 0.492968 738 248 764 309
person 0.483643 1293 158 1316 203
person 0.447617 377 164 392 192
person 0.441223 355 168 368 195
person 0.338584 0 261 25 291
person 0.355571 406 166 419 192
person 0.300574 1607 167 1631 214
person 0.300530 74 185 95 223
person 0.289367 836 149 846 170
person 0.261085 1128 226 1150 281
person 0.258683 842 254 883 347
