person 0.996358 819 248 866 358
person 0.993641 568 235 600 324
person 0.989193 640 344 710 510
person 0.985674 878 236 911 328
person 0.982354 1695 227 1740 329
person 0.982125 74 240 115 326
person 0.967122 1799 251 1867 351
person 0.960801 729 314 793 502
person 0.951353 1447 250 1492 360
person 0.875874 492 162 511 194
person 0.838061 451 163 472 196
person 0.836424 1576 198 1611 272
person 0.831859 776 211 807 305
person 0.771807 1384 171 1410 230
person 0.733280 1183 155 1201 199
person 0.724476 734 248 773 352
person 0.695500 607 159 623 187
person 0.650360 561 156 576 185
person 0.646809 164 130 1759 291
person 0.590870 1131 207 1163 285
person 0.490796 355 167 368 195
person 0.463949 377 165 391 192
person 0.427658 1292 158 1315 202
person 0.336482 0 260 25 292
person 0.393949 407 166 420 192
person 0.320370 783 215 809 272
person 0.299961 1128 228 1150 279
person 0.286452 835 149 846 171
person 0.281580 1607 167 1631 214
person 0.264667 73 183 93 222
person 0.262968 822 161 833 180
person 0.260913 1711 197 1737 231
person 0.995398 817 249 865 360
person 0.991977 568 235 600 325
person 0.991236 641 345 711 510
person 0.987941 879 238 914 329
person 0.984186 1700 234 1743 329
person 0.979842 73 240 114 326
person 0.960973 730 310 791 502
person 0.957776 1796 252 1868 352
person 0.900713 1451 250 1492 357
person 0.875736 491 161 510 194
person 0.862528 451 162 472 195
person 0.836100 1575 198 1611 272
person 0.755495 1384 172 1410 230
person 0.683789 777 212 807 305
person 0.633415 560 156 575 186
person 0.613967 177 129 1751 293
person 0.598852 608 159 623 187
person 0.597561 1132 207 1163 285
person 0.595048 734 248 770 351
person 0.577199 1183 157 1201 197
person 0.498863 376 164 391 192
person 0.491381 355 167 369 194
person 0.465534 1293 158 1315 202
person 0.426628 407 165 420 192
person 0.303384 0 261 24 292
person 0.362678 736 249 761 311
person 0.342810 1607 167 1632 215
person 0.318348 266 162 280 191
person 0.302763 73 183 93 221
person 0.275521 1713 195 1739 231
person 0.273468 835 148 845 171
person 0.266620 1486 157 1504 196
person 0.260981 1129 228 1150 278
person 0.261382 823 161 834 180
person 0.250296 1740 196 1771 232
