person 0.994793 816 249 866 362
person 0.991030 882 236 918 327
person 0.990859 569 235 601 326
person 0.989798 642 344 712 510
person 0.988606 1707 235 1745 332
person 0.980000 72 241 113 327
person 0.965426 1797 247 1870 353
person 0.944451 728 308 788 503
person 0.901366 1459 253 1501 359
person 0.885747 492 161 510 194
person 0.873302 451 163 471 196
person 0.821212 1575 199 1611 273
person 0.796762 778 211 805 307
person 0.730072 1384 172 1410 228
person 0.661674 1132 207 1163 284
person 0.597411 170 128 1757 292
person 0.572789 608 158 624 187
person 0.537030 1183 158 1201 195
person 0.536108 561 156 576 184
person 0.519023 376 164 390 192
person 0.517977 355 167 369 195
person 0.483102 734 245 767 322
person 0.439776 1293 158 1315 202
person 0.439143 406 165 420 192
person 0.314265 0 261 24 292
person 0.373131 71 184 89 219
person 0.354789 1608 167 1631 215
person 0.316059 1711 196 1738 234
person 0.306993 1485 154 1505 196
person 0.276628 1442 154 1461 194
person 0.993420 816 249 865 363
person 0.990642 887 237 921 328
person 0.989764 569 235 601 327
person 0.989036 642 343 713 510
person 0.982152 1708 236 1748 333
person 0.976015 71 241 113 328
person 0.952003 1797 250 1870 352
person 0.950998 728 316 790 502
person 0.911078 1454 250 1506 376
person 0.869506 492 161 510 194
person 0.860087 451 163 471 195
person 0.832930 777 210 806 310
person 0.822309 1575 199 1611 273
person 0.737502 1385 172 1410 229
person 0.717484 1133 207 1163 285
person 0.587676 185 129 1746 291
person 0.580881 1182 159 1201 200
person 0.577530 608 158 623 187
person 0.550030 561 156 576 185
person 0.524130 355 167 370 195
person 0.522105 729 246 763 321
person 0.521232 376 164 391 193
person 0.418872 406 165 420 192
person 0.404387 1293 157 1315 202
person 0.312751 0 261 25 292
person 0.335730 1607 166 1632 216
person 0.285121 1485 153 1505 196
person 0.266681 820 161 832 181
