person 0.993849 816 249 865 362
person 0.990523 568 235 602 327
person 0.989609 893 237 924 327
person 0.986479 642 343 713 510
person 0.981448 1712 236 1749 333
person 0.980640 71 242 112 326
person 0.943936 1459 252 1505 364
person 0.932911 1796 250 1875 352
person 0.919343 728 310 789 504
person 0.880670 491 160 510 194
person 0.879325 777 210 804 311
person 0.877321 450 163 471 195
person 0.824955 1133 207 1163 285
person 0.811591 1575 199 1611 272
person 0.767349 1384 172 1410 230
person 0.638789 1181 158 1200 203
person 0.629705 730 248 763 348
person 0.586639 199 132 1735 290
person 0.553798 608 159 623 187
person 0.550439 562 156 577 185
person 0.525581 355 167 369 195
person 0.508594 376 164 391 193
person 0.451058 1293 157 1315 202
person 0.333815 0 262 25 291
person 0.424208 407 165 420 192
person 0.323100 1607 166 1632 215
person 0.291193 820 161 831 181
person 0.284142 1485 151 1506 196
person 0.259841 732 251 756 310
person 0.994290 817 249 865 363
person 0.990516 569 234 601 328
person 0.988368 897 237 927 326
person 0.986610 643 342 713 512
person 0.985575 68 243 110 326
person 0.977122 1711 236 1751 332
person 0.954285 1460 253 1504 362
person 0.923628 1796 248 1876 352
person 0.912245 728 313 790 504
person 0.910133 777 211 805 307
person 0.862030 1133 207 1163 285
person 0.854163 492 160 511 194
person 0.830396 450 163 471 196
person 0.814813 1575 199 1611 273
person 0.784501 1384 172 1410 230
person 0.677995 726 250 762 348
person 0.576369 211 130 1720 293
person 0.572530 561 157 576 186
person 0.545237 1182 159 1200 196
person 0.502288 608 160 623 188
person 0.496819 375 164 390 193
person 0.479926 1293 157 1315 202
person 0.472720 355 167 370 196
person 0.323589 0 261 25 291
person 0.384447 1607 165 1633 216
person 0.371905 407 165 421 192
person 0.326810 1486 152 1506 197
person 0.285191 819 161 831 181
person 0.272625 1441 153 1461 195
person 0.265120 1846 194 1886 229
person 0.257069 68 181 88 221
