person 0.996317 877 274 921 410
person 0.990648 994 267 1048 406
person 0.979465 621 272 670 386
person 0.957260 1410 223 1450 321
person 0.923059 1631 210 1672 309
person 0.910173 842 235 866 318
person 0.881014 1287 206 1324 303
person 0.849686 690 218 721 294
person 0.826929 1166 229 1200 325
person 0.807826 966 221 989 290
person 0.779723 492 167 508 197
person 0.765556 680 166 693 191
person 0.709968 1079 240 1109 356
person 0.685412 1380 190 1405 255
person 0.599873 1234 212 1264 271
person 0.590677 1715 250 1745 307
person 0.552524 260 126 1677 304
person 0.520056 439 186 461 209
person 0.513018 558 166 570 191
person 0.411381 534 165 546 190
person 0.406980 600 164 612 188
person 0.309899 0 266 20 295
person 0.340341 643 164 655 188
person 0.997016 879 274 923 410
person 0.993830 993 268 1047 403
person 0.985480 621 271 671 386
person 0.956496 1412 224 1450 320
person 0.952177 843 236 869 320
person 0.901868 1633 210 1672 311
person 0.889084 1166 227 1200 328
person 0.880423 690 217 720 294
person 0.871506 1290 204 1324 304
person 0.820318 966 222 989 290
person 0.775229 493 167 509 196
person 0.774944 679 164 694 191
person 0.671072 1081 241 1111 355
person 0.648987 1378 190 1404 256
person 0.602545 557 164 569 191
person 0.516299 440 186 461 208
person 0.506745 1717 246 1745 308
person 0.470460 531 164 543 189
person 0.459519 265 126 1668 310
person 0.416039 1237 213 1265 272
person 0.400673 1248 210 1275 267
person 0.362504 642 162 655 187
person 0.341084 601 161 614 187
person 0.286592 1 266 21 295
person 0.280216 685 227 710 283
