person 0.993684 820 248 863 363
person 0.988325 643 341 712 511
person 0.986749 570 233 601 328
person 0.985495 66 242 108 328
person 0.979425 1716 237 1763 333
person 0.976513 901 237 928 326
person 0.971769 1459 252 1508 363
person 0.917734 731 329 781 512
person 0.877417 1133 207 1164 285
person 0.853393 492 161 511 194
person 0.852632 1797 250 1875 351
person 0.847227 776 212 804 312
person 0.835799 449 163 471 196
person 0.773612 1384 172 1410 230
person 0.770109 1577 203 1607 268
person 0.658199 561 157 577 187
person 0.600894 1180 159 1199 201
person 0.555231 198 131 1738 293
person 0.511557 608 160 623 187
person 0.491980 355 166 370 197
person 0.476882 375 164 391 193
person 0.462148 725 251 760 349
person 0.451640 1293 156 1315 202
person 0.334292 0 262 25 292
person 0.353039 407 165 421 192
person 0.330722 1607 166 1632 216
person 0.318627 821 161 833 181
person 0.260495 529 157 543 185
person 0.256834 1846 194 1886 229
person 0.250362 1237 143 1248 162
person 0.992781 820 247 863 361
person 0.990454 569 232 602 329
person 0.987726 644 342 713 511
person 0.985751 1717 236 1764 335
person 0.983469 66 242 107 328
person 0.969194 1461 251 1511 366
person 0.953155 903 239 931 325
person 0.918849 730 328 780 513
person 0.871467 1134 208 1165 284
person 0.860768 492 161 511 194
person 0.850908 1799 250 1873 351
person 0.848794 449 163 471 195
person 0.841790 777 211 805 314
person 0.780244 1578 204 1607 269
person 0.779903 1384 172 1410 230
person 0.776754 561 157 578 187
person 0.570996 182 131 1753 293
person 0.543192 1180 158 1198 203
person 0.512690 376 164 391 193
person 0.484685 354 166 370 196
person 0.478832 1293 156 1316 202
person 0.477715 609 159 625 187
person 0.433005 722 249 760 351
person 0.332210 0 261 24 292
person 0.381200 1608 166 1632 216
person 0.329199 723 257 744 302
person 0.334342 407 165 421 192
person 0.330369 529 157 544 186
person 0.295770 820 162 831 181
person 0.294549 1846 194 1885 229
person 0.269356 1485 153 1505 195
person 0.258061 1781 196 1814 232
