person 0.994036 821 246 862 362
person 0.989837 569 232 603 327
person 0.986490 645 341 713 510
person 0.983673 66 243 105 328
person 0.981159 1464 250 1511 366
person 0.974625 1718 236 1763 337
person 0.929946 1134 208 1166 284
person 0.912798 731 328 780 512
person 0.887083 904 241 934 326
person 0.863691 492 160 511 195
person 0.852246 449 162 472 196
person 0.807287 1576 200 1609 277
person 0.796311 775 213 805 311
person 0.753129 1384 171 1411 230
person 0.718761 561 157 577 186
person 0.715716 1801 252 1873 353
person 0.557825 188 131 1749 291
person 0.533748 720 255 743 305
person 0.536464 376 164 391 194
person 0.502015 354 167 370 197
person 0.480211 1180 157 1198 198
person 0.460753 717 243 750 325
person 0.455864 610 157 625 186
person 0.350136 0 262 24 292
person 0.388132 1293 156 1315 202
person 0.377084 406 165 421 192
person 0.350319 819 161 831 181
person 0.343233 1608 166 1632 216
person 0.257676 1741 196 1770 233
person 0.254630 1847 193 1886 229
person 0.993034 822 246 862 361
person 0.983262 570 232 603 326
person 0.982535 66 243 105 328
person 0.981362 1462 246 1513 380
person 0.975003 646 342 713 509
person 0.947407 910 238 942 323
person 0.935148 1721 238 1764 326
person 0.922191 731 326 782 492
person 0.927477 1135 208 1166 284
person 0.866729 492 161 511 194
person 0.849922 1802 250 1872 353
person 0.841238 450 163 471 196
person 0.832922 776 212 804 309
person 0.778159 1578 204 1606 272
person 0.748930 1384 172 1410 230
person 0.671355 561 156 577 185
person 0.639984 715 243 749 324
person 0.561909 718 254 742 305
person 0.524029 191 131 1739 293
person 0.523415 354 166 369 196
person 0.518261 377 164 393 193
person 0.498400 1178 158 1196 201
person 0.346278 0 262 24 291
person 0.406608 610 158 624 186
person 0.401961 1293 156 1315 201
person 0.386642 1608 165 1632 217
person 0.386171 406 165 420 192
person 0.349318 819 162 831 182
person 0.259008 53 185 72 222
person 0.256444 1739 196 1770 233
