person 0.993799 822 246 862 361
person 0.984922 648 321 703 530
person 0.983877 569 233 603 327
person 0.983155 1464 248 1515 378
person 0.978191 68 243 106 329
person 0.973229 911 236 945 327
person 0.967331 1720 243 1772 342
person 0.954404 730 329 778 512
person 0.918727 1136 208 1166 284
person 0.914904 775 212 805 308
person 0.891879 492 161 511 194
person 0.814959 450 163 471 195
person 0.812525 1579 204 1607 271
person 0.753824 1805 255 1871 349
person 0.741658 714 247 750 348
person 0.719602 1385 171 1411 231
person 0.619213 1177 158 1196 201
person 0.616184 561 156 576 183
person 0.522572 198 128 1731 292
person 0.504418 354 167 368 195
person 0.496352 381 164 395 192
person 0.323576 0 263 24 292
person 0.401716 611 158 626 186
person 0.399107 406 165 420 191
person 0.382439 1293 157 1315 200
person 0.359156 1608 166 1632 216
person 0.333465 820 161 832 182
person 0.289802 835 149 845 170
person 0.991536 823 245 861 360
person 0.986108 569 233 603 329
person 0.984286 1470 250 1517 367
person 0.983448 914 235 947 328
person 0.982299 647 324 703 527
person 0.981785 1722 245 1773 342
person 0.980060 67 243 106 329
person 0.936686 731 326 778 514
person 0.936139 774 213 807 311
person 0.894288 1136 207 1166 284
person 0.890307 491 161 510 194
person 0.827405 709 248 746 348
person 0.807261 1579 203 1607 270
person 0.801312 450 163 471 195
person 0.687172 1385 172 1410 230
person 0.672471 1807 261 1871 347
person 0.654573 562 157 578 184
person 0.589227 1177 158 1196 202
person 0.533366 207 130 1725 294
person 0.513539 354 167 368 195
person 0.498849 380 164 394 192
person 0.330293 0 264 25 292
person 0.383897 51 196 68 226
person 0.382835 1293 157 1315 200
person 0.381274 406 165 420 191
person 0.346646 820 162 832 182
person 0.322760 1901 411 1919 561
person 0.322031 611 158 626 186
person 0.289540 1608 166 1632 215
person 0.284587 1779 196 1812 230
person 0.281734 1739 197 1770 233
