person 0.992271 646 320 702 532
person 0.991568 1472 251 1518 367
person 0.989771 1723 243 1775 346
person 0.987248 825 246 860 358
person 0.984737 915 236 952 328
person 0.984374 569 233 603 327
person 0.978007 67 243 105 328
person 0.953039 732 321 779 496
person 0.937919 707 250 743 345
person 0.893950 491 161 510 193
person 0.883945 1137 206 1165 284
person 0.877586 775 214 806 309
person 0.850911 1825 247 1890 347
person 0.833708 1580 202 1608 271
person 0.797561 450 163 470 195
person 0.666307 1385 172 1410 229
person 0.620836 562 157 577 183
person 0.521267 354 167 368 195
person 0.520896 380 164 394 192
person 0.514788 195 132 1731 297
person 0.491140 1177 157 1195 201
person 0.339032 0 263 25 292
person 0.405645 407 164 420 191
person 0.390317 1294 157 1315 200
person 0.353080 1899 414 1919 555
person 0.334440 612 159 626 186
person 0.330823 819 162 831 181
person 0.315277 1484 152 1505 196
person 0.306263 1740 197 1770 232
person 0.269939 782 257 805 302
person 0.278336 1780 196 1810 230
person 0.272312 1849 194 1884 229
person 0.269724 50 196 67 225
person 0.261436 1715 200 1739 230
person 0.261816 1608 167 1632 214
person 0.992523 1473 250 1518 364
person 0.992409 644 323 702 525
person 0.991498 1728 247 1775 347
person 0.990523 825 245 859 358
person 0.982662 917 238 955 327
person 0.980299 67 242 105 328
person 0.977276 569 235 604 326
person 0.971670 703 247 741 346
person 0.950438 733 321 780 496
person 0.912504 1137 207 1166 284
person 0.903027 491 161 510 194
person 0.873799 1579 197 1611 275
person 0.863808 774 214 805 305
person 0.840286 1829 245 1898 347
person 0.803717 449 163 470 195
person 0.721447 1385 171 1410 230
person 0.636576 563 157 577 182
person 0.512740 221 130 1710 297
person 0.489671 353 167 367 194
person 0.486511 1177 157 1196 201
person 0.483199 379 164 394 192
person 0.323176 1 263 24 292
person 0.389835 1294 157 1316 200
person 0.378596 407 165 421 191
person 0.342118 1485 153 1505 196
person 0.336077 1741 196 1770 231
person 0.330732 821 161 833 181
person 0.330231 46 198 65 226
person 0.310786 535 157 548 183
person 0.292684 666 316 723 505
person 0.286446 1899 418 1919 553
person 0.291964 1849 194 1883 229
person 0.288344 1714 199 1738 230
person 0.266473 1781 197 1810 230
person 0.262055 1607 168 1632 215
person 0.256582 612 159 627 186
