person 0.993463 1475 250 1521 364
person 0.987643 1731 249 1777 345
person 0.985276 68 240 105 328
person 0.984719 824 245 859 359
person 0.983086 645 322 701 523
person 0.979201 568 235 604 328
person 0.977966 921 240 962 328
person 0.969956 701 249 740 347
person 0.958668 734 320 780 496
person 0.922754 1137 207 1167 285
person 0.909816 772 212 805 303
person 0.889729 1579 197 1611 275
person 0.878943 490 161 509 194
person 0.822456 448 163 469 196
person 0.757382 1831 242 1900 348
person 0.719348 1385 171 1410 229
person 0.615838 562 157 576 182
person 0.559976 353 167 368 195
person 0.514891 378 165 393 193
person 0.490707 209 130 1721 297
person 0.477857 1176 157 1197 202
person 0.307092 1 263 24 293
person 0.398980 407 165 421 192
person 0.382489 1485 151 1506 196
person 0.370905 1294 156 1315 199
person 0.331517 534 157 547 183
person 0.317486 820 162 832 181
person 0.315272 1608 167 1632 215
person 0.294476 1739 196 1770 231
person 0.283306 1849 193 1884 229
person 0.274198 1713 199 1739 230
person 0.270271 1781 195 1811 230
person 0.264214 835 149 845 169
person 0.989211 1477 249 1524 363
person 0.983354 1732 249 1779 345
person 0.981738 644 318 701 525
person 0.981592 823 246 859 359
person 0.977368 569 234 604 329
person 0.976195 733 316 779 500
person 0.975167 68 240 103 326
person 0.971976 699 246 736 346
person 0.967462 928 239 962 326
person 0.940622 772 214 806 305
person 0.917969 1579 196 1613 273
person 0.912129 1137 207 1168 284
person 0.837320 491 162 509 193
person 0.776177 449 163 469 195
person 0.743249 1385 170 1411 229
person 0.625120 562 157 577 182
person 0.470384 354 166 368 193
person 0.468139 234 133 1699 300
person 0.460123 379 165 394 192
person 0.431816 43 197 61 227
person 0.421291 1485 153 1506 196
person 0.319170 1 263 25 293
person 0.403562 533 158 546 183
person 0.394946 1295 156 1316 200
person 0.382687 1175 159 1195 202
person 0.334074 1740 195 1770 230
person 0.333316 407 165 421 191
person 0.315846 822 161 834 180
person 0.311734 1832 235 1903 335
person 0.298964 613 159 629 186
person 0.266809 1849 222 1919 558
person 0.269262 1607 169 1632 213
