person 0.990931 1478 248 1525 365
person 0.982355 825 246 858 357
person 0.979985 576 235 616 327
person 0.977377 1736 250 1779 343
person 0.976444 644 312 700 529
person 0.974987 734 316 781 500
person 0.974097 69 239 103 326
person 0.959875 933 238 966 325
person 0.955521 699 248 734 346
person 0.919340 768 211 806 310
person 0.907574 1579 196 1613 273
person 0.886761 1137 207 1168 284
person 0.872222 490 161 509 193
person 0.788282 449 163 470 195
person 0.748451 1385 169 1411 229
person 0.647573 561 157 576 182
person 0.585545 1846 227 1919 553
person 0.583801 1835 236 1901 337
person 0.479101 229 134 1702 299
person 0.470942 379 165 394 192
person 0.463285 354 167 368 194
person 0.412894 1485 151 1507 196
person 0.296192 1 262 25 293
person 0.346678 614 159 629 187
person 0.346571 1294 155 1316 199
person 0.343013 1740 195 1769 230
person 0.321778 407 165 421 191
person 0.310178 820 163 832 181
person 0.305579 1175 159 1195 202
person 0.285095 624 156 639 185
person 0.277410 38 183 59 225
person 0.277040 533 157 547 183
person 0.276925 1606 168 1633 215
person 0.266387 1780 195 1808 229
person 0.992811 1479 248 1528 367
person 0.979644 68 239 104 327
person 0.978685 577 235 615 326
person 0.977480 824 246 858 356
person 0.971252 695 243 732 345
person 0.969072 1737 249 1779 344
person 0.966497 643 311 697 530
person 0.964765 734 318 783 498
person 0.957395 935 239 969 328
person 0.913262 1579 196 1613 273
person 0.862451 491 161 510 193
person 0.817180 1138 206 1168 283
person 0.796816 1384 169 1410 230
person 0.784396 448 163 469 195
person 0.771417 770 212 804 304
person 0.681216 1837 245 1901 347
person 0.672156 661 317 719 504
person 0.657131 1847 233 1918 549
person 0.585049 562 157 576 181
person 0.524262 354 167 369 195
person 0.474962 378 165 394 192
person 0.467790 244 133 1687 301
person 0.315900 1 262 24 293
person 0.386271 614 159 629 188
person 0.369033 1486 155 1506 196
person 0.300882 1740 195 1769 229
person 0.290183 820 163 832 180
person 0.260640 784 253 808 302
person 0.264043 1294 155 1316 199
person 0.262223 1607 168 1632 214
person 0.261631 624 156 639 185
person 0.260219 1782 196 1810 229
person 0.250815 406 165 421 191
