person 0.992040 1480 247 1529 366
person 0.982059 825 246 858 357
person 0.981405 68 239 104 326
person 0.978201 577 235 615 326
person 0.970190 1739 248 1779 343
person 0.967379 734 315 782 501
person 0.965597 643 311 696 530
person 0.942312 1579 197 1613 273
person 0.925900 695 243 732 345
person 0.902303 770 213 804 307
person 0.839687 490 162 509 193
person 0.819117 447 163 469 196
person 0.803746 938 240 971 325
person 0.799779 1140 205 1170 283
person 0.784847 1839 248 1902 345
person 0.732482 1385 170 1410 228
person 0.633841 1849 233 1919 549
person 0.584916 561 157 577 182
person 0.572649 659 315 717 504
person 0.532309 354 166 368 194
person 0.510029 376 165 391 193
person 0.469212 251 131 1676 304
person 0.430406 614 158 630 188
person 0.428152 36 193 57 228
person 0.312592 1 262 24 293
person 0.393828 1485 152 1506 196
person 0.310328 1740 196 1767 229
person 0.281410 624 155 639 186
person 0.276124 820 163 832 179
person 0.270020 1294 154 1316 199
person 0.989690 824 245 858 359
person 0.989106 1482 248 1527 358
person 0.985213 67 239 105 326
person 0.982183 576 234 615 327
person 0.963321 734 316 782 500
person 0.964450 1742 247 1779 344
person 0.949176 692 240 728 348
person 0.948756 1579 196 1613 274
person 0.947107 946 236 979 323
person 0.939328 644 312 695 527
person 0.902808 770 213 804 306
person 0.890357 1141 205 1170 284
person 0.848008 490 162 509 194
person 0.832780 447 163 468 196
person 0.749319 1384 170 1410 228
person 0.658688 659 317 717 503
person 0.614909 1841 250 1904 346
person 0.596192 560 157 577 183
person 0.584659 1843 236 1918 551
person 0.527792 376 165 391 194
person 0.515025 252 131 1675 305
person 0.507168 354 166 369 195
person 0.459893 614 158 630 189
person 0.300316 1 262 23 293
person 0.326127 35 193 55 227
person 0.287169 1741 195 1769 229
person 0.275744 408 165 422 191
person 0.272473 1485 153 1506 195
person 0.268610 820 163 832 179
person 0.259846 624 155 639 187
person 0.251568 1713 195 1740 229
