person 0.990939 1481 247 1527 360
person 0.989693 823 246 858 360
person 0.986887 577 233 615 327
person 0.985597 67 239 106 325
person 0.966276 950 235 983 324
person 0.956748 1743 243 1781 345
person 0.942907 691 243 727 347
person 0.940898 1579 197 1614 274
person 0.932904 733 319 782 496
person 0.911957 772 213 805 306
person 0.909938 643 312 696 510
person 0.902743 1141 205 1171 284
person 0.842172 447 162 469 196
person 0.838177 490 162 510 194
person 0.731741 1385 168 1410 228
person 0.683331 561 157 578 185
person 0.604007 1835 333 1918 544
person 0.546551 1839 250 1907 347
person 0.520481 266 129 1677 300
person 0.508415 354 166 369 196
person 0.498470 31 182 55 226
person 0.466959 614 159 630 190
person 0.443115 374 164 389 193
person 0.301011 1 261 24 292
person 0.348115 623 155 639 188
person 0.293219 819 163 831 179
person 0.275120 1485 152 1505 196
person 0.261377 1739 195 1770 230
person 0.991932 823 246 859 359
person 0.991501 1483 247 1529 364
person 0.986815 66 239 108 325
person 0.986289 578 233 615 327
person 0.984694 952 233 989 325
person 0.948299 1580 196 1614 274
person 0.946585 1744 235 1780 339
person 0.937660 722 319 789 500
person 0.922676 642 313 697 508
person 0.922263 691 244 725 345
person 0.896345 1141 205 1172 284
person 0.890192 773 213 807 307
person 0.848571 491 162 510 194
person 0.846066 447 163 470 196
person 0.759386 1385 168 1410 228
person 0.701906 1825 249 1919 541
person 0.666817 560 156 577 184
person 0.544344 270 130 1668 301
person 0.477595 354 166 369 196
person 0.470705 613 159 630 189
person 0.443442 373 165 388 193
person 0.319114 1 262 24 291
person 0.359655 1838 249 1910 348
person 0.342529 754 212 788 298
person 0.331758 623 156 639 187
person 0.330621 818 163 830 179
person 0.317026 1485 150 1505 196
person 0.304743 32 181 54 228
person 0.268680 1148 232 1171 275
person 0.288415 1740 194 1769 229
person 0.255645 1780 196 1810 230
