person 0.991851 823 244 858 358
person 0.990628 1483 246 1531 367
person 0.986709 67 240 109 325
person 0.981938 579 232 614 328
person 0.981784 953 232 995 325
person 0.954388 1580 196 1614 276
person 0.942295 1743 236 1781 340
person 0.933400 641 315 697 506
person 0.921379 723 318 788 501
person 0.895901 1141 205 1172 284
person 0.893911 777 214 808 306
person 0.878099 447 162 469 196
person 0.873074 1820 240 1919 546
person 0.844607 489 162 509 194
person 0.826483 687 245 724 345
person 0.796123 1385 168 1411 228
person 0.640693 561 156 577 184
person 0.545609 755 211 787 298
person 0.520585 275 131 1665 303
person 0.498100 354 166 369 195
person 0.484942 375 164 390 193
person 0.442732 614 158 631 190
person 0.310322 0 263 23 292
person 0.393237 1484 149 1505 196
person 0.349333 622 155 640 188
person 0.310745 31 181 54 227
person 0.297579 1739 194 1770 230
person 0.296628 1712 195 1742 230
person 0.278197 408 164 422 191
person 0.276704 819 163 830 179
person 0.262329 1779 196 1809 230
person 0.259443 788 231 809 287
person 0.991228 1483 246 1532 366
person 0.990580 823 244 858 357
person 0.988965 67 239 110 325
person 0.986589 580 233 615 327
person 0.968724 956 234 999 325
person 0.954854 1746 236 1781 338
person 0.943172 721 318 788 501
person 0.942421 1580 196 1613 274
person 0.921472 641 313 700 507
person 0.909536 1823 227 1919 547
person 0.887688 781 216 809 304
person 0.886971 1141 205 1173 283
person 0.884017 677 244 716 346
person 0.876709 446 161 469 196
person 0.856615 488 161 508 195
person 0.718185 1385 168 1411 228
person 0.661552 561 155 578 184
person 0.626098 755 211 785 296
person 0.533691 251 131 1682 304
person 0.504379 354 166 369 196
person 0.501098 614 159 631 188
person 0.444573 374 164 389 193
person 0.284200 0 262 23 292
person 0.369010 622 157 639 188
person 0.336857 1739 194 1770 230
person 0.317175 1483 149 1505 196
person 0.282628 1779 195 1809 231
person 0.275580 31 181 54 227
person 0.268902 1167 159 1184 195
person 0.268280 819 163 830 178
person 0.251156 1712 195 1740 229
