person 0.993531 1483 245 1532 366
person 0.988315 824 244 859 358
person 0.987809 67 239 110 325
person 0.984802 579 233 615 325
person 0.976150 1745 236 1784 335
person 0.975497 965 231 1001 325
person 0.952301 731 316 779 498
person 0.945736 1580 196 1614 273
person 0.929416 648 316 710 502
person 0.923133 1820 230 1919 544
person 0.900656 782 217 811 303
person 0.865701 445 161 468 196
person 0.841444 490 162 509 194
person 0.805639 1141 205 1173 283
person 0.804625 676 247 715 345
person 0.725983 1385 167 1412 228
person 0.710512 755 210 784 296
person 0.649473 560 154 579 184
person 0.560446 249 127 1685 304
person 0.501409 615 158 632 187
person 0.431705 354 166 369 195
person 0.417978 377 164 392 192
person 0.303500 0 262 23 293
person 0.410937 621 156 640 187
person 0.322595 1739 193 1771 231
person 0.258920 1148 231 1171 276
person 0.270061 29 192 51 228
person 0.259101 680 254 704 303
person 0.253424 1483 150 1505 196
person 0.992870 1483 245 1532 368
person 0.987962 68 238 109 325
person 0.987410 580 233 616 325
person 0.985206 825 245 860 358
person 0.975258 1746 236 1784 335
person 0.967048 973 232 1003 325
person 0.957166 730 315 779 499
person 0.939611 1580 195 1614 273
person 0.933659 648 317 714 501
person 0.887172 489 161 509 195
person 0.880722 784 216 812 302
person 0.853100 447 162 469 195
person 0.831610 753 210 783 296
person 0.796574 675 247 714 349
person 0.756076 1828 225 1919 548
person 0.730711 1384 168 1411 228
person 0.728543 1142 204 1175 283
person 0.664903 561 154 579 185
person 0.534541 245 128 1683 307
person 0.458226 614 159 630 188
person 0.300321 0 262 23 292
person 0.400283 354 167 368 195
person 0.376576 379 165 393 191
person 0.365528 677 254 702 304
person 0.352280 1742 193 1774 232
person 0.306914 622 157 639 187
person 0.273962 28 192 51 229
person 0.255300 1806 388 1913 535
person 0.252841 407 165 421 190
