person 0.997318 881 275 925 412
person 0.995045 991 265 1047 405
person 0.987860 620 271 670 385
person 0.981102 844 236 872 324
person 0.948648 1412 224 1451 320
person 0.919567 1633 211 1671 311
person 0.909919 1290 206 1325 303
person 0.881642 963 216 993 296
person 0.872667 1168 228 1200 328
person 0.831279 689 217 720 294
person 0.785047 493 167 509 197
person 0.765474 1378 189 1403 257
person 0.717855 1083 242 1114 354
person 0.681150 678 163 693 191
person 0.623203 1716 248 1746 306
person 0.547391 559 165 571 191
person 0.519351 439 186 460 208
person 0.495145 1248 210 1276 272
person 0.493397 530 164 542 189
person 0.457559 255 124 1672 310
person 0.426382 600 162 612 188
person 0.342479 644 162 657 187
person 0.284203 1 266 21 295
person 0.294368 1796 213 1828 270
person 0.994787 884 275 931 410
person 0.993979 990 269 1044 406
person 0.986993 620 271 670 385
person 0.983898 845 236 875 325
person 0.958237 1171 228 1201 328
person 0.939543 1413 224 1452 320
person 0.911617 1634 209 1672 310
person 0.893453 1293 205 1327 303
person 0.889248 967 222 990 289
person 0.790067 1378 190 1402 256
person 0.781129 689 218 720 295
person 0.774773 491 167 508 197
person 0.765605 1085 244 1116 355
person 0.644932 677 163 692 190
person 0.561791 1250 212 1278 270
person 0.500630 560 165 573 191
person 0.451058 440 186 461 209
person 0.451475 263 122 1665 313
person 0.436986 530 163 542 188
person 0.435923 1716 249 1748 305
person 0.391883 599 163 611 188
person 0.354971 645 163 658 188
person 0.288434 1 266 22 294
person 0.274798 685 229 710 283
