person 0.991774 1485 245 1531 370
person 0.989047 580 234 615 326
person 0.986494 68 238 108 326
person 0.984547 824 245 860 360
person 0.972070 1745 236 1784 334
person 0.960074 730 317 779 497
person 0.955889 974 232 1005 322
person 0.944526 1580 195 1615 273
person 0.912033 783 217 812 302
person 0.901444 646 334 723 502
person 0.893558 670 247 713 349
person 0.883583 488 159 509 194
person 0.848806 754 210 783 294
person 0.836037 446 161 468 194
person 0.836568 1143 205 1175 284
person 0.793849 1817 234 1918 542
person 0.745583 1384 167 1412 229
person 0.599016 560 154 579 184
person 0.504148 614 158 633 188
person 0.469718 231 128 1693 307
person 0.426052 382 163 396 190
person 0.273352 0 261 23 292
person 0.355830 354 166 368 194
person 0.337214 675 255 700 301
person 0.311508 1741 192 1774 232
person 0.283056 1483 150 1505 196
person 0.993128 581 234 615 327
person 0.989051 1484 245 1532 369
person 0.987431 825 245 860 358
person 0.983290 72 237 107 325
person 0.977496 1745 235 1788 335
person 0.957796 730 321 778 492
person 0.948230 1580 195 1615 272
person 0.945832 650 318 715 500
person 0.910743 977 233 1007 324
person 0.896990 785 216 812 302
person 0.891517 669 248 710 349
person 0.870588 489 160 509 193
person 0.846784 446 161 469 195
person 0.800534 754 210 782 294
person 0.746328 1384 167 1412 228
person 0.706678 1142 205 1176 283
person 0.696265 561 155 580 185
person 0.585896 1820 243 1917 535
person 0.523446 614 159 631 189
person 0.515359 353 166 368 195
person 0.458774 229 129 1685 306
person 0.437549 377 163 392 192
person 0.411952 16 180 42 225
person 0.279563 1 262 24 292
person 0.341233 621 159 639 190
person 0.328043 1741 193 1774 232
person 0.312661 1483 151 1504 195
person 0.285499 673 254 697 302
person 0.271552 1149 233 1175 277
person 0.273613 407 165 421 191
person 0.261504 1787 342 1898 526
