person 0.992581 582 235 616 328
person 0.990994 826 245 860 356
person 0.988003 1485 245 1532 369
person 0.979938 73 237 107 325
person 0.968688 1744 235 1789 335
person 0.946864 649 320 716 499
person 0.946334 660 248 711 351
person 0.923777 1580 196 1615 272
person 0.923594 984 232 1015 321
person 0.919910 729 323 778 488
person 0.866638 1143 205 1176 283
person 0.863839 488 159 509 194
person 0.838208 753 207 780 286
person 0.821144 786 216 814 299
person 0.793247 447 162 469 194
person 0.785237 1383 168 1412 229
person 0.725942 559 154 580 186
person 0.611943 14 178 40 225
person 0.601287 1791 337 1889 525
person 0.485121 614 158 633 188
person 0.480717 242 129 1680 307
person 0.395645 1827 252 1916 529
person 0.386205 1483 150 1504 196
person 0.261064 1 262 24 292
person 0.381768 381 164 396 190
person 0.378335 353 167 367 194
person 0.316607 1742 193 1774 232
person 0.300592 850 143 862 166
person 0.288233 1438 150 1461 196
person 0.250657 834 150 845 170
person 0.993147 581 236 617 328
person 0.988552 826 244 861 357
person 0.987678 1485 245 1532 369
person 0.980757 71 238 109 326
person 0.968836 986 231 1017 322
person 0.968138 648 316 716 500
person 0.964253 1743 232 1789 335
person 0.921777 1581 195 1616 271
person 0.909729 729 326 780 483
person 0.886376 489 160 509 194
person 0.858076 661 249 708 350
person 0.853183 785 217 814 300
person 0.852728 1146 204 1176 283
person 0.838565 753 210 783 294
person 0.837121 447 162 468 194
person 0.804978 1793 341 1882 524
person 0.747031 1384 168 1412 228
person 0.718724 558 154 578 185
person 0.562140 14 180 40 226
person 0.526019 614 159 633 188
person 0.502724 232 126 1685 308
person 0.406855 377 164 391 191
person 0.403193 354 167 368 194
person 0.261027 1 262 24 293
person 0.340095 1483 151 1504 196
person 0.298843 1741 193 1773 231
person 0.280619 1836 258 1914 527
person 0.273916 408 165 422 191
person 0.267551 851 144 862 165
person 0.258303 1438 153 1460 196
