person 0.993248 582 236 616 328
person 0.987055 990 232 1022 324
person 0.986583 71 238 109 326
person 0.983843 826 244 861 357
person 0.982487 1487 245 1532 369
person 0.954922 722 314 788 500
person 0.948250 1743 230 1789 334
person 0.944113 657 249 703 351
person 0.928059 651 316 721 500
person 0.920192 786 218 815 300
person 0.897308 1581 195 1616 272
person 0.882937 1792 334 1889 527
person 0.861834 488 159 509 194
person 0.834971 752 210 782 295
person 0.832201 1148 205 1178 283
person 0.830792 447 161 468 194
person 0.728696 1383 168 1411 227
person 0.707527 557 153 578 186
person 0.533384 12 181 38 226
person 0.484300 237 128 1684 304
person 0.440792 353 167 367 194
person 0.417026 613 157 633 188
person 0.377356 379 164 393 191
person 0.376116 1481 151 1503 195
person 0.322389 619 155 641 188
person 0.278464 1740 193 1774 232
person 0.269475 1439 152 1460 196
person 0.254159 1293 152 1316 197
person 0.995250 583 238 615 329
person 0.988823 72 238 113 325
person 0.987688 827 245 861 357
person 0.986864 992 230 1025 325
person 0.985331 649 315 719 503
person 0.976928 1488 244 1532 368
person 0.943152 787 218 814 300
person 0.938831 725 317 790 498
person 0.929992 654 248 699 350
person 0.927537 1743 230 1789 332
person 0.904060 1581 195 1617 272
person 0.872126 489 160 508 194
person 0.862670 754 209 781 295
person 0.862311 1787 324 1891 530
person 0.809356 448 161 469 194
person 0.804196 1147 204 1178 283
person 0.784369 1384 168 1411 228
person 0.685763 557 154 578 186
person 0.616288 11 181 36 225
person 0.456248 354 166 369 195
person 0.451765 261 127 1667 302
person 0.430245 622 156 641 188
person 0.408597 376 163 390 192
person 0.275839 0 262 23 292
person 0.386566 1481 150 1503 194
person 0.319973 1292 151 1316 198
person 0.317677 614 158 632 187
person 0.302764 1741 193 1773 231
person 0.296451 1440 152 1460 196
person 0.262773 408 165 422 191
