person 0.995245 584 237 616 328
person 0.991416 1495 244 1539 369
person 0.987778 827 245 861 357
person 0.983255 993 230 1031 326
person 0.982691 73 238 113 325
person 0.980322 650 315 720 502
person 0.959162 1786 332 1880 528
person 0.954383 653 246 695 352
person 0.943367 785 218 813 302
person 0.932785 1581 195 1617 273
person 0.929150 727 317 790 499
person 0.908064 1744 229 1791 332
person 0.854237 752 209 779 297
person 0.843789 488 160 508 194
person 0.819483 448 162 469 194
person 0.784596 1384 168 1411 227
person 0.763817 1147 205 1179 282
person 0.673221 558 154 578 185
person 0.618536 9 180 34 226
person 0.547784 622 155 642 187
person 0.496803 244 130 1683 301
person 0.482255 1838 281 1886 364
person 0.463173 1482 150 1504 195
person 0.402103 1291 150 1316 198
person 0.400255 377 164 392 191
person 0.384784 354 167 367 193
person 0.329883 1742 192 1774 232
person 0.329133 614 158 632 186
person 0.327666 1440 152 1460 196
person 0.993740 585 238 618 328
person 0.989971 1495 244 1539 367
person 0.984952 1771 344 1872 529
person 0.982461 74 237 113 324
person 0.979783 651 315 723 499
person 0.978691 998 231 1037 324
person 0.978334 826 244 861 357
person 0.938829 653 243 694 352
person 0.931304 786 219 814 303
person 0.926317 724 316 789 497
person 0.923808 1743 232 1792 332
person 0.907758 1582 195 1618 273
person 0.862979 1384 168 1411 228
person 0.843702 1149 205 1182 283
person 0.821615 488 160 508 194
person 0.810076 448 161 469 194
person 0.621843 750 209 778 298
person 0.605647 7 181 31 225
person 0.592623 559 154 578 185
person 0.574349 1831 281 1880 364
person 0.552659 247 130 1685 301
person 0.509187 623 156 640 186
person 0.428189 354 165 370 196
person 0.415599 1484 150 1505 195
person 0.389307 374 163 389 193
person 0.256460 1 262 23 292
person 0.359458 1291 151 1315 198
person 0.313279 614 158 631 186
person 0.282180 1439 153 1459 195
person 0.263521 819 163 830 179
person 0.261417 1741 193 1772 230
person 0.250047 1711 198 1739 229
