person 0.993198 1494 244 1540 368
person 0.992986 585 237 620 328
person 0.988369 1769 344 1871 529
person 0.983822 652 313 724 501
person 0.980204 74 237 113 324
person 0.977923 1000 232 1041 322
person 0.969075 827 245 862 358
person 0.924948 651 242 691 351
person 0.920622 1582 196 1618 275
person 0.917940 785 220 814 304
person 0.910880 724 316 788 497
person 0.880712 1755 235 1796 329
person 0.855653 1152 206 1183 283
person 0.847952 1384 168 1411 228
person 0.838828 487 159 507 194
person 0.794404 748 210 777 297
person 0.775782 448 161 469 194
person 0.617849 558 153 578 185
person 0.613863 6 180 27 226
person 0.598756 1811 282 1871 364
person 0.554570 239 131 1693 303
person 0.510476 622 155 641 187
person 0.393051 1483 150 1505 196
person 0.382822 353 167 367 193
person 0.352763 748 232 769 279
person 0.336235 375 164 389 191
person 0.309114 1292 151 1316 198
person 0.303983 1742 192 1774 231
person 0.293759 1604 166 1630 215
person 0.265856 1438 153 1459 196
person 0.258364 614 158 632 186
person 0.995005 1494 244 1541 370
person 0.992339 586 236 620 327
person 0.985989 1756 340 1859 529
person 0.976865 76 236 114 324
person 0.972408 653 314 723 501
person 0.970808 826 245 863 358
person 0.967536 1006 233 1044 323
person 0.941450 730 321 780 491
person 0.936874 785 220 814 304
person 0.894970 1582 196 1618 273
person 0.891059 651 237 687 336
person 0.863542 1754 234 1796 331
person 0.836905 487 159 508 194
person 0.821800 747 209 775 296
person 0.795029 448 161 470 195
person 0.778107 1384 169 1411 228
person 0.766182 1153 203 1184 284
person 0.743692 1807 281 1858 365
person 0.621470 557 153 578 185
person 0.576274 5 179 26 227
person 0.438783 239 130 1693 307
person 0.399959 622 153 642 187
person 0.398891 353 167 368 195
person 0.394204 1483 148 1505 196
person 0.364612 374 164 389 192
person 0.314660 748 232 767 278
person 0.332963 1742 193 1774 231
person 0.288983 1778 195 1810 234
person 0.264294 1605 167 1630 214
person 0.256608 1439 150 1460 196
