person 0.994664 1494 243 1543 371
person 0.991068 587 235 622 327
person 0.982833 76 236 118 324
person 0.981306 1748 339 1858 528
person 0.968650 826 247 864 359
person 0.966138 656 316 727 501
person 0.946326 786 219 814 303
person 0.909705 1009 235 1045 323
person 0.885050 730 320 782 491
person 0.877035 1756 236 1797 326
person 0.845505 487 160 507 194
person 0.837902 647 241 688 349
person 0.837027 1384 168 1411 229
person 0.829611 448 161 470 194
person 0.804489 1584 195 1619 273
person 0.777398 745 209 774 294
person 0.751877 1796 285 1848 362
person 0.703918 1154 204 1185 283
person 0.513136 4 177 25 229
person 0.501647 227 132 1711 302
person 0.499539 558 155 578 184
person 0.463398 622 153 641 187
person 0.440065 1483 150 1505 197
person 0.434976 375 163 390 192
person 0.424227 354 166 369 195
person 0.395836 747 229 767 280
person 0.346887 1605 167 1630 215
person 0.344477 1740 193 1770 231
person 0.305596 1779 194 1811 234
person 0.280657 1714 197 1739 229
person 0.255658 615 157 632 186
person 0.991714 1495 242 1544 370
person 0.988975 587 236 623 326
person 0.981691 76 236 121 324
person 0.967981 1745 332 1857 529
person 0.967683 655 318 726 500
person 0.954165 785 219 813 301
person 0.940769 825 246 865 359
person 0.929778 732 326 784 485
person 0.895908 1019 235 1055 322
person 0.848417 488 160 508 194
person 0.842510 1585 195 1621 273
person 0.831598 448 161 469 194
person 0.823477 1384 168 1410 228
person 0.798428 1758 236 1802 323
person 0.774040 642 241 678 326
person 0.761745 741 205 770 285
person 0.756529 1157 202 1185 284
person 0.583202 557 154 578 185
person 0.525578 622 153 642 187
person 0.501930 226 128 1719 304
person 0.494627 1483 149 1505 196
person 0.394354 744 232 765 278
person 0.428410 374 163 389 193
person 0.410120 354 167 369 196
person 0.407427 3 176 23 230
person 0.377884 1740 193 1771 231
person 0.315448 1606 166 1631 215
person 0.315499 1438 150 1461 197
person 0.315501 1780 195 1812 234
person 0.293822 853 145 865 165
person 0.287105 1291 151 1316 198
person 0.267321 1713 197 1738 229
person 0.266708 615 156 633 186
