person 0.992349 591 236 625 325
person 0.989334 1497 241 1544 369
person 0.986494 78 237 121 323
person 0.968899 653 319 726 499
person 0.966597 1024 233 1055 323
person 0.963109 786 219 813 302
person 0.956055 824 245 866 358
person 0.954770 1741 277 1848 530
person 0.951270 733 322 788 491
person 0.909237 642 240 677 328
person 0.865357 739 207 769 284
person 0.854213 447 161 469 195
person 0.848536 487 160 508 194
person 0.843025 1585 195 1622 271
person 0.838426 1384 168 1411 229
person 0.761842 1761 236 1804 327
person 0.741066 1159 202 1186 284
person 0.624202 623 156 643 187
person 0.584218 556 154 576 185
person 0.543731 1483 147 1505 197
person 0.519282 353 166 368 196
person 0.501970 355 126 1852 302
person 0.453939 4 191 22 234
person 0.393109 375 163 389 192
person 0.355806 1740 193 1769 231
person 0.294950 743 234 762 276
person 0.252094 1 262 23 291
person 0.318806 1780 194 1812 235
person 0.316200 1292 151 1316 197
person 0.311422 1437 150 1460 197
person 0.283762 1714 196 1739 229
person 0.281792 1606 167 1631 215
person 0.275290 850 143 864 165
person 0.264511 819 163 830 178
person 0.991455 1497 241 1545 371
person 0.989941 591 236 624 326
person 0.988200 77 237 124 322
person 0.981937 1026 233 1057 325
person 0.973535 653 319 729 498
person 0.965483 786 220 814 302
person 0.936568 1742 335 1841 532
person 0.935717 833 247 871 353
person 0.933402 638 241 676 332
person 0.931312 736 324 789 489
person 0.904797 737 207 768 285
person 0.872309 487 160 507 195
person 0.842185 1385 169 1411 228
person 0.821758 447 161 469 195
person 0.780627 1587 196 1624 273
person 0.771045 1160 204 1188 283
person 0.586062 623 156 643 187
person 0.570595 1483 148 1505 197
person 0.540856 1761 233 1804 327
person 0.532522 555 154 575 185
person 0.510414 353 128 1858 302
person 0.407045 3 178 20 225
person 0.357752 742 233 763 279
person 0.401044 376 164 391 192
person 0.400903 354 166 369 195
person 0.351520 1606 166 1631 217
person 0.339708 1740 193 1768 231
person 0.322226 1781 194 1811 235
person 0.321777 1437 152 1459 196
person 0.310637 1713 197 1738 229
person 0.308393 1291 151 1316 198
person 0.276704 819 163 830 178
person 0.273884 852 143 864 164
person 0.270176 614 158 632 186
person 0.269154 1156 154 1174 193
