person 0.990267 1496 242 1543 370
person 0.989948 592 238 626 326
person 0.987209 1030 231 1061 327
person 0.986831 78 237 126 322
person 0.976705 652 320 732 493
person 0.970360 1736 262 1835 534
person 0.958767 831 246 872 355
person 0.953287 785 220 814 304
person 0.940919 641 240 674 349
person 0.926197 737 326 793 485
person 0.924997 736 208 768 284
person 0.868815 1384 170 1411 229
person 0.852517 487 161 507 195
person 0.838345 448 162 469 195
person 0.827437 1586 198 1625 275
person 0.616891 557 155 577 185
person 0.613344 1482 149 1504 197
person 0.589292 1161 227 1186 281
person 0.563553 1763 227 1812 302
person 0.517418 249 128 1683 298
person 0.511900 623 157 644 187
person 0.422664 2 177 19 227
person 0.414739 376 163 392 192
person 0.393109 1290 152 1317 200
person 0.391355 1606 167 1631 214
person 0.383679 354 166 370 195
person 0.344098 1436 150 1458 196
person 0.338700 614 158 632 187
person 0.310762 821 163 831 178
person 0.302314 1871 221 1913 295
person 0.262562 743 231 763 278
person 0.281182 1714 197 1738 229
person 0.276300 1739 193 1767 231
person 0.993659 1498 243 1545 370
person 0.990453 1031 232 1066 327
person 0.986012 78 237 126 322
person 0.984954 593 236 626 328
person 0.970409 652 320 733 493
person 0.967894 639 241 673 348
person 0.966378 738 319 794 493
person 0.965092 832 246 873 355
person 0.956236 785 220 813 304
person 0.937592 1737 323 1827 535
person 0.880910 735 209 767 283
person 0.869395 487 161 508 195
person 0.853266 1384 169 1411 229
person 0.813491 447 162 469 195
person 0.727516 1588 198 1626 276
person 0.646677 1762 228 1811 303
person 0.608432 557 154 577 184
person 0.592835 1162 205 1190 284
person 0.584614 1850 223 1900 295
person 0.553845 1482 148 1504 197
person 0.531515 236 127 1697 295
person 0.490508 1 176 19 227
person 0.469138 623 156 644 186
person 0.414192 376 163 392 192
person 0.403982 355 165 370 196
person 0.373564 1606 165 1631 218
person 0.361490 1290 151 1317 201
person 0.354720 1436 148 1459 197
person 0.295033 742 233 763 277
person 0.332886 821 163 832 177
person 0.323556 613 157 631 186
person 0.298138 1741 286 1790 403
person 0.283745 1740 193 1769 231
person 0.268092 1154 154 1172 194
person 0.252257 1826 158 1847 196
