person 0.997142 1198 308 1254 456
person 0.994251 1619 367 1747 607
person 0.994145 1428 243 1470 352
person 0.985994 845 267 892 383
person 0.983597 1570 270 1630 415
person 0.974804 136 244 177 344
person 0.927141 810 267 860 374
person 0.896020 1720 263 1765 388
person 0.862155 985 208 1024 307
person 0.823490 441 162 464 197
person 0.665888 492 160 507 184
person 0.583025 1655 323 1711 438
person 0.562363 749 148 763 177
person 0.562285 1571 219 1618 307
person 0.474431 639 159 652 179
person 0.419125 562 151 577 175
person 0.389455 859 147 870 166
person 0.388468 679 150 691 176
person 0.357205 1496 169 1523 233
person 0.355497 1509 167 1536 231
person 0.344996 306 118 1904 294
person 0.344130 1183 142 1195 168
person 0.331095 820 164 832 177
person 0.311525 1554 165 1581 230
person 0.296459 939 146 951 168
person 0.270065 1585 156 1621 237
person 0.268400 1365 135 1387 184
person 0.997001 1196 310 1254 455
person 0.996120 1565 259 1631 427
person 0.993472 836 267 885 384
person 0.990937 1423 245 1469 353
person 0.988200 1619 368 1719 604
person 0.972367 135 242 178 345
person 0.961304 807 266 854 377
person 0.943562 1719 255 1766 396
person 0.928496 985 205 1022 306
person 0.840434 443 162 466 197
person 0.671120 1651 325 1706 435
person 0.616527 750 147 764 177
person 0.610502 491 159 506 185
person 0.477867 559 149 574 175
person 0.423442 1555 165 1582 232
person 0.411193 1497 171 1523 232
person 0.400497 1183 144 1195 169
person 0.398590 1510 168 1536 229
person 0.387265 639 148 650 176
person 0.381415 860 148 870 166
person 0.376067 1572 219 1615 303
person 0.371332 678 149 690 177
person 0.330077 284 119 1919 288
person 0.299112 821 165 831 177
person 0.278923 1593 165 1620 227
person 0.274406 1369 133 1389 178
person 0.268509 939 145 950 165
