person 0.994768 1197 312 1255 452
person 0.994569 1617 362 1707 604
person 0.993384 834 268 881 381
person 0.990823 1561 267 1625 420
person 0.989471 1425 245 1467 353
person 0.972118 803 268 845 375
person 0.963152 131 243 175 344
person 0.858016 1717 280 1762 396
person 0.828509 442 162 465 196
person 0.767528 983 207 1020 303
person 0.755124 1647 323 1701 438
person 0.589908 492 159 507 184
person 0.546668 750 148 764 177
person 0.444900 1184 143 1196 169
person 0.441749 677 149 690 177
person 0.426539 561 150 576 175
person 0.419427 859 148 869 166
person 0.416604 639 149 651 176
person 0.410515 939 143 951 165
person 0.371820 1497 171 1523 232
person 0.361416 1510 168 1536 230
person 0.340895 1573 218 1614 305
person 0.338549 272 118 1919 291
person 0.336417 1555 167 1582 231
person 0.326629 820 164 832 177
person 0.325854 1726 259 1764 340
person 0.304841 636 158 649 179
person 0.302438 1366 134 1388 179
person 0.259077 991 213 1018 266
person 0.257763 1587 156 1621 239
person 0.993031 1605 352 1694 606
person 0.992725 831 265 879 384
person 0.990417 1194 311 1251 454
person 0.974343 1423 245 1465 350
person 0.970594 1562 268 1624 419
person 0.958553 804 268 848 378
person 0.940690 129 241 175 344
person 0.895490 1718 256 1764 391
person 0.803249 440 161 463 196
person 0.715939 983 206 1018 307
person 0.709573 1642 323 1695 443
person 0.657480 751 149 763 175
person 0.626927 493 158 508 184
person 0.446190 640 149 652 176
person 0.437832 560 150 574 175
person 0.409948 1184 144 1196 169
person 0.403296 858 147 867 166
person 0.403277 939 143 952 165
person 0.385231 1510 167 1536 230
person 0.384707 677 149 689 177
person 0.370655 271 119 1919 288
person 0.368337 1497 170 1523 232
person 0.366682 1555 165 1582 230
person 0.350819 1368 133 1388 177
person 0.348947 1346 151 1371 197
person 0.338636 1572 219 1612 306
person 0.322260 819 163 831 177
person 0.303791 637 158 650 179
person 0.250069 746 156 760 180
