person 0.996574 887 271 935 417
person 0.996571 989 270 1045 403
person 0.989532 620 271 670 386
person 0.976182 847 236 876 325
person 0.964892 1171 229 1204 328
person 0.960844 1413 224 1452 321
person 0.907256 1634 209 1672 310
person 0.876311 1292 206 1327 304
person 0.867944 967 221 990 290
person 0.785142 492 166 509 197
person 0.754447 689 218 720 296
person 0.739433 1378 188 1401 254
person 0.669487 1085 244 1118 354
person 0.623350 677 163 692 191
person 0.607663 1254 213 1282 268
person 0.597621 598 161 611 189
person 0.585672 439 185 461 208
person 0.507154 558 165 572 192
person 0.489752 529 163 543 189
person 0.464245 256 124 1665 316
person 0.390738 684 228 710 283
person 0.379831 1719 240 1760 312
person 0.310748 0 265 23 294
person 0.338767 645 161 658 187
person 0.997414 889 276 939 413
person 0.996287 989 266 1041 405
person 0.991658 620 270 670 386
person 0.985637 847 236 878 325
person 0.967163 1172 228 1206 329
person 0.947387 1413 223 1453 322
person 0.902174 1633 208 1673 311
person 0.888186 966 222 989 289
person 0.885894 1290 206 1327 304
person 0.801716 492 166 510 197
person 0.774011 1083 245 1118 353
person 0.737320 688 218 720 294
person 0.698091 1377 189 1400 253
person 0.622488 676 162 692 191
person 0.579493 598 161 613 189
person 0.565643 439 186 461 208
person 0.531963 557 165 573 193
person 0.497394 239 125 1683 317
person 0.472875 529 163 543 190
person 0.437018 685 228 710 282
person 0.379000 1254 205 1294 286
person 0.341862 1258 216 1284 264
person 0.341439 1719 240 1761 312
person 0.315268 646 161 659 188
person 0.272673 0 264 22 294
