person 0.989716 1594 344 1685 610
person 0.984486 1183 323 1244 450
person 0.973608 806 269 852 377
person 0.973450 833 265 874 380
person 0.965483 1422 244 1465 350
person 0.926323 125 238 177 340
person 0.915708 1560 266 1606 415
person 0.840330 440 162 464 197
person 0.818526 1716 258 1764 390
person 0.809389 982 204 1017 307
person 0.606643 492 158 508 184
person 0.532941 750 148 764 176
person 0.459664 857 147 867 165
person 0.449069 561 150 577 175
person 0.431912 1345 157 1369 195
person 0.426763 1184 144 1196 169
person 0.400692 639 149 651 175
person 0.353346 1510 167 1536 230
person 0.352002 1639 321 1692 445
person 0.350387 941 143 952 163
person 0.346390 1497 169 1523 232
person 0.345000 821 163 832 176
person 0.338004 1554 165 1582 229
person 0.324591 284 120 1919 288
person 0.312532 788 269 832 372
person 0.298793 676 149 689 176
person 0.291866 1369 136 1388 174
person 0.288640 1571 221 1612 306
person 0.277471 637 159 649 178
person 0.986737 1180 323 1242 448
person 0.979044 817 267 857 377
person 0.950238 1414 245 1455 351
person 0.935780 1588 342 1678 607
person 0.933064 120 240 166 337
person 0.902446 1558 265 1605 412
person 0.845823 789 267 825 374
person 0.843479 440 162 463 196
person 0.774770 1716 257 1763 392
person 0.685391 984 206 1015 304
person 0.586035 1344 150 1369 197
person 0.569865 749 148 763 176
person 0.550211 495 158 510 183
person 0.480780 561 149 577 176
person 0.442853 856 148 866 166
person 0.441808 1626 327 1684 443
person 0.367290 820 163 832 176
person 0.357436 1553 164 1581 228
person 0.354718 1510 166 1536 231
person 0.347917 1497 169 1523 231
person 0.344767 1562 223 1604 304
person 0.328284 1184 143 1196 168
person 0.320937 319 118 1895 291
person 0.311050 942 145 956 168
person 0.301888 639 150 652 175
person 0.294967 1595 163 1624 225
