person 0.989190 1178 322 1242 447
person 0.983978 1412 245 1454 350
person 0.969557 786 266 822 375
person 0.967861 818 269 859 384
person 0.948045 1556 270 1602 410
person 0.936405 118 241 165 335
person 0.893289 1575 369 1659 598
person 0.845969 440 162 463 197
person 0.839247 964 216 1003 303
person 0.724836 1708 263 1754 387
person 0.714906 493 158 509 184
person 0.706424 985 208 1016 302
person 0.586381 1627 328 1682 446
person 0.565227 1620 340 1696 514
person 0.517335 749 148 763 177
person 0.478273 560 149 576 176
person 0.438854 1342 148 1369 196
person 0.419099 856 145 866 165
person 0.355140 286 120 1919 291
person 0.343105 1563 222 1602 305
person 0.342830 1510 167 1536 230
person 0.339880 1554 165 1582 229
person 0.327465 1184 143 1196 168
person 0.323628 1497 169 1523 231
person 0.321094 822 163 833 176
person 0.285659 639 150 651 175
person 0.268166 1596 164 1624 225
person 0.986654 1410 245 1453 352
person 0.981010 1550 268 1600 413
person 0.979496 780 267 820 376
person 0.979173 813 270 857 385
person 0.978438 1173 322 1240 444
person 0.937983 113 243 165 343
person 0.898505 1565 379 1653 595
person 0.897793 962 215 1004 304
person 0.859841 1707 268 1769 404
person 0.856674 440 162 462 196
person 0.788246 1614 336 1700 509
person 0.732574 493 158 507 183
person 0.632966 984 210 1017 297
person 0.618862 1341 153 1366 200
person 0.487326 750 148 764 176
person 0.488011 560 149 575 176
person 0.472492 1183 142 1196 168
person 0.436881 963 144 976 171
person 0.420710 856 146 866 165
person 0.367989 640 148 652 175
person 0.367595 285 117 1919 292
person 0.360967 1555 166 1582 228
person 0.330393 1511 167 1536 229
person 0.320989 1595 164 1624 227
person 0.313854 822 163 833 176
person 0.290614 1497 170 1522 229
person 0.252011 675 150 687 176
