person 0.990364 1406 244 1450 353
person 0.990080 1552 374 1638 604
person 0.984177 1169 316 1236 448
person 0.977696 808 273 851 384
person 0.957736 112 244 162 344
person 0.956348 776 269 814 378
person 0.904772 1548 271 1597 379
person 0.897007 1615 335 1708 506
person 0.894147 1699 271 1760 402
person 0.838523 440 162 464 197
person 0.827181 962 215 998 305
person 0.587749 1340 150 1364 199
person 0.564278 966 144 978 169
person 0.563539 984 211 1015 299
person 0.550264 493 158 507 182
person 0.488169 748 156 763 182
person 0.479775 558 148 574 176
person 0.465255 752 148 765 175
person 0.464631 939 216 974 308
person 0.376123 267 118 1919 292
person 0.365235 641 149 653 175
person 0.360848 936 144 947 166
person 0.358665 1555 165 1582 228
person 0.346526 1184 143 1196 167
person 0.345362 676 150 688 176
person 0.337391 1593 165 1620 226
person 0.310317 821 164 832 176
person 0.297114 855 146 865 164
person 0.288263 1735 193 1770 230
person 0.286877 1497 168 1522 230
person 0.260580 1513 166 1538 228
person 0.258495 1441 143 1467 203
person 0.993561 1539 372 1629 604
person 0.992577 1166 318 1230 447
person 0.990906 1405 247 1448 351
person 0.990079 798 272 847 386
person 0.975470 108 244 160 344
person 0.958790 1544 272 1595 400
person 0.949875 1698 271 1760 405
person 0.886274 772 271 807 378
person 0.841327 441 162 464 197
person 0.816011 1613 331 1701 509
person 0.757497 939 219 972 307
person 0.724687 965 212 999 305
person 0.484427 494 158 508 183
person 0.478041 559 148 574 177
person 0.478221 747 156 763 182
person 0.451565 751 148 765 176
person 0.435368 983 210 1016 297
person 0.426753 965 144 976 165
person 0.363166 933 143 944 163
person 0.335949 1556 165 1582 227
person 0.334096 1594 164 1621 225
person 0.327911 281 119 1919 295
person 0.321897 1184 143 1196 168
person 0.299460 641 149 652 174
person 0.297788 1561 221 1603 300
person 0.296627 820 163 831 175
person 0.290325 1512 167 1538 229
person 0.287274 1497 169 1522 232
person 0.266940 1338 151 1363 198
person 0.263161 1735 193 1768 229
person 0.255782 677 150 688 175
