person 0.997126 1164 317 1225 446
person 0.992993 1399 245 1444 353
person 0.987981 1525 377 1626 607
person 0.986829 793 271 846 389
person 0.986349 1696 273 1762 408
person 0.965281 106 246 156 344
person 0.960091 1542 266 1595 415
person 0.905503 769 271 804 382
person 0.873590 1600 335 1698 508
person 0.849383 442 162 465 196
person 0.813859 934 222 973 306
person 0.550711 965 215 1002 300
person 0.527680 747 156 763 182
person 0.508733 493 159 507 182
person 0.492619 966 144 978 165
person 0.447963 751 148 764 176
person 0.447645 559 149 575 176
person 0.420449 978 212 1002 269
person 0.345057 642 149 653 175
person 0.344608 296 115 1919 296
person 0.331514 1183 144 1195 168
person 0.322535 1556 163 1582 228
person 0.302367 1513 166 1538 230
person 0.298212 678 149 690 174
person 0.297285 1337 154 1359 198
person 0.292056 1595 164 1621 225
person 0.286512 1497 168 1522 232
person 0.285089 820 163 832 175
person 0.265386 931 145 942 163
person 0.997794 1158 317 1222 449
person 0.989464 1395 245 1442 353
person 0.986250 1695 277 1762 405
person 0.973576 1496 399 1636 608
person 0.962969 101 245 154 343
person 0.942364 785 273 848 396
person 0.924267 1529 248 1600 444
person 0.917008 1592 339 1695 502
person 0.898331 930 225 970 307
person 0.848060 441 163 465 196
person 0.837454 972 207 1006 285
person 0.807222 770 272 813 385
person 0.627920 492 159 507 183
person 0.516915 751 148 765 176
person 0.475787 968 147 978 166
person 0.457373 748 156 762 181
person 0.446872 559 149 575 176
person 0.376507 1334 156 1357 200
person 0.359658 1184 142 1196 167
person 0.347257 642 158 654 179
person 0.340866 1594 164 1621 226
person 0.323217 295 117 1919 292
person 0.312666 819 164 830 176
person 0.313691 1556 164 1582 228
person 0.312693 679 150 690 173
person 0.290719 850 142 861 163
person 0.268210 1513 166 1537 228
person 0.254569 1498 170 1522 230
