person 0.997795 1155 312 1220 447
person 0.990404 1391 246 1442 355
person 0.985352 1693 273 1759 408
person 0.981643 1467 401 1624 611
person 0.959458 99 245 153 344
person 0.959406 772 276 834 394
person 0.943265 1536 266 1590 425
person 0.882555 971 206 1003 286
person 0.878401 1579 340 1687 499
person 0.870319 932 223 966 306
person 0.832473 441 163 465 196
person 0.603408 494 159 508 183
person 0.554118 751 148 764 176
person 0.527870 1333 153 1356 199
person 0.503974 973 142 984 164
person 0.479140 559 149 575 176
person 0.422237 1184 141 1196 167
person 0.415357 748 156 762 181
person 0.409364 1595 165 1621 222
person 0.382177 1557 163 1583 227
person 0.371010 292 113 1919 292
person 0.339638 1513 166 1537 229
person 0.332156 850 141 862 163
person 0.315996 1440 143 1467 202
person 0.302241 642 159 655 179
person 0.286632 819 164 830 176
person 0.275487 679 150 690 172
person 0.273116 1736 193 1767 229
person 0.258265 1557 222 1599 304
person 0.994723 1157 306 1214 450
person 0.993112 1464 400 1621 610
person 0.990306 1691 267 1756 412
person 0.988023 1389 245 1441 354
person 0.987750 771 276 835 396
person 0.963747 99 243 147 345
person 0.947860 1570 338 1663 499
person 0.933925 966 207 1001 285
person 0.904604 1531 268 1583 419
person 0.869860 921 225 964 306
person 0.803761 442 163 465 196
person 0.647652 750 147 764 176
person 0.621902 753 271 784 375
person 0.609547 493 159 507 182
person 0.575336 1331 156 1356 200
person 0.550551 1594 164 1621 226
person 0.468895 1185 140 1197 166
person 0.462912 560 150 575 176
person 0.457518 850 141 862 164
person 0.428988 1557 163 1582 228
person 0.347485 1555 225 1599 305
person 0.343237 1513 165 1537 228
person 0.334187 285 113 1919 289
person 0.331603 1439 143 1467 202
person 0.328367 972 143 982 162
person 0.327533 644 159 657 180
person 0.291392 643 150 654 173
person 0.285669 678 150 689 172
person 0.250459 819 164 830 176
