person 0.994514 1456 401 1618 610
person 0.987625 1687 267 1756 411
person 0.986287 1571 336 1659 502
person 0.985025 1389 247 1438 351
person 0.978209 762 279 827 394
person 0.977774 1150 308 1203 451
person 0.948880 97 241 145 347
person 0.947089 965 205 998 285
person 0.895879 1517 278 1574 415
person 0.864393 917 225 957 307
person 0.794802 443 163 466 196
person 0.711336 1556 225 1598 306
person 0.674912 746 273 783 375
person 0.652026 749 146 762 177
person 0.575640 494 159 508 182
person 0.544709 1330 157 1353 200
person 0.516033 849 141 861 165
person 0.492792 1594 163 1621 225
person 0.457984 1185 139 1197 166
person 0.418503 560 150 574 174
person 0.397158 1557 162 1583 228
person 0.388557 677 149 688 175
person 0.341199 643 149 654 174
person 0.329450 1438 143 1468 201
person 0.310153 645 159 658 180
person 0.300282 285 115 1919 294
person 0.273008 1513 165 1538 227
person 0.265627 1536 278 1589 375
person 0.996479 1447 401 1608 607
person 0.992035 1686 262 1751 414
person 0.990954 1387 247 1438 353
person 0.989702 750 278 821 396
person 0.983590 1571 335 1650 502
person 0.980643 1147 300 1199 454
person 0.955386 1514 276 1569 410
person 0.953106 96 241 144 346
person 0.944066 914 226 955 308
person 0.911500 960 206 995 285
person 0.865128 1555 224 1596 305
person 0.791452 442 163 466 196
person 0.673346 748 147 762 177
person 0.532134 976 144 988 166
person 0.525570 1329 155 1352 201
person 0.505630 494 159 508 182
person 0.497640 676 149 688 175
person 0.491872 738 274 779 378
person 0.440216 1185 139 1197 166
person 0.424313 849 142 861 165
person 0.407858 559 149 573 174
person 0.406754 1593 162 1620 225
person 0.391086 1554 278 1598 372
person 0.348046 288 116 1910 295
person 0.344677 643 149 654 174
person 0.330340 1556 162 1583 227
person 0.279200 1439 144 1468 201
