person 0.996748 1447 409 1600 607
person 0.993151 1683 268 1743 411
person 0.990556 1386 247 1436 352
person 0.990171 744 277 817 396
person 0.988350 1142 301 1200 454
person 0.982993 1510 281 1565 406
person 0.972233 1563 318 1642 503
person 0.944765 958 205 992 286
person 0.929986 94 241 144 346
person 0.900849 908 231 953 313
person 0.884847 1552 222 1596 308
person 0.782374 444 164 467 196
person 0.719446 747 145 762 177
person 0.594623 1330 152 1354 200
person 0.571174 1185 138 1198 166
person 0.560563 493 159 507 183
person 0.490827 973 138 986 164
person 0.462820 850 142 861 166
person 0.446045 559 149 573 174
person 0.434063 1594 163 1621 226
person 0.384162 678 149 690 174
person 0.340976 1438 144 1467 201
person 0.325667 1556 163 1582 227
person 0.292888 645 159 658 179
person 0.291759 269 117 1919 293
person 0.289682 642 149 653 174
person 0.264610 820 164 830 176
person 0.995465 1434 417 1592 606
person 0.989485 1136 308 1194 449
person 0.987415 1680 273 1739 403
person 0.986736 736 281 803 390
person 0.982936 1506 280 1561 409
person 0.982575 1381 245 1436 353
person 0.976578 1561 314 1642 504
person 0.968872 956 205 990 286
person 0.912981 92 242 143 344
person 0.900951 899 224 939 306
person 0.812365 1550 222 1595 310
person 0.782244 443 164 466 196
person 0.621753 749 148 762 177
person 0.586235 495 159 509 182
person 0.494071 1184 137 1198 166
person 0.486496 975 142 987 163
person 0.449447 559 149 574 174
person 0.442472 1329 148 1352 201
person 0.414628 646 160 659 179
person 0.388919 1593 163 1621 226
person 0.313167 174 118 1780 284
person 0.298827 1556 162 1582 227
person 0.295260 818 164 828 177
person 0.293210 1440 145 1468 202
person 0.276567 911 142 922 161
person 0.269425 525 158 539 181
