person 0.996982 1417 419 1567 605
person 0.993490 734 284 804 389
person 0.990880 1133 308 1191 449
person 0.986045 1501 278 1560 412
person 0.982764 1380 246 1434 352
person 0.971522 956 206 987 286
person 0.967655 1676 271 1731 403
person 0.951624 896 224 935 306
person 0.939735 90 244 140 343
person 0.915045 1554 315 1636 501
person 0.806124 443 164 467 197
person 0.799132 1554 226 1595 325
person 0.607946 748 148 762 176
person 0.582949 494 160 509 182
person 0.508392 1185 138 1197 166
person 0.463424 646 160 658 179
person 0.447719 560 149 574 174
person 0.374131 818 164 829 177
person 0.370548 1594 163 1621 226
person 0.362267 525 160 539 182
person 0.349077 673 150 684 176
person 0.314978 1328 147 1351 198
person 0.310527 1440 143 1467 202
person 0.305293 1556 161 1582 227
person 0.299266 205 116 1751 286
person 0.995850 1398 409 1523 611
person 0.993556 1127 312 1187 444
person 0.992089 723 285 800 391
person 0.988687 1498 282 1556 415
person 0.970190 1373 247 1421 354
person 0.966267 892 222 928 307
person 0.944680 1545 317 1633 501
person 0.921574 86 246 141 342
person 0.912761 954 206 982 286
person 0.912495 1551 221 1591 309
person 0.864474 1676 271 1729 403
person 0.812705 443 164 467 197
person 0.610505 494 159 509 183
person 0.581937 749 148 762 176
person 0.469983 1327 152 1350 201
person 0.463477 647 161 659 178
person 0.447417 560 149 574 174
person 0.394145 1592 165 1620 226
person 0.360626 525 160 538 181
person 0.360462 1185 138 1198 166
person 0.358051 672 150 682 174
person 0.347264 222 114 1736 286
person 0.333893 819 164 829 176
person 0.304424 1556 162 1582 227
person 0.296193 1440 145 1468 202
person 0.292243 974 142 985 163
person 0.291961 849 142 860 162
person 0.291545 1513 166 1536 228
