person 0.993340 1121 312 1182 445
person 0.992667 711 280 795 397
person 0.988964 1385 410 1507 611
person 0.986082 1490 282 1553 415
person 0.984997 1373 248 1419 354
person 0.948092 1529 332 1628 506
person 0.946505 1548 221 1588 307
person 0.937862 80 251 131 337
person 0.935943 1664 270 1720 405
person 0.935146 952 205 982 285
person 0.915799 886 223 919 305
person 0.852521 443 164 467 197
person 0.622837 746 148 760 177
person 0.484103 496 159 509 182
person 0.434351 671 149 681 174
person 0.431131 1327 150 1349 200
person 0.421598 560 150 574 174
person 0.404840 217 113 1742 286
person 0.329510 645 160 657 179
person 0.317683 524 161 537 181
person 0.314624 1440 144 1468 202
person 0.313010 1185 139 1198 166
person 0.307002 1513 166 1536 229
person 0.268912 1556 163 1581 225
person 0.266954 819 163 829 176
person 0.995626 1119 307 1180 448
person 0.995526 704 281 786 401
person 0.991559 1372 247 1416 352
person 0.990160 1367 412 1499 608
person 0.974820 1526 330 1624 508
person 0.974317 1484 282 1551 412
person 0.964361 74 251 133 337
person 0.958870 1662 266 1720 408
person 0.945919 1547 219 1586 308
person 0.909868 951 205 979 284
person 0.854742 443 165 468 197
person 0.760622 880 226 912 305
person 0.563512 746 148 760 177
person 0.474871 671 149 683 175
person 0.468970 559 149 574 174
person 0.418523 496 159 510 181
person 0.391202 1595 164 1623 224
person 0.373656 646 161 658 179
person 0.315730 892 253 915 300
person 0.349089 1512 166 1535 228
person 0.347894 315 114 1882 295
person 0.313393 1327 148 1350 200
person 0.306662 1556 163 1582 224
person 0.301632 1440 144 1468 203
person 0.296168 1184 139 1197 166
person 0.291772 819 163 829 176
person 0.278717 525 161 539 182
person 0.276167 1497 170 1522 231
