person 0.991690 1359 409 1497 605
person 0.990627 1118 306 1179 448
person 0.990591 1370 245 1412 353
person 0.982599 700 283 784 402
person 0.978106 1659 263 1719 409
person 0.977983 1519 329 1620 510
person 0.976357 1475 279 1541 414
person 0.966218 68 251 127 337
person 0.928112 1544 218 1583 308
person 0.910409 876 236 917 309
person 0.901828 948 207 979 284
person 0.878160 443 163 468 198
person 0.569941 747 156 761 181
person 0.537876 673 148 685 175
person 0.453524 495 158 509 181
person 0.452828 559 149 575 175
person 0.361034 1595 164 1623 225
person 0.355333 1326 146 1348 200
person 0.302592 1511 166 1536 228
person 0.296042 309 116 1901 294
person 0.290896 1440 143 1467 203
person 0.276832 1184 141 1196 166
person 0.265424 1555 163 1582 224
person 0.251644 819 163 829 176
person 0.995593 1346 403 1489 608
person 0.991592 698 286 755 401
person 0.990551 1369 243 1407 352
person 0.989205 1657 262 1719 409
person 0.974259 1474 283 1537 413
person 0.969392 1115 306 1179 446
person 0.966718 64 251 124 339
person 0.966445 1518 326 1617 511
person 0.958204 1542 218 1583 309
person 0.914572 866 238 915 308
person 0.878699 445 163 469 197
person 0.776749 948 208 978 284
person 0.559502 747 147 761 177
person 0.513737 674 149 685 175
person 0.447996 560 149 575 175
person 0.400239 1595 163 1622 226
person 0.399815 495 158 509 181
person 0.368290 1512 165 1536 229
person 0.349047 1439 143 1466 202
person 0.322184 341 115 1872 303
person 0.301254 1325 148 1347 198
person 0.290860 1555 162 1582 226
person 0.277525 820 163 830 176
person 0.269460 1497 169 1522 232
