person 0.991044 766 273 817 410
person 0.990596 1764 261 1815 385
person 0.968178 1123 235 1154 331
person 0.947083 1441 219 1483 312
person 0.939714 1576 211 1615 303
person 0.935527 1655 220 1703 311
person 0.923508 1225 202 1255 284
person 0.897806 629 280 684 393
person 0.881421 490 165 509 197
person 0.874331 954 216 982 294
person 0.870924 1040 270 1087 404
person 0.855612 1306 210 1339 297
person 0.829755 1271 203 1300 282
person 0.765484 660 227 685 283
person 0.771089 678 160 695 190
person 0.604254 602 162 617 189
person 0.600978 1030 240 1067 365
person 0.580309 557 161 573 189
person 0.573729 782 238 805 289
person 0.565568 283 126 1659 302
person 0.547338 438 185 461 208
person 0.438273 538 161 552 188
person 0.428305 1058 242 1095 413
person 0.421143 1785 216 1817 268
person 0.414611 1084 209 1116 311
person 0.406811 636 160 650 187
person 0.359348 1433 189 1458 242
person 0.293151 825 149 836 170
person 0.987139 1764 261 1819 387
person 0.986047 768 270 818 412
person 0.961001 1123 234 1154 331
person 0.950352 1578 209 1617 303
person 0.944710 1440 217 1481 313
person 0.935149 1225 203 1255 284
person 0.925328 1039 274 1086 402
person 0.901073 954 216 983 294
person 0.895157 1656 220 1703 311
person 0.886575 490 166 509 197
person 0.883204 629 279 684 393
person 0.858288 1305 210 1339 298
person 0.806908 1269 203 1301 283
person 0.802815 679 160 696 190
person 0.726910 661 229 687 283
person 0.613815 558 163 573 190
person 0.596684 1085 211 1116 308
person 0.590522 783 238 805 289
person 0.569642 265 125 1677 303
person 0.538915 439 185 461 208
person 0.524612 602 162 616 189
person 0.466702 537 163 551 189
person 0.456619 1030 242 1070 364
person 0.394075 635 161 649 187
person 0.368438 1432 187 1459 243
person 0.319004 1786 216 1816 269
person 0.289314 825 149 836 170
person 0.288172 1059 245 1097 408
