person 0.997388 989 265 1041 408
person 0.996667 889 275 942 414
person 0.992848 620 270 670 386
person 0.986217 848 236 880 325
person 0.970315 1174 228 1206 328
person 0.940281 1412 224 1454 321
person 0.893000 1632 206 1675 313
person 0.874426 967 224 989 290
person 0.821168 493 166 511 197
person 0.794225 1290 206 1327 304
person 0.760012 675 163 691 191
person 0.757327 683 219 713 295
person 0.726305 1084 241 1120 355
person 0.692982 1377 189 1401 254
person 0.615158 555 165 571 194
person 0.598769 439 185 461 208
person 0.565973 600 161 613 187
person 0.520561 529 163 544 190
person 0.441242 223 124 1694 317
person 0.402507 1718 240 1761 313
person 0.400182 645 163 659 188
person 0.338392 1258 203 1297 287
person 0.291597 698 235 720 280
person 0.269817 0 264 22 294
person 0.265938 1261 216 1287 263
person 0.268594 1798 209 1829 268
person 0.997419 988 262 1040 410
person 0.996413 890 275 942 413
person 0.995487 621 270 670 386
person 0.979773 851 235 881 326
person 0.974666 1175 228 1209 330
person 0.910132 1413 223 1455 321
person 0.882797 1632 207 1674 312
person 0.818347 968 225 990 291
person 0.815855 493 166 511 197
person 0.736207 1289 205 1327 303
person 0.734799 1376 190 1401 255
person 0.726622 675 162 691 191
person 0.721469 1081 239 1122 353
person 0.686434 683 219 713 295
person 0.612198 440 186 462 209
person 0.614144 556 164 572 193
person 0.558115 526 162 541 191
person 0.534409 600 161 613 186
person 0.532845 1260 207 1302 301
person 0.457277 236 127 1691 315
person 0.428886 1720 206 1761 311
person 0.399438 643 163 657 188
person 0.366370 697 232 721 280
