person 0.994918 689 288 746 400
person 0.994712 1333 402 1488 608
person 0.992450 1368 245 1405 354
person 0.978603 1470 281 1534 411
person 0.976488 1516 325 1613 512
person 0.974470 1655 265 1715 406
person 0.960688 1107 309 1170 444
person 0.960085 1540 220 1583 311
person 0.956479 60 250 123 339
person 0.938371 856 235 906 309
person 0.863103 444 164 468 197
person 0.862282 940 207 971 286
person 0.611017 746 146 761 178
person 0.581012 672 148 683 175
person 0.436512 1594 163 1622 227
person 0.405930 560 149 575 175
person 0.370953 309 115 1908 300
person 0.336523 495 158 509 181
person 0.300300 1512 165 1536 229
person 0.296228 1555 163 1582 227
person 0.285927 1440 142 1467 202
person 0.280441 1008 148 1019 167
person 0.273487 1324 150 1347 199
person 0.270811 839 147 849 166
person 0.996231 1314 396 1474 606
person 0.994929 684 286 742 401
person 0.992881 1364 245 1402 354
person 0.981432 1509 327 1609 512
person 0.980110 1465 280 1527 407
person 0.978691 850 234 905 313
person 0.967187 1653 259 1712 410
person 0.964580 1103 304 1165 448
person 0.954497 58 251 119 340
person 0.926278 934 213 975 288
person 0.915806 1539 219 1581 312
person 0.871815 445 164 468 197
person 0.673482 671 148 684 176
person 0.612538 747 147 762 177
person 0.414151 1595 164 1622 226
person 0.388231 526 164 540 184
person 0.379896 495 159 508 181
person 0.368072 560 149 575 174
person 0.350515 319 114 1899 301
person 0.328098 839 146 849 167
person 0.326628 1555 165 1582 226
person 0.318830 1440 143 1467 202
person 0.309671 1512 167 1536 229
person 0.271930 1369 132 1388 175
