person 0.996304 1304 404 1466 602
person 0.995339 1361 245 1400 355
person 0.992492 675 283 742 404
person 0.986812 1507 327 1605 511
person 0.977519 1103 297 1163 455
person 0.973475 844 235 895 314
person 0.962053 55 252 116 340
person 0.952802 1457 278 1524 404
person 0.947399 1648 265 1707 391
person 0.935235 931 213 975 288
person 0.912362 1534 229 1581 326
person 0.860804 445 164 469 197
person 0.670153 670 147 683 177
person 0.571078 747 147 761 178
person 0.444481 495 160 508 182
person 0.436426 1595 164 1621 227
person 0.398269 526 164 540 184
person 0.384813 326 117 1897 298
person 0.376765 1512 166 1536 230
person 0.364233 560 150 574 173
person 0.347187 1497 169 1522 233
person 0.333716 1440 143 1467 201
person 0.331656 1556 164 1583 228
person 0.315705 838 147 849 169
person 0.299895 1005 148 1017 168
person 0.264875 821 163 832 176
person 0.254918 1370 134 1387 174
person 0.994621 1358 246 1397 357
person 0.993731 1302 408 1438 604
person 0.988414 1102 297 1155 444
person 0.985008 660 286 727 401
person 0.970776 53 254 115 340
person 0.970465 1509 327 1601 510
person 0.964083 1452 272 1523 406
person 0.961441 838 235 884 313
person 0.939958 931 211 973 290
person 0.930079 1534 222 1578 309
person 0.925549 1641 263 1706 393
person 0.843118 445 164 468 197
person 0.559893 672 148 684 177
person 0.545161 748 148 763 177
person 0.465145 493 160 507 184
person 0.432439 1594 164 1620 227
person 0.407327 1512 166 1536 229
person 0.384290 214 113 1739 296
person 0.345290 1557 164 1582 227
person 0.338772 1497 169 1521 233
person 0.332824 561 149 575 174
person 0.299444 526 164 539 183
person 0.287123 1440 143 1467 201
person 0.281315 837 147 847 169
person 0.260536 852 254 879 297
person 0.261903 821 162 832 177
