person 0.991221 653 287 723 405
person 0.990636 1290 415 1406 603
person 0.990630 1353 246 1397 357
person 0.985804 1100 295 1149 446
person 0.970221 52 255 113 339
person 0.962463 1639 268 1704 404
person 0.962413 1509 327 1598 511
person 0.942541 930 213 971 287
person 0.908068 1530 227 1581 327
person 0.876877 1436 262 1507 410
person 0.843741 445 164 469 198
person 0.709121 831 237 874 312
person 0.543575 673 148 686 177
person 0.469932 492 160 507 183
person 0.447834 1595 165 1621 228
person 0.445844 747 155 762 181
person 0.365993 342 117 1874 296
person 0.354262 560 149 575 175
person 0.350651 1557 163 1582 229
person 0.348726 1513 166 1536 229
person 0.320363 1497 169 1521 233
person 0.317077 1440 143 1467 201
person 0.266471 1186 141 1198 166
person 0.263067 525 163 538 183
person 0.257339 837 146 848 169
person 0.255377 1313 155 1336 199
person 0.992249 1280 410 1368 607
person 0.987388 1098 294 1145 448
person 0.987103 1436 265 1504 408
person 0.987034 1354 248 1392 357
person 0.978188 641 285 718 406
person 0.970433 51 254 111 339
person 0.949164 1638 264 1702 407
person 0.919444 927 211 969 291
person 0.915676 1509 326 1598 511
person 0.887535 1530 229 1579 331
person 0.828758 445 164 469 198
person 0.647932 822 238 863 312
person 0.527004 746 155 761 181
person 0.514287 492 160 507 185
person 0.492540 672 148 685 178
person 0.428366 1595 164 1621 227
person 0.402340 1513 166 1536 229
person 0.384307 836 146 847 170
person 0.356891 1440 141 1467 203
person 0.351365 1557 164 1582 228
person 0.322045 560 149 574 174
person 0.312753 1497 169 1521 232
person 0.312655 344 117 1873 298
person 0.295086 1887 265 1918 376
person 0.260828 1311 153 1334 200
