person 0.993628 1437 269 1498 408
person 0.987212 1266 409 1351 606
person 0.986338 1093 292 1140 449
person 0.983310 1351 249 1391 356
person 0.967747 637 287 710 403
person 0.959381 50 254 108 339
person 0.950593 926 206 964 287
person 0.941531 1499 322 1584 494
person 0.909041 1635 260 1701 412
person 0.839924 445 164 469 198
person 0.777651 1521 228 1567 328
person 0.764694 816 238 860 314
person 0.600850 675 148 688 177
person 0.586948 747 155 761 181
person 0.468544 836 145 847 171
person 0.453089 492 160 506 183
person 0.445760 1006 145 1018 165
person 0.422676 824 256 850 300
person 0.416996 1311 153 1334 200
person 0.402944 560 149 575 175
person 0.402075 1596 164 1621 226
person 0.386766 1557 162 1583 228
person 0.380902 1439 141 1467 203
person 0.356886 1497 169 1521 233
person 0.327122 513 122 1919 293
person 0.324721 1512 167 1535 226
person 0.298443 1187 142 1198 167
person 0.994885 1433 264 1490 413
person 0.988808 1091 294 1137 447
person 0.986742 1239 407 1341 607
person 0.980257 628 290 713 400
person 0.975766 1619 268 1690 402
person 0.971373 1489 319 1576 499
person 0.966488 1349 248 1390 355
person 0.939865 807 237 857 313
person 0.934773 49 251 105 341
person 0.928903 926 210 962 291
person 0.857451 446 164 469 197
person 0.799336 1522 232 1565 324
person 0.571380 747 155 761 181
person 0.444096 676 148 688 177
person 0.444009 1311 152 1335 200
person 0.418533 1595 165 1621 227
person 0.376933 493 159 507 183
person 0.369117 560 150 574 175
person 0.349492 1558 163 1584 227
person 0.336603 1514 167 1537 226
person 0.316152 1497 169 1521 232
person 0.302268 1440 141 1467 202
person 0.301252 1881 267 1917 377
person 0.287988 1187 142 1198 167
person 0.273139 932 228 955 279
person 0.271399 533 124 1919 298
person 0.267223 823 163 833 176
person 0.250383 835 147 844 169
