person 0.993499 1620 266 1690 406
person 0.992689 1431 265 1483 408
person 0.988657 1219 408 1337 605
person 0.982689 1487 317 1578 504
person 0.974047 1087 307 1136 446
person 0.968440 797 239 856 313
person 0.965834 1338 249 1383 358
person 0.908258 619 288 720 412
person 0.889427 925 211 960 291
person 0.882822 42 250 90 338
person 0.843199 447 163 470 197
person 0.790874 1525 223 1560 306
person 0.569952 746 156 760 181
person 0.472862 676 149 688 177
person 0.418699 494 159 508 184
person 0.414457 1595 164 1620 226
person 0.394101 1558 164 1583 227
person 0.393298 1513 167 1537 226
person 0.383015 560 148 575 176
person 0.371835 750 149 764 176
person 0.371121 1497 170 1521 233
person 0.330472 823 164 833 177
person 0.324368 1368 133 1388 180
person 0.318986 339 119 1880 299
person 0.312999 1006 143 1019 163
person 0.309891 1311 155 1333 200
person 0.286497 262 164 279 190
person 0.284896 1441 142 1467 202
person 0.992923 1426 262 1479 411
person 0.991732 1201 392 1332 597
person 0.989145 1336 248 1383 360
person 0.976882 1483 316 1575 505
person 0.969450 1621 266 1684 407
person 0.943755 792 240 848 314
person 0.943046 603 289 704 416
person 0.907345 42 248 88 339
person 0.883227 924 206 954 287
person 0.875920 1088 308 1134 447
person 0.836380 446 163 469 197
person 0.807793 1525 225 1560 305
person 0.622775 745 154 760 183
person 0.436428 496 159 510 185
person 0.408395 674 147 688 178
person 0.397244 1497 169 1521 232
person 0.393672 1595 165 1621 227
person 0.391060 833 145 844 173
person 0.384061 560 148 574 176
person 0.383474 1557 165 1582 228
person 0.339043 1513 167 1537 225
person 0.327583 750 148 764 177
person 0.316495 1440 141 1468 202
person 0.310899 1367 132 1388 180
person 0.284467 1873 267 1916 376
