person 0.995195 1176 392 1323 593
person 0.989973 1337 247 1380 359
person 0.980100 1422 260 1475 413
person 0.968069 1622 269 1681 384
person 0.967686 1482 316 1572 505
person 0.912978 922 207 953 286
person 0.909507 1077 313 1127 445
person 0.893724 40 246 85 339
person 0.883352 602 289 679 404
person 0.855569 446 163 470 197
person 0.831931 1524 224 1560 305
person 0.828751 782 241 825 314
person 0.548151 745 155 759 182
person 0.517514 832 144 844 173
person 0.446383 674 146 689 179
person 0.434941 495 159 510 185
person 0.422627 1595 165 1621 226
person 0.421816 1496 169 1522 233
person 0.415683 1513 167 1537 226
person 0.414846 560 148 575 176
person 0.403328 1558 165 1584 228
person 0.351453 1367 131 1387 180
person 0.331449 1439 142 1467 203
person 0.327235 750 148 764 176
person 0.289264 790 259 811 294
person 0.281435 1307 153 1333 199
person 0.996514 1161 392 1320 593
person 0.991356 1335 247 1378 357
person 0.985029 1468 327 1565 511
person 0.974517 1619 266 1676 384
person 0.973460 1407 258 1464 414
person 0.953232 772 236 817 320
person 0.946613 586 283 651 413
person 0.915813 1069 310 1125 445
person 0.903800 1523 222 1558 307
person 0.880267 41 240 85 336
person 0.880260 920 206 950 286
person 0.860664 446 163 470 197
person 0.525248 745 154 759 182
person 0.452386 495 159 509 185
person 0.424781 560 147 575 175
person 0.395022 1512 166 1538 229
person 0.372404 1306 151 1332 199
person 0.368214 1496 168 1522 234
person 0.360167 749 148 762 177
person 0.357005 1595 164 1621 227
person 0.355414 1366 131 1387 181
person 0.349367 673 158 686 179
person 0.334841 832 146 843 173
person 0.316158 1439 141 1468 203
person 0.305862 348 120 1873 299
person 0.284797 1559 165 1585 228
