person 0.995508 1148 393 1294 592
person 0.994570 1402 258 1463 416
person 0.987212 1333 245 1372 356
person 0.984964 1467 327 1563 510
person 0.979310 770 235 809 320
person 0.967503 1616 259 1668 393
person 0.918232 581 291 644 405
person 0.916374 1519 222 1555 307
person 0.914101 35 241 81 334
person 0.862720 918 206 948 286
person 0.861257 1065 308 1122 448
person 0.850412 446 163 470 197
person 0.520384 677 147 691 178
person 0.508517 746 146 761 179
person 0.485387 563 291 612 408
person 0.481436 609 295 655 394
person 0.477191 560 147 575 176
person 0.423066 494 159 509 185
person 0.408149 1595 163 1621 227
person 0.390690 1511 166 1537 229
person 0.355068 1873 244 1919 363
person 0.350020 832 148 843 173
person 0.338140 1496 168 1523 234
person 0.288948 925 230 945 277
person 0.313476 338 122 1882 301
person 0.306992 1366 130 1386 181
person 0.305839 1559 164 1585 227
person 0.272952 1308 153 1332 197
person 0.252837 1439 142 1468 204
person 0.992388 1397 259 1459 420
person 0.989650 1127 394 1269 595
person 0.987990 1464 328 1558 509
person 0.983827 1332 245 1364 357
person 0.966510 552 299 605 413
person 0.962544 588 292 641 398
person 0.958812 1611 271 1664 405
person 0.940205 764 239 802 320
person 0.894316 1516 221 1554 308
person 0.886974 32 241 79 335
person 0.858441 916 207 946 286
person 0.854219 446 163 470 197
person 0.787720 1061 315 1116 441
person 0.609297 1871 245 1917 362
person 0.542761 677 148 691 178
person 0.540369 748 147 762 178
person 0.524165 1012 145 1025 164
person 0.475060 560 147 575 176
person 0.399759 494 159 509 185
person 0.396977 1594 164 1621 226
person 0.386333 831 147 842 171
person 0.377143 1510 167 1537 228
person 0.375555 1496 168 1524 233
person 0.326519 924 228 944 277
person 0.328188 345 120 1885 305
person 0.309144 1364 129 1387 182
person 0.296773 1557 164 1585 227
person 0.291103 1432 131 1472 207
