person 0.993830 1112 388 1231 597
person 0.992045 1457 329 1556 508
person 0.985028 1390 263 1457 415
person 0.979908 542 298 599 418
person 0.974502 1327 245 1364 360
person 0.973862 1609 271 1661 403
person 0.937648 1512 230 1552 317
person 0.926759 585 296 641 396
person 0.905067 28 245 77 342
person 0.892983 1058 315 1109 442
person 0.866404 758 241 801 318
person 0.863078 446 163 469 196
person 0.838089 911 211 946 291
person 0.504312 494 159 508 185
person 0.497168 747 147 762 179
person 0.489775 677 148 690 177
person 0.454667 560 148 574 176
person 0.430518 1867 246 1915 362
person 0.379010 1594 164 1620 226
person 0.374898 1509 166 1536 228
person 0.367168 829 146 840 170
person 0.365373 674 158 686 179
person 0.351044 1497 167 1524 232
person 0.299443 350 119 1872 309
person 0.288799 1012 143 1024 163
person 0.285781 1558 164 1585 227
person 0.996792 1104 388 1208 599
person 0.990283 1456 331 1552 508
person 0.987966 1325 245 1360 359
person 0.966697 1608 259 1658 397
person 0.946065 533 300 598 417
person 0.944162 23 245 77 342
person 0.929642 910 210 946 291
person 0.927901 571 296 639 394
person 0.919654 1509 223 1549 307
person 0.917697 744 239 791 313
person 0.895406 1382 270 1449 404
person 0.848036 445 163 469 197
person 0.847296 1055 305 1101 455
person 0.540936 676 148 690 178
person 0.535378 746 147 761 179
person 0.462346 492 160 506 185
person 0.425230 560 148 575 176
person 0.365541 1510 166 1539 228
person 0.343865 1595 164 1621 225
person 0.256809 922 233 944 275
person 0.291234 373 117 1848 307
person 0.290125 1009 143 1020 162
person 0.286266 828 147 839 171
person 0.265817 1496 169 1524 230
person 0.255030 1365 128 1387 180
