person 0.994203 1091 386 1193 597
person 0.988543 1448 329 1554 509
person 0.981146 1321 246 1360 358
person 0.974728 732 236 785 315
person 0.969384 1605 271 1659 401
person 0.959177 19 248 79 340
person 0.920054 562 296 641 394
person 0.918596 520 296 579 415
person 0.911784 1507 226 1546 306
person 0.893247 1371 268 1461 411
person 0.875512 907 213 947 289
person 0.864695 446 164 469 197
person 0.830474 1054 300 1095 463
person 0.633435 745 145 761 180
person 0.633066 680 148 693 177
person 0.528081 559 146 576 177
person 0.420195 1510 167 1538 229
person 0.397879 1595 166 1620 225
person 0.391748 493 159 507 184
person 0.357567 562 286 592 323
person 0.327356 920 230 945 278
person 0.335602 1559 165 1585 228
person 0.291575 1497 168 1523 231
person 0.289509 1303 151 1325 198
person 0.258136 869 147 879 163
person 0.993656 1072 381 1189 594
person 0.989137 1445 326 1554 511
person 0.979107 1315 247 1353 359
person 0.961052 18 248 79 339
person 0.953674 1502 220 1545 311
person 0.950228 1604 264 1657 391
person 0.939844 723 236 782 316
person 0.872691 1370 264 1420 390
person 0.868261 446 163 470 196
person 0.851947 906 213 947 288
person 0.793996 512 293 574 403
person 0.764821 554 301 634 385
person 0.730228 745 145 760 179
person 0.640176 680 148 693 177
person 0.621686 560 145 576 177
person 0.466261 518 289 623 413
person 0.435730 494 159 508 184
person 0.365344 1512 166 1539 226
person 0.343879 1595 164 1620 225
person 0.336160 826 148 835 168
person 0.334388 1559 165 1585 227
person 0.323930 615 145 626 173
person 0.312892 869 147 879 163
person 0.304067 1303 147 1325 196
person 0.300927 1439 143 1466 203
person 0.287225 628 145 639 174
person 0.282381 1048 311 1087 418
person 0.275267 1367 128 1388 177
person 0.263817 1497 169 1523 227
person 0.257904 525 150 539 175
person 0.253950 380 121 1840 300
