person 0.994536 1068 381 1178 594
person 0.993074 1445 326 1551 512
person 0.959846 14 250 77 338
person 0.947369 1601 268 1659 402
person 0.940960 507 291 562 406
person 0.935386 1313 248 1351 359
person 0.934343 1359 267 1420 406
person 0.929437 1500 221 1541 309
person 0.889147 446 163 470 197
person 0.850226 899 212 937 290
person 0.833531 1043 308 1086 425
person 0.804017 714 232 753 318
person 0.791231 744 144 760 180
person 0.732968 548 282 588 363
person 0.664819 681 148 693 176
person 0.589090 560 146 576 177
person 0.588667 823 146 835 172
person 0.450807 494 159 509 184
person 0.447718 1839 266 1901 371
person 0.436613 1594 165 1620 225
person 0.404731 1558 165 1584 229
person 0.393653 1510 166 1538 226
person 0.348076 1368 131 1388 177
person 0.329343 1497 168 1523 227
person 0.313435 615 145 626 173
person 0.311212 1300 146 1323 195
person 0.296157 1439 143 1467 202
person 0.282626 628 146 639 174
person 0.985655 1444 326 1548 513
person 0.978985 1053 384 1180 579
person 0.967097 499 290 557 404
person 0.962123 1501 220 1543 311
person 0.955443 13 249 75 339
person 0.953301 1353 266 1415 407
person 0.939146 707 235 745 319
person 0.921524 898 212 938 290
person 0.907843 1313 252 1350 354
person 0.861808 445 162 470 197
person 0.859112 1604 266 1652 387
person 0.792716 1836 248 1902 363
person 0.746365 541 284 582 362
person 0.723866 746 145 760 178
person 0.683288 682 148 693 174
person 0.616286 560 144 578 177
person 0.521563 822 147 833 171
person 0.498146 1595 164 1621 226
person 0.482606 1039 304 1081 425
person 0.474626 491 159 507 184
person 0.457951 1041 313 1137 560
person 0.405412 1559 165 1585 228
person 0.374015 1513 166 1540 224
person 0.352742 628 146 639 174
person 0.342950 1497 169 1523 225
person 0.342327 1369 130 1389 175
person 0.340472 1438 144 1466 201
person 0.294916 615 145 626 172
person 0.284818 1300 147 1323 194
