person 0.997174 986 264 1040 407
person 0.994666 621 270 670 386
person 0.989343 902 278 950 409
person 0.985761 850 236 884 325
person 0.953846 1177 228 1208 330
person 0.911222 1414 224 1455 321
person 0.856401 1631 206 1676 313
person 0.855840 1093 239 1134 354
person 0.814854 493 166 511 197
person 0.795332 968 225 990 288
person 0.700694 675 162 691 191
person 0.697841 1376 190 1400 255
person 0.645043 1290 206 1328 301
person 0.630517 555 163 571 192
person 0.626089 439 185 461 208
person 0.592236 682 219 714 294
person 0.578563 527 162 542 190
person 0.495789 1721 205 1761 311
person 0.428716 238 127 1683 312
person 0.417257 599 160 612 184
person 0.391614 643 162 657 188
person 0.384356 1264 209 1305 296
person 0.365046 1081 222 1113 348
person 0.329408 697 232 721 278
person 0.251813 0 264 22 294
person 0.261045 229 163 247 196
person 0.255264 1268 216 1295 266
person 0.996252 985 268 1039 403
person 0.995372 621 269 670 386
person 0.994273 900 278 953 413
person 0.984406 853 236 886 324
person 0.934976 1180 228 1211 329
person 0.919026 1093 236 1137 355
person 0.890236 1423 225 1463 319
person 0.859505 1631 206 1675 311
person 0.809269 492 166 510 197
person 0.791554 968 224 991 285
person 0.725367 1375 190 1399 256
person 0.715648 674 161 692 191
person 0.627308 687 217 721 293
person 0.585406 439 185 461 208
person 0.537539 557 162 572 189
person 0.532571 597 159 610 185
person 0.531669 1721 202 1761 311
person 0.522384 530 161 544 189
person 0.483426 248 122 1672 313
person 0.449150 1288 209 1325 301
person 0.356185 643 161 658 187
person 0.261542 696 234 720 278
person 0.268315 1800 197 1837 277
person 0.252271 229 163 247 195
person 0.250087 685 220 710 271
