person 0.984917 1447 325 1541 513
person 0.971830 698 236 738 322
person 0.966623 1030 377 1158 574
person 0.960122 1348 262 1399 392
person 0.945571 896 212 937 290
person 0.945250 514 286 577 396
person 0.940155 10 249 73 340
person 0.921127 483 293 537 394
person 0.919103 1307 249 1344 354
person 0.878914 1499 213 1540 313
person 0.874739 445 162 470 197
person 0.803019 1597 267 1642 384
person 0.786265 1832 250 1901 360
person 0.776406 1032 295 1075 434
person 0.741034 746 145 760 177
person 0.705021 679 146 692 175
person 0.620085 822 146 834 171
person 0.581158 560 145 578 176
person 0.543113 1594 164 1620 227
person 0.468386 492 159 508 184
person 0.447994 627 144 640 174
person 0.443719 1298 146 1321 195
person 0.398958 1558 164 1583 229
person 0.385207 1438 142 1466 201
person 0.360502 1369 130 1389 176
person 0.309268 1513 167 1540 226
person 0.283758 615 145 627 172
person 0.259731 1497 170 1523 225
person 0.260125 1043 145 1054 163
person 0.985961 1445 327 1537 511
person 0.982132 1023 376 1145 570
person 0.966990 691 236 731 321
person 0.942316 895 211 932 292
person 0.929881 9 250 74 340
person 0.927878 478 293 523 395
person 0.927125 522 288 569 389
person 0.892122 1305 249 1339 355
person 0.864453 1595 266 1641 384
person 0.845076 445 162 471 197
person 0.834740 1498 216 1538 313
person 0.818879 1331 272 1384 373
person 0.664395 746 145 761 177
person 0.626210 1025 303 1072 424
person 0.603717 680 145 693 175
person 0.596738 560 144 578 177
person 0.586935 1594 165 1620 226
person 0.560063 1826 248 1899 363
person 0.529480 822 149 833 171
person 0.524806 1298 146 1321 194
person 0.432326 1558 164 1584 228
person 0.410477 864 148 873 165
person 0.400020 1439 143 1467 201
person 0.398318 1369 130 1388 175
person 0.360916 627 143 639 174
person 0.335219 1514 167 1540 225
person 0.332719 1496 169 1523 226
person 0.329425 492 158 508 184
person 0.271432 615 144 627 172
person 0.266899 338 123 1873 290
