person 0.990004 1442 327 1534 511
person 0.981770 1004 389 1125 575
person 0.947457 511 288 567 387
person 0.937628 468 292 514 401
person 0.931015 7 250 75 340
person 0.931658 1583 268 1646 405
person 0.903763 894 210 931 292
person 0.853276 445 162 471 197
person 0.844401 682 236 728 323
person 0.824342 1323 270 1380 380
person 0.800030 1024 306 1070 424
person 0.770952 1499 213 1536 313
person 0.690986 1593 165 1619 227
person 0.688060 745 145 760 177
person 0.650926 1826 247 1892 362
person 0.603304 560 145 578 177
person 0.600687 683 147 695 175
person 0.597095 1305 249 1339 356
person 0.576189 1298 147 1321 195
person 0.561225 819 147 830 171
person 0.533842 1558 164 1583 228
person 0.424651 491 158 508 185
person 0.392431 1439 144 1467 201
person 0.361434 627 143 639 174
person 0.355255 1369 131 1387 175
person 0.350095 1514 167 1540 225
person 0.342484 1045 143 1056 163
person 0.296560 1497 169 1523 226
person 0.251149 1307 251 1334 305
person 0.988128 1006 391 1094 578
person 0.987261 1439 323 1526 513
person 0.956166 1582 269 1646 405
person 0.928791 666 240 721 319
person 0.909557 1 251 59 340
person 0.908696 892 210 930 293
person 0.881945 496 284 560 389
person 0.883156 1319 264 1377 387
person 0.873436 450 293 500 402
person 0.827240 1491 213 1526 311
person 0.824813 444 162 470 196
person 0.821027 1020 307 1063 424
person 0.656918 748 146 762 177
person 0.637979 1593 164 1619 226
person 0.626445 559 145 577 177
person 0.622996 1302 251 1336 355
person 0.570432 684 148 696 174
person 0.551264 1824 249 1889 361
person 0.537975 820 148 830 170
person 0.509723 1558 163 1583 228
person 0.423819 1298 146 1320 195
person 0.419837 860 145 870 163
person 0.410016 1438 144 1467 200
person 0.380594 493 158 509 184
person 0.373679 1369 129 1388 175
person 0.365431 627 144 639 174
person 0.302519 1514 167 1539 226
person 0.293817 1496 169 1522 227
person 0.294205 1048 144 1059 162
person 0.288898 615 144 627 172
person 0.267652 327 120 1886 289
person 0.259804 522 150 538 175
