person 0.980675 1443 324 1517 513
person 0.969845 658 236 711 320
person 0.965233 997 385 1063 573
person 0.942838 892 210 925 292
person 0.933098 487 279 554 377
person 0.931565 1316 255 1371 398
person 0.925870 441 292 493 400
person 0.920590 2 251 58 341
person 0.911817 1579 269 1641 403
person 0.867551 1490 218 1526 310
person 0.851764 445 161 471 197
person 0.804782 1015 308 1059 422
person 0.685683 747 146 761 176
person 0.656111 559 145 577 177
person 0.631208 1802 248 1879 361
person 0.575234 1593 164 1619 226
person 0.569159 1302 250 1332 352
person 0.540958 683 147 696 175
person 0.436615 1557 162 1583 226
person 0.421280 1367 128 1387 177
person 0.391940 492 158 509 185
person 0.374474 626 144 639 174
person 0.371549 1439 144 1468 200
person 0.357046 1298 145 1320 195
person 0.341661 823 148 833 170
person 0.329144 1046 142 1057 161
person 0.326068 1513 166 1538 225
person 0.322022 615 144 628 172
person 0.303006 1496 169 1523 228
person 0.991877 988 378 1055 572
person 0.984505 435 288 491 409
person 0.960874 1576 269 1639 404
person 0.950920 648 238 708 320
person 0.943448 1 250 58 341
person 0.931147 486 279 537 372
person 0.929162 1445 325 1514 512
person 0.924554 1311 250 1368 399
person 0.916316 1489 215 1525 311
person 0.866174 889 208 924 294
person 0.799496 445 161 471 197
person 0.799197 1002 304 1050 419
person 0.686657 747 145 761 176
person 0.678316 682 145 697 176
person 0.659782 1804 273 1870 369
person 0.607710 559 144 577 177
person 0.581456 1297 256 1338 387
person 0.488117 857 146 868 165
person 0.474935 1593 164 1619 226
person 0.455785 1296 148 1317 197
person 0.393872 1557 163 1583 227
person 0.388777 1368 128 1388 177
person 0.369766 491 158 508 185
person 0.351587 626 143 640 174
person 0.328889 1440 145 1469 200
person 0.323121 1513 166 1539 225
person 0.290361 615 143 628 173
person 0.287604 827 149 836 167
person 0.268788 821 162 831 177
person 0.253467 1496 169 1523 227
