person 0.993750 419 287 487 404
person 0.976925 971 375 1048 572
person 0.972991 475 278 521 370
person 0.953635 1 249 54 340
person 0.952570 1575 268 1637 404
person 0.936184 887 205 918 287
person 0.929847 1488 218 1523 309
person 0.928404 1296 261 1350 387
person 0.903598 1803 264 1869 372
person 0.902687 1438 326 1507 510
person 0.840767 999 304 1046 414
person 0.812099 445 161 470 195
person 0.763223 639 237 677 320
person 0.695687 749 146 763 175
person 0.588791 558 145 577 177
person 0.567237 683 146 697 175
person 0.544481 820 149 830 170
person 0.534036 1295 149 1315 196
person 0.530617 1593 163 1619 226
person 0.440211 1558 161 1583 227
person 0.436582 490 158 508 184
person 0.429293 857 145 867 164
person 0.415952 1439 144 1469 200
person 0.388994 1511 166 1537 226
person 0.385593 1496 169 1524 228
person 0.346043 1048 141 1059 160
person 0.318974 893 216 914 268
person 0.316197 1297 245 1325 285
person 0.317078 625 144 639 174
person 0.303174 1366 129 1386 176
person 0.296952 615 144 629 173
person 0.254403 319 123 1900 288
person 0.987748 957 374 1040 571
person 0.980507 1292 259 1350 389
person 0.974018 403 285 471 406
person 0.948653 464 278 509 374
person 0.941677 1573 273 1632 399
person 0.940231 0 250 47 340
person 0.934347 996 306 1040 415
person 0.933038 1487 217 1521 308
person 0.928339 1804 259 1862 373
person 0.911655 1436 324 1503 512
person 0.891346 886 206 915 286
person 0.814701 444 161 471 196
person 0.766398 632 240 668 322
person 0.628596 747 144 762 176
person 0.576050 559 145 577 176
person 0.548707 683 145 697 175
person 0.512521 1296 148 1315 196
person 0.474409 640 254 663 299
person 0.488579 1593 164 1619 227
person 0.439822 1558 162 1585 228
person 0.411029 1511 166 1537 224
person 0.387678 1496 169 1524 225
person 0.380721 1047 140 1059 160
person 0.365511 490 158 507 184
person 0.253619 893 232 912 276
person 0.339703 1440 144 1469 200
person 0.333263 823 148 832 167
person 0.302927 310 126 1909 296
person 0.296205 1366 129 1387 178
person 0.294889 626 143 639 174
person 0.264034 615 143 628 172
person 0.250432 523 150 539 174
