person 0.992145 400 285 461 399
person 0.989065 941 371 1043 567
person 0.986505 1286 255 1340 390
person 0.967952 623 235 657 321
person 0.967451 988 302 1036 420
person 0.959275 1572 265 1623 390
person 0.939282 1804 258 1858 374
person 0.933368 1485 219 1519 307
person 0.929351 882 207 913 286
person 0.905725 455 277 498 381
person 0.904395 0 248 43 341
person 0.870349 444 162 471 196
person 0.855840 1434 323 1499 513
person 0.717207 749 146 763 175
person 0.668789 559 145 578 177
person 0.579824 683 146 697 176
person 0.545991 488 158 506 185
person 0.493683 1593 165 1619 227
person 0.449644 1558 162 1584 228
person 0.416329 1495 168 1525 228
person 0.411032 1439 143 1470 201
person 0.408766 1295 138 1316 186
person 0.400943 1366 129 1387 179
person 0.399569 1510 165 1537 225
person 0.369551 822 162 833 178
person 0.347906 615 144 628 173
person 0.322529 826 148 835 165
person 0.310128 625 144 638 175
person 0.286455 524 150 539 174
person 0.272831 285 125 1919 289
person 0.263284 1297 244 1321 281
person 0.992958 1281 242 1328 398
person 0.990185 393 286 450 402
person 0.989776 925 373 1039 561
person 0.980584 983 301 1033 421
person 0.972586 1568 264 1623 390
person 0.949266 617 236 651 322
person 0.944839 1483 218 1517 308
person 0.941233 1804 258 1856 373
person 0.930874 880 206 913 287
person 0.929911 1429 321 1498 515
person 0.923756 454 281 493 373
person 0.867886 0 246 36 344
person 0.857989 444 162 472 198
person 0.674208 749 145 763 175
person 0.640621 683 145 697 177
person 0.621527 559 146 577 177
person 0.545485 1593 164 1619 227
person 0.469523 488 158 507 185
person 0.443467 1557 162 1583 227
person 0.416116 1496 167 1524 226
person 0.397961 1439 143 1469 200
person 0.396800 1509 166 1535 224
person 0.386942 626 144 639 176
person 0.281836 889 233 911 276
person 0.330892 1366 128 1387 178
person 0.328555 615 144 628 173
person 0.324316 1294 143 1316 195
person 0.316232 1048 140 1059 159
person 0.301674 297 121 1919 293
person 0.298632 524 150 540 174
person 0.298275 825 148 834 166
person 0.276971 852 146 862 165
