person 0.995420 387 281 443 407
person 0.994673 1278 239 1323 402
person 0.991940 980 299 1029 421
person 0.983483 913 375 1025 553
person 0.973024 1567 264 1621 390
person 0.966957 1480 217 1512 310
person 0.953445 1429 324 1492 512
person 0.941090 1803 257 1854 373
person 0.937630 439 279 481 375
person 0.936496 877 210 914 292
person 0.847772 606 236 643 315
person 0.812556 443 162 472 198
person 0.809580 0 239 38 333
person 0.660801 751 145 765 175
person 0.654058 683 146 697 176
person 0.614541 559 146 578 177
person 0.578363 825 147 836 168
person 0.555524 1593 164 1619 228
person 0.492909 1292 145 1315 195
person 0.469077 1558 161 1584 228
person 0.457170 489 158 507 185
person 0.448493 626 145 639 175
person 0.437222 1496 167 1524 224
person 0.434559 1510 166 1535 223
person 0.389119 1440 144 1468 200
person 0.351436 301 119 1919 289
person 0.334851 615 144 628 173
person 0.334160 1367 128 1389 178
person 0.311395 1048 141 1060 160
person 0.283115 850 143 859 162
person 0.274663 524 150 539 174
person 0.987570 975 297 1026 423
person 0.986901 381 281 442 404
person 0.979333 895 370 1014 552
person 0.971327 587 238 644 322
person 0.965951 428 278 475 378
person 0.953943 875 211 913 291
person 0.938585 1426 325 1489 512
person 0.929708 1802 246 1851 362
person 0.917411 1475 219 1510 310
person 0.899383 1273 236 1318 405
person 0.869249 1566 264 1617 389
person 0.813735 443 161 471 198
person 0.751925 0 238 32 334
person 0.733130 683 144 697 177
person 0.687466 750 146 764 175
person 0.639317 559 145 577 177
person 0.579851 1290 145 1313 197
person 0.569460 824 147 835 167
person 0.562754 1593 164 1619 227
person 0.516776 1557 161 1584 228
person 0.500208 489 158 508 185
person 0.455605 1496 167 1523 223
person 0.411312 1510 166 1535 223
person 0.384118 1439 145 1467 202
person 0.380337 295 117 1919 287
person 0.379649 1368 128 1389 179
person 0.378439 625 143 639 175
person 0.309179 615 144 628 173
person 0.298011 851 144 861 164
person 0.297339 523 149 539 174
person 0.270569 1048 141 1060 158
person 0.266132 1000 141 1009 158
