person 0.988493 888 373 1002 548
person 0.988331 367 279 432 408
person 0.984823 964 296 1020 418
person 0.966086 577 238 636 321
person 0.965277 1417 327 1487 511
person 0.964389 415 277 481 379
person 0.962616 1255 248 1312 398
person 0.945798 1471 218 1505 310
person 0.943401 871 212 912 290
person 0.941788 1801 245 1848 363
person 0.931121 1558 263 1606 389
person 0.850986 444 162 471 197
person 0.741999 0 236 25 353
person 0.732319 387 284 462 391
person 0.717911 828 145 839 169
person 0.639528 685 144 699 177
person 0.636344 558 145 576 176
person 0.630922 1593 164 1619 228
person 0.612130 745 144 758 174
person 0.534767 1291 146 1311 197
person 0.500929 1497 166 1522 223
person 0.498375 1558 161 1584 227
person 0.438131 1279 237 1316 371
person 0.433856 1510 166 1534 222
person 0.415679 1369 129 1389 177
person 0.407637 625 140 640 177
person 0.401886 1441 145 1467 200
person 0.371896 1050 139 1063 159
person 0.362858 302 119 1916 282
person 0.321414 1903 213 1919 266
person 0.322759 494 158 511 184
person 0.309243 523 148 539 176
person 0.989979 957 300 1015 416
person 0.988965 363 280 421 401
person 0.981510 876 372 973 548
person 0.977932 1554 262 1607 394
person 0.971370 1412 329 1482 509
person 0.967790 1250 244 1304 403
person 0.957223 869 212 911 290
person 0.946770 1468 219 1505 310
person 0.901972 1793 272 1843 369
person 0.889235 412 279 468 375
person 0.847910 443 161 471 198
person 0.767376 0 235 23 356
person 0.747003 567 243 626 315
person 0.727401 1282 245 1318 362
person 0.678888 1593 163 1619 228
person 0.647854 684 145 699 177
person 0.617501 560 146 577 177
person 0.598153 748 145 762 175
person 0.506625 1558 160 1583 227
person 0.505587 823 147 833 168
person 0.473407 1498 165 1522 221
person 0.434215 304 120 1910 289
person 0.430307 626 145 639 178
person 0.416120 1369 129 1389 177
person 0.414200 1511 165 1533 223
person 0.397297 1441 143 1467 200
person 0.387735 1293 146 1312 194
person 0.358827 1903 212 1919 270
person 0.342333 611 142 625 175
person 0.312788 492 157 509 185
person 0.278356 524 148 540 175
person 0.275237 1735 195 1766 228
person 0.268234 983 139 994 158
person 0.258486 1192 142 1203 165
