person 0.987674 955 302 1010 417
person 0.985180 361 283 415 399
person 0.984006 1406 331 1478 509
person 0.978616 866 375 958 545
person 0.973795 1550 263 1606 392
person 0.956503 1241 248 1298 398
person 0.938154 867 214 912 288
person 0.933329 1467 219 1502 311
person 0.879740 562 236 597 326
person 0.864554 1281 249 1316 358
person 0.862008 444 163 471 197
person 0.823805 403 279 452 368
person 0.809577 1790 268 1840 369
person 0.757731 0 236 23 357
person 0.716080 567 146 583 175
person 0.678271 828 146 839 168
person 0.667276 1593 164 1620 228
person 0.568692 685 147 699 176
person 0.507640 750 146 763 175
person 0.507950 626 146 639 177
person 0.487366 1498 167 1521 219
person 0.439114 275 120 1919 288
person 0.423328 1558 161 1583 226
person 0.361847 1292 146 1312 194
person 0.353976 1442 147 1466 200
person 0.353223 1511 167 1532 221
person 0.349725 524 149 540 174
person 0.348418 1369 130 1387 175
person 0.315798 491 159 508 185
person 0.280087 1735 195 1767 228
person 0.262519 1904 210 1918 268
person 0.253197 612 145 625 174
person 0.250921 1051 141 1064 159
person 0.992986 950 300 998 419
person 0.989301 1396 331 1475 509
person 0.984140 1551 262 1605 393
person 0.982531 857 371 942 550
person 0.977484 347 280 409 392
person 0.953974 547 237 588 325
person 0.947156 1236 253 1297 392
person 0.942158 857 213 904 289
person 0.927590 1465 219 1501 311
person 0.923222 1280 247 1315 357
person 0.896107 442 162 470 197
person 0.876728 392 278 438 362
person 0.737418 1792 244 1836 363
person 0.688697 557 145 577 176
person 0.677582 1593 164 1620 227
person 0.667687 685 147 700 176
person 0.629063 751 146 764 175
person 0.554243 0 234 25 367
person 0.538405 1558 161 1583 227
person 0.524517 1497 165 1521 222
person 0.515533 822 148 833 169
person 0.452764 625 145 639 177
person 0.443542 1511 166 1534 224
person 0.429685 491 158 509 185
person 0.390675 1291 146 1312 196
person 0.366635 306 118 1912 294
person 0.351651 615 144 628 173
person 0.351167 1370 129 1388 174
person 0.317200 1733 194 1769 229
person 0.301746 1442 145 1466 201
person 0.269554 1777 176 1805 225
person 0.255032 1903 208 1918 269
person 0.252197 522 148 537 175
