person 0.992610 947 299 994 419
person 0.987555 1389 331 1475 510
person 0.984783 1550 265 1602 389
person 0.969090 335 278 389 397
person 0.945144 858 212 903 290
person 0.941321 1218 250 1280 389
person 0.917021 1463 218 1499 311
person 0.900811 844 361 919 545
person 0.894899 441 161 470 198
person 0.875086 358 282 426 389
person 0.858000 1277 246 1314 356
person 0.789072 1791 248 1834 363
person 0.695135 749 146 764 176
person 0.676441 1593 165 1620 227
person 0.666071 686 147 700 177
person 0.662560 540 241 578 323
person 0.536095 823 147 834 172
person 0.535633 1497 166 1521 221
person 0.524743 0 239 28 362
person 0.517599 557 145 576 177
person 0.487036 1511 167 1534 223
person 0.476271 1557 163 1582 226
person 0.438880 626 146 639 177
person 0.386965 551 254 576 302
person 0.393293 1290 150 1310 195
person 0.377167 488 157 506 184
person 0.341020 307 119 1908 294
person 0.338476 615 145 628 173
person 0.291021 526 149 543 176
person 0.274445 1735 194 1768 228
person 0.257535 1778 175 1805 226
person 0.987612 329 280 381 398
person 0.986960 1389 333 1474 509
person 0.984807 944 296 988 421
person 0.978468 1548 265 1602 388
person 0.976197 1216 248 1271 388
person 0.971331 840 358 913 546
person 0.967710 856 212 901 289
person 0.923712 1267 244 1308 360
person 0.901930 1463 219 1498 310
person 0.885259 440 161 469 198
person 0.875214 531 245 567 328
person 0.840457 379 280 420 373
person 0.765850 1791 248 1835 363
person 0.678348 1593 165 1620 226
person 0.642440 749 147 763 174
person 0.591963 686 147 699 177
person 0.575784 1511 166 1536 225
person 0.556160 518 157 537 187
person 0.527518 558 147 577 177
person 0.511916 1498 165 1522 224
person 0.498764 819 148 831 170
person 0.469348 626 146 639 177
person 0.441466 276 117 1919 296
person 0.435043 1557 164 1581 223
person 0.433445 497 157 516 184
person 0.371422 871 148 882 166
person 0.370525 1371 124 1392 175
person 0.341276 1288 149 1310 196
person 0.296803 230 157 251 192
person 0.291279 1779 176 1808 226
person 0.252306 1733 194 1770 228
