person 0.993675 1212 239 1265 397
person 0.988391 320 283 373 403
person 0.988103 1382 333 1473 509
person 0.980779 1548 261 1598 393
person 0.980027 832 358 907 540
person 0.972616 1266 242 1309 358
person 0.959153 942 298 986 420
person 0.950971 854 212 898 289
person 0.933125 519 241 561 330
person 0.924286 368 277 408 378
person 0.876121 439 160 467 198
person 0.862566 1463 218 1497 311
person 0.741541 1780 249 1826 361
person 0.638364 687 146 700 176
person 0.621851 1593 165 1621 225
person 0.566766 1510 167 1536 225
person 0.527174 749 146 762 173
person 0.518544 558 148 576 177
person 0.510623 821 146 833 172
person 0.499663 1497 166 1522 226
person 0.422455 626 146 639 177
person 0.383190 524 149 539 176
person 0.363241 1371 125 1392 175
person 0.360109 256 119 1919 297
person 0.320700 498 159 517 188
person 0.310078 1287 147 1309 197
person 0.294602 1559 165 1583 222
person 0.263754 1734 194 1768 229
person 0.997086 1199 249 1254 392
person 0.991846 313 282 367 401
person 0.990557 1379 333 1471 509
person 0.990124 821 351 901 544
person 0.986724 356 274 400 378
person 0.973184 1268 246 1307 355
person 0.972666 1543 258 1594 396
person 0.972389 506 238 554 329
person 0.972030 929 290 980 421
person 0.945961 855 212 896 290
person 0.891583 1456 219 1487 309
person 0.889025 1778 247 1825 366
person 0.861827 439 160 466 198
person 0.689294 686 147 700 177
person 0.592741 749 147 763 174
person 0.592551 1594 165 1621 226
person 0.557593 1510 167 1536 225
person 0.557389 822 146 834 169
person 0.520736 1497 166 1522 226
person 0.487167 558 149 576 177
person 0.469829 626 147 639 177
person 0.394263 271 118 1919 291
person 0.383627 523 149 538 176
person 0.371584 1557 166 1582 224
person 0.342621 1288 148 1308 196
person 0.311081 822 161 834 178
person 0.304144 495 155 510 182
person 0.285901 1370 126 1391 174
