person 0.996153 984 269 1038 404
person 0.995132 620 269 670 387
person 0.993476 900 281 954 412
person 0.980677 855 236 888 325
person 0.971254 1180 229 1213 328
person 0.942202 1093 240 1139 354
person 0.873029 1423 227 1462 318
person 0.859154 1629 206 1676 313
person 0.849656 968 224 992 285
person 0.781009 492 166 510 197
person 0.744373 1374 189 1400 256
person 0.680482 674 160 691 191
person 0.652324 687 218 722 294
person 0.608455 528 162 543 191
person 0.605681 439 185 461 208
person 0.584745 558 163 573 192
person 0.577208 597 160 611 186
person 0.514039 234 124 1691 308
person 0.512629 1293 208 1326 303
person 0.476927 1720 203 1761 311
person 0.395148 643 160 657 186
person 0.321392 696 232 721 280
person 0.302407 1268 231 1294 282
person 0.290479 1296 210 1319 267
person 0.285499 1800 197 1837 277
person 0.259926 685 220 709 271
person 0.998275 904 280 956 411
person 0.996305 985 265 1037 408
person 0.994353 620 268 670 388
person 0.991560 855 236 891 324
person 0.956646 1181 231 1213 329
person 0.946220 1092 239 1142 353
person 0.941237 1425 228 1462 320
person 0.855006 969 224 991 287
person 0.840323 1627 205 1677 313
person 0.788246 492 166 511 197
person 0.748255 1373 190 1399 256
person 0.654967 1720 201 1762 311
person 0.604893 684 228 710 280
person 0.607006 527 162 542 190
person 0.594527 1291 201 1321 289
person 0.586289 673 160 691 190
person 0.571860 439 185 461 208
person 0.541228 561 163 576 189
person 0.534117 259 126 1676 306
person 0.521118 597 159 610 184
person 0.418995 1801 196 1838 276
person 0.368601 696 233 720 280
person 0.377574 642 160 656 186
person 0.275241 1066 206 1094 309
