person 0.995521 1196 257 1247 388
person 0.993341 804 353 894 538
person 0.993183 1373 335 1472 508
person 0.985113 310 282 375 395
person 0.980889 352 273 397 377
person 0.973066 922 296 978 417
person 0.970453 1265 247 1304 353
person 0.964629 495 239 547 332
person 0.963341 1541 259 1589 396
person 0.943706 856 210 892 291
person 0.919708 1453 219 1486 309
person 0.915865 1774 246 1822 367
person 0.794488 439 160 467 197
person 0.644454 1594 164 1621 227
person 0.627008 750 147 764 176
person 0.602951 688 147 701 176
person 0.563168 1497 168 1522 227
person 0.540439 558 147 575 177
person 0.497421 626 144 639 178
person 0.480234 820 148 831 170
person 0.449987 1368 125 1390 175
person 0.411593 1510 168 1535 225
person 0.409082 273 119 1919 295
person 0.384772 496 155 513 183
person 0.347519 1557 165 1582 224
person 0.292945 1778 176 1807 226
person 0.271296 525 149 539 176
person 0.270117 702 146 713 174
person 0.258741 1289 147 1309 195
person 0.255530 821 161 834 177
person 0.996161 1181 252 1239 387
person 0.993984 1371 333 1469 508
person 0.990375 917 297 978 417
person 0.990084 795 355 883 535
person 0.975972 1258 247 1296 355
person 0.964160 1538 262 1585 393
person 0.964143 294 280 356 395
person 0.963099 1451 218 1483 309
person 0.962547 336 276 389 382
person 0.951894 854 209 888 293
person 0.918280 1763 256 1818 375
person 0.831403 488 246 533 326
person 0.814727 443 163 470 199
person 0.598239 746 145 761 177
person 0.523526 820 149 832 172
person 0.514242 558 145 575 178
person 0.511594 1592 164 1620 229
person 0.443647 1497 168 1520 226
person 0.425194 626 145 640 178
person 0.421105 273 120 1919 294
person 0.417373 689 147 702 176
person 0.384266 701 145 715 175
person 0.358450 1557 163 1583 228
person 0.303334 1512 169 1534 225
person 0.299128 823 159 835 179
person 0.273230 865 148 875 164
person 0.271582 494 158 510 184
