person 0.997513 1175 244 1232 399
person 0.994694 914 295 971 418
person 0.994315 1255 246 1293 354
person 0.993964 784 360 881 526
person 0.993187 1369 331 1468 509
person 0.983099 292 284 350 393
person 0.975714 1533 264 1582 392
person 0.962275 1449 218 1480 311
person 0.945855 851 209 886 293
person 0.941022 1768 247 1811 365
person 0.911163 342 279 383 372
person 0.823017 444 163 471 200
person 0.635675 474 247 522 323
person 0.535893 482 257 515 304
person 0.490235 746 147 760 176
person 0.476434 560 145 577 178
person 0.474173 689 148 701 175
person 0.459471 825 159 837 180
person 0.453122 267 119 1919 290
person 0.401175 1496 168 1521 230
person 0.380501 823 149 834 172
person 0.348570 703 146 715 175
person 0.341452 1893 204 1915 263
person 0.340984 0 245 26 357
person 0.340129 627 146 640 177
person 0.337958 1368 131 1387 175
person 0.337136 1593 164 1620 230
person 0.302918 1278 157 1297 195
person 0.996714 1171 248 1228 388
person 0.995381 910 295 965 419
person 0.993591 1370 332 1462 508
person 0.991218 1252 244 1287 354
person 0.976986 781 356 856 525
person 0.967005 1534 264 1579 389
person 0.966634 1449 218 1477 310
person 0.959135 285 283 341 392
person 0.952376 1765 245 1808 364
person 0.938554 332 278 375 371
person 0.910477 849 209 885 293
person 0.814490 445 164 471 199
person 0.724392 464 248 511 323
person 0.554496 746 146 760 176
person 0.471846 689 147 702 175
person 0.458200 1496 167 1522 229
person 0.447622 560 146 578 178
person 0.441614 823 160 836 180
person 0.428652 268 118 1919 296
person 0.361080 855 231 879 279
person 0.392933 1891 209 1916 264
person 0.384740 626 146 639 178
person 0.383805 1593 164 1620 229
person 0.357547 1278 156 1298 198
person 0.351286 702 146 715 174
person 0.297828 819 149 831 172
person 0.272200 1369 131 1388 176
person 0.256468 1557 162 1583 228
person 0.253905 493 160 509 185
person 0.250152 615 145 628 175
