person 0.998144 1159 244 1222 392
person 0.994452 1249 242 1288 356
person 0.990966 771 358 841 532
person 0.990261 1372 332 1458 508
person 0.981926 321 277 361 374
person 0.980958 905 297 960 418
person 0.973615 1531 263 1578 388
person 0.969099 1446 218 1474 310
person 0.963480 1764 244 1807 364
person 0.915586 284 277 328 381
person 0.884440 453 256 495 344
person 0.870353 849 209 883 293
person 0.829671 445 164 471 199
person 0.549688 1593 164 1620 229
person 0.540215 1496 166 1522 230
person 0.527037 748 147 762 176
person 0.525304 561 147 578 177
person 0.489322 819 149 831 172
person 0.458143 689 148 702 175
person 0.412701 271 116 1919 296
person 0.410871 626 146 639 178
person 0.404364 1277 155 1298 198
person 0.383793 494 160 510 185
person 0.370212 701 146 714 176
person 0.318592 854 230 877 278
person 0.298573 615 146 628 176
person 0.296747 821 158 835 180
person 0.286069 1557 162 1583 229
person 0.275133 1368 131 1389 176
person 0.993196 764 362 828 534
person 0.992301 1153 247 1216 387
person 0.987768 1373 333 1449 509
person 0.985490 903 300 953 417
person 0.984586 1247 243 1285 354
person 0.973927 1762 242 1805 364
person 0.967243 319 275 358 374
person 0.952442 1440 219 1471 310
person 0.931252 448 256 487 341
person 0.925667 276 285 325 387
person 0.915332 1525 265 1566 381
person 0.875001 846 212 883 291
person 0.829187 445 164 471 198
person 0.547889 1592 164 1620 228
person 0.534236 819 147 831 172
person 0.529543 1496 167 1522 232
person 0.509612 749 147 762 175
person 0.475497 560 147 577 177
person 0.439390 272 116 1919 295
person 0.423659 1276 155 1298 198
person 0.388866 703 145 715 176
person 0.377464 690 148 702 175
person 0.368134 495 160 511 185
person 0.355470 626 146 639 178
person 0.322257 1 262 22 290
person 0.331862 1890 205 1916 265
person 0.305919 1556 164 1583 229
