person 0.993762 1146 246 1204 383
person 0.986886 890 295 942 417
person 0.986821 1247 245 1282 352
person 0.973545 1760 243 1803 358
person 0.971127 431 252 479 340
person 0.964813 1435 219 1468 309
person 0.961338 1523 265 1565 381
person 0.958677 756 343 804 544
person 0.950410 842 211 880 291
person 0.944197 1374 328 1441 512
person 0.917752 299 277 344 380
person 0.883514 266 276 314 398
person 0.833254 446 164 471 198
person 0.590843 1496 168 1522 231
person 0.523197 1275 155 1297 196
person 0.516041 1593 165 1619 229
person 0.489431 560 147 577 177
person 0.468210 749 148 761 175
person 0.433326 851 230 877 280
person 0.402450 277 116 1919 290
person 0.380011 1889 209 1914 264
person 0.372093 704 147 716 176
person 0.359293 626 146 639 178
person 0.338117 820 148 831 170
person 0.330017 495 160 511 185
person 0.295186 0 262 22 291
person 0.302515 1441 147 1466 202
person 0.302321 1557 163 1582 229
person 0.299189 1369 131 1391 176
person 0.267607 823 160 835 179
person 0.260096 690 150 701 174
person 0.993058 1139 246 1197 383
person 0.983552 1245 244 1280 351
person 0.983428 744 356 805 530
person 0.981404 884 293 938 417
person 0.976402 1755 243 1799 362
person 0.966111 300 275 343 380
person 0.962557 839 212 877 290
person 0.957809 1433 219 1465 311
person 0.952017 1520 263 1565 381
person 0.901210 265 276 310 396
person 0.874128 422 257 471 338
person 0.843617 445 164 471 199
person 0.839266 1374 328 1441 511
person 0.645137 1495 168 1521 232
person 0.585207 703 146 716 176
person 0.550822 750 148 762 174
person 0.526276 1593 166 1620 229
person 0.516714 1275 157 1296 197
person 0.495757 561 148 578 177
person 0.418570 822 162 834 178
person 0.400923 298 115 1919 289
person 0.317188 850 232 873 276
person 0.345936 625 146 639 178
person 0.315581 1557 164 1582 229
person 0.279891 0 262 23 290
person 0.292416 496 160 512 186
person 0.281008 792 147 802 162
person 0.267076 1886 213 1913 264
