person 0.993769 1133 245 1182 386
person 0.989354 730 353 797 523
person 0.984427 1241 245 1278 352
person 0.984310 1517 262 1565 385
person 0.978962 880 286 931 413
person 0.973423 290 272 343 380
person 0.968562 836 212 875 290
person 0.952673 412 261 459 339
person 0.943961 1752 247 1799 359
person 0.939419 1430 220 1463 310
person 0.935947 259 273 313 386
person 0.909597 1373 326 1440 512
person 0.854201 446 164 471 198
person 0.621417 1274 157 1297 198
person 0.600470 703 147 716 175
person 0.597658 1495 168 1521 233
person 0.541981 750 148 763 173
person 0.502222 561 148 578 177
person 0.475956 1593 165 1620 229
person 0.467975 823 164 835 179
person 0.382606 292 115 1919 292
person 0.306138 847 233 871 276
person 0.355731 625 146 639 178
person 0.355233 849 144 861 164
person 0.321338 0 262 23 290
person 0.328255 497 161 513 186
person 0.320589 792 146 803 161
person 0.292868 525 159 540 183
person 0.281743 824 148 835 167
person 0.282205 1557 163 1582 230
person 0.266462 1436 253 1465 302
person 0.273159 1369 131 1390 176
person 0.250161 1878 197 1917 274
person 0.994153 720 353 799 520
person 0.993563 1129 248 1173 386
person 0.990658 1512 261 1565 393
person 0.988823 877 288 925 411
person 0.978187 1241 246 1277 351
person 0.972838 1742 246 1790 366
person 0.964469 834 213 875 291
person 0.957511 256 276 313 380
person 0.952234 1428 220 1461 310
person 0.923132 284 275 337 372
person 0.891308 397 256 454 340
person 0.870697 446 163 471 199
person 0.733566 1495 169 1520 233
person 0.717288 1368 327 1429 512
person 0.655150 1593 166 1620 229
person 0.627773 1275 157 1295 196
person 0.604415 703 148 716 175
person 0.593713 749 147 762 173
person 0.517021 821 162 834 179
person 0.475581 562 149 578 176
person 0.428414 409 253 440 306
person 0.423414 307 116 1911 291
person 0.410605 1558 165 1583 230
person 0.365922 1368 131 1390 177
person 0.299331 819 148 830 170
person 0.295316 625 148 639 178
person 0.291117 972 139 982 159
person 0.271846 0 261 23 290
person 0.287715 526 159 541 182
person 0.278930 497 161 512 187
person 0.263820 1513 170 1536 229
person 0.254240 792 146 803 163
