person 0.991645 1509 258 1561 395
person 0.988283 872 287 921 410
person 0.988100 710 351 795 514
person 0.981541 1739 247 1791 365
person 0.975029 1125 253 1171 383
person 0.972314 1231 249 1270 351
person 0.963114 253 275 306 378
person 0.957024 832 213 874 293
person 0.918154 390 252 439 338
person 0.900225 446 163 471 198
person 0.895462 1426 219 1460 309
person 0.880497 1374 320 1420 495
person 0.850787 281 275 329 365
person 0.668093 1494 170 1520 234
person 0.643787 703 147 716 175
person 0.632259 747 146 760 174
person 0.610490 1593 166 1621 228
person 0.557407 821 163 833 179
person 0.476648 561 148 578 177
person 0.408581 315 116 1909 291
person 0.401164 1273 157 1295 194
person 0.370551 1558 163 1584 230
person 0.338077 496 161 512 187
person 0.334280 626 147 639 178
person 0.324368 527 160 542 183
person 0.317639 821 148 831 168
person 0.276161 0 261 24 290
person 0.990450 1112 249 1159 385
person 0.990361 702 352 791 510
person 0.989472 1505 260 1557 395
person 0.988674 867 286 918 412
person 0.985202 1739 247 1790 366
person 0.981950 248 273 305 378
person 0.979506 1229 248 1269 349
person 0.953833 376 252 425 344
person 0.932236 832 213 874 294
person 0.905584 1417 220 1453 311
person 0.890319 447 162 472 199
person 0.881185 1372 322 1420 497
person 0.672581 1493 170 1519 232
person 0.622575 1593 167 1621 229
person 0.601479 821 163 832 179
person 0.595198 703 147 716 175
person 0.581849 747 146 759 175
person 0.494935 561 147 577 177
person 0.458266 278 275 322 362
person 0.417300 317 115 1913 292
person 0.413615 1557 163 1584 230
person 0.387179 497 161 512 188
person 0.370909 526 159 541 185
person 0.336660 626 146 639 179
person 0.325780 1273 160 1293 192
person 0.287661 1 262 24 290
person 0.253652 1084 143 1097 165
person 0.251508 1444 150 1468 200
