person 0.994754 1103 247 1154 385
person 0.988249 1229 247 1270 351
person 0.985900 1734 247 1789 364
person 0.984215 863 287 917 410
person 0.982887 692 344 778 505
person 0.976340 368 253 414 343
person 0.971659 1504 259 1554 393
person 0.970475 247 274 305 375
person 0.925544 1366 318 1417 503
person 0.930713 1416 221 1453 309
person 0.911352 446 162 472 199
person 0.853416 824 214 864 291
person 0.666467 1493 171 1519 233
person 0.658407 1593 166 1621 229
person 0.644797 705 146 719 176
person 0.562350 746 146 758 173
person 0.503590 495 161 512 188
person 0.463747 561 148 577 177
person 0.451680 1272 158 1292 191
person 0.446236 822 162 833 178
person 0.395884 317 113 1914 293
person 0.392899 1558 163 1584 230
person 0.381757 829 148 839 169
person 0.327706 526 159 541 184
person 0.315468 626 146 639 179
person 0.298634 1 261 24 290
person 0.289787 968 138 979 160
person 0.280756 849 143 860 164
person 0.259826 1443 148 1469 201
person 0.994349 688 347 776 503
person 0.992997 1098 249 1151 383
person 0.987324 1732 244 1790 368
person 0.985767 1230 246 1267 351
person 0.979997 359 253 405 345
person 0.978425 1502 259 1555 395
person 0.975313 240 274 301 373
person 0.953109 1416 219 1451 310
person 0.952167 859 288 902 408
person 0.903793 446 162 471 198
person 0.877518 824 213 863 291
person 0.859331 1364 324 1416 496
person 0.690053 704 147 718 175
person 0.626484 1594 166 1622 228
person 0.625534 747 146 759 173
person 0.623288 1495 171 1520 232
person 0.453381 494 160 510 187
person 0.443473 560 148 576 177
person 0.410218 337 109 1901 299
person 0.383435 820 164 831 178
person 0.373632 1557 163 1584 230
person 0.372825 848 141 860 163
person 0.365569 1272 158 1292 192
person 0.339153 0 261 22 290
person 0.328034 968 138 980 159
person 0.307698 627 147 639 178
person 0.305514 832 147 842 167
person 0.266508 1781 195 1810 232
person 0.255195 1739 195 1767 230
person 0.253383 791 147 801 162
