person 0.991243 1228 246 1267 350
person 0.983810 1727 244 1787 368
person 0.981627 1499 258 1550 393
person 0.980851 354 251 396 343
person 0.979709 679 353 763 502
person 0.977540 1413 219 1450 311
person 0.966071 857 286 897 406
person 0.961760 1088 251 1149 378
person 0.961710 235 269 295 375
person 0.911424 445 161 471 198
person 0.890622 1352 332 1416 509
person 0.842852 827 212 861 294
person 0.683432 1494 168 1520 234
person 0.674081 705 147 718 175
person 0.660518 747 146 759 174
person 0.644305 1594 167 1621 228
person 0.523911 1272 158 1292 194
person 0.466439 560 148 576 177
person 0.425213 1557 163 1583 230
person 0.421272 819 163 830 177
person 0.412372 494 159 510 186
person 0.382305 341 108 1900 296
person 0.379611 830 147 840 166
person 0.352948 1 261 22 290
person 0.348253 1857 193 1892 245
person 0.302524 627 147 639 178
person 0.276935 1088 140 1101 163
person 0.260749 790 146 800 162
person 0.260674 1781 195 1809 232
person 0.991409 1722 242 1786 370
person 0.989203 1227 248 1263 349
person 0.989178 673 352 748 503
person 0.981947 229 268 299 376
person 0.981747 1498 259 1550 393
person 0.966198 849 290 888 406
person 0.954784 1413 217 1446 309
person 0.935400 1087 245 1138 370
person 0.933494 1348 333 1415 509
person 0.907085 335 254 388 346
person 0.903014 446 162 472 198
person 0.898413 825 212 861 290
person 0.676667 1494 169 1520 234
person 0.667621 747 146 759 174
person 0.664702 1594 167 1621 229
person 0.624723 705 146 719 174
person 0.590573 1271 157 1293 195
person 0.465800 560 147 576 178
person 0.463350 829 146 840 166
person 0.444893 1857 193 1894 248
person 0.418466 1557 164 1584 231
person 0.396953 819 163 831 178
person 0.386083 493 160 509 186
person 0.380129 327 112 1908 291
person 0.355830 1 261 22 290
person 0.359931 791 146 801 163
person 0.358619 966 140 977 159
person 0.304469 1088 140 1101 163
person 0.282032 626 146 639 178
person 0.277153 1779 195 1809 232
person 0.261071 1739 196 1767 230
