person 0.992161 1222 242 1261 351
person 0.991480 1721 238 1782 366
person 0.982689 1495 259 1547 391
person 0.981758 223 268 280 378
person 0.981378 666 316 723 527
person 0.969963 844 291 885 405
person 0.963621 1409 219 1442 306
person 0.958624 1340 332 1412 509
person 0.956334 323 252 380 346
person 0.915857 445 161 472 198
person 0.914544 825 212 860 292
person 0.867484 1077 240 1118 374
person 0.688717 1495 168 1520 232
person 0.652948 1593 167 1620 229
person 0.647311 747 146 760 174
person 0.588337 1269 155 1289 192
person 0.535758 705 146 719 174
person 0.526605 831 146 841 166
person 0.511706 1857 192 1894 249
person 0.512899 559 147 576 177
person 0.460058 1557 164 1583 231
person 0.431412 494 158 511 185
person 0.418696 790 145 800 162
person 0.371998 1 261 22 290
person 0.368473 332 113 1908 292
person 0.363976 626 145 639 178
person 0.357868 820 163 831 178
person 0.351048 1087 140 1100 162
person 0.302608 1781 195 1809 232
person 0.272725 1446 154 1467 198
person 0.267344 615 145 627 174
person 0.260950 1740 195 1767 230
person 0.255991 966 139 976 159
person 0.993193 219 267 277 379
person 0.992318 1720 240 1779 366
person 0.986514 662 313 717 529
person 0.984593 1217 242 1258 349
person 0.984001 1492 256 1546 396
person 0.972967 1408 217 1439 308
person 0.971761 840 290 879 406
person 0.956728 316 255 374 345
person 0.954928 1338 331 1413 509
person 0.946553 1063 248 1115 382
person 0.915335 445 161 472 198
person 0.887707 826 210 856 298
person 0.685982 748 146 760 174
person 0.678049 1495 168 1520 232
person 0.645254 705 147 718 175
person 0.640229 1592 167 1620 229
person 0.527765 826 147 837 169
person 0.518245 558 147 575 178
person 0.492782 1856 190 1898 259
person 0.463786 330 113 1889 289
person 0.456036 1269 155 1288 191
person 0.448182 1557 166 1583 231
person 0.400144 1 261 23 290
person 0.402542 495 160 511 186
person 0.363161 791 145 801 163
person 0.360252 626 145 639 178
person 0.321733 965 139 976 159
person 0.286248 1445 155 1466 201
person 0.279273 1086 140 1099 161
person 0.273606 1781 195 1808 232
person 0.256927 821 160 834 177
