person 0.989667 1216 240 1256 350
person 0.988448 1492 260 1544 392
person 0.988371 1721 239 1777 366
person 0.979151 217 268 274 369
person 0.972847 1060 246 1098 370
person 0.953357 1336 331 1409 511
person 0.944180 657 320 711 501
person 0.936051 318 256 363 341
person 0.933948 835 290 877 406
person 0.928393 1404 217 1435 307
person 0.888390 446 162 471 197
person 0.688131 748 146 760 173
person 0.669244 823 209 855 309
person 0.659526 1495 167 1520 233
person 0.625533 1592 167 1620 229
person 0.613204 706 148 720 173
person 0.556987 1268 155 1287 191
person 0.534084 559 147 575 177
person 0.465097 828 147 839 168
person 0.453907 1557 165 1583 231
person 0.422209 1856 194 1898 269
person 0.418149 494 159 510 186
person 0.417391 342 111 1872 292
person 0.377800 627 146 639 176
person 0.367808 962 140 974 161
person 0.338202 820 161 833 178
person 0.324005 1 261 22 290
person 0.326384 789 146 799 163
person 0.303277 615 146 627 175
person 0.281591 1782 194 1809 232
person 0.269832 1444 155 1465 202
person 0.260697 1085 139 1098 162
person 0.993381 648 323 702 498
person 0.989703 1720 238 1775 367
person 0.988256 1214 240 1256 351
person 0.977345 212 265 269 367
person 0.975008 1337 330 1411 512
person 0.969722 1400 216 1433 307
person 0.966717 1483 259 1534 390
person 0.951040 1057 246 1095 368
person 0.924534 831 292 876 406
person 0.849959 446 161 471 196
person 0.820516 314 255 355 337
person 0.652393 707 148 720 175
person 0.649702 1267 155 1287 191
person 0.633523 750 146 761 172
person 0.592105 1495 168 1520 231
person 0.591877 828 145 838 169
person 0.553658 1592 167 1620 229
person 0.547998 823 208 851 310
person 0.546551 558 146 574 177
person 0.521141 1857 194 1889 249
person 0.458058 1556 164 1583 231
person 0.425390 495 158 511 185
person 0.412429 626 144 640 177
person 0.412164 355 108 1871 297
person 0.368706 788 144 797 162
person 0.303936 821 159 833 179
person 0.291412 2 261 23 289
person 0.298974 615 144 628 175
person 0.286079 1783 195 1809 232
person 0.285499 1084 139 1098 162
person 0.275381 1445 154 1465 201
