person 0.997654 909 280 956 409
person 0.994327 620 268 670 388
person 0.993124 986 266 1035 408
person 0.983638 860 236 891 324
person 0.955176 1096 241 1142 354
person 0.945509 1425 229 1462 319
person 0.932186 1181 229 1215 329
person 0.857925 1628 210 1675 311
person 0.784013 969 225 991 287
person 0.776780 493 166 511 198
person 0.731203 1374 191 1399 254
person 0.707221 1722 201 1764 311
person 0.629175 674 161 690 190
person 0.606248 684 229 710 280
person 0.571833 439 185 461 208
person 0.552405 526 162 541 190
person 0.540123 1292 210 1324 305
person 0.524923 687 219 722 294
person 0.522437 561 163 576 190
person 0.515696 256 126 1678 311
person 0.480588 600 160 612 185
person 0.418604 1801 196 1838 276
person 0.357859 696 235 720 280
person 0.320900 642 161 656 187
person 0.302214 229 163 247 195
person 0.997805 912 279 957 409
person 0.993341 621 269 670 386
person 0.992348 985 269 1035 404
person 0.990334 862 232 891 324
person 0.953901 1096 241 1146 352
person 0.947282 1184 228 1216 327
person 0.938787 1427 230 1463 316
person 0.897294 1627 215 1674 311
person 0.842754 971 228 992 287
person 0.777794 1374 191 1398 253
person 0.771848 492 165 511 197
person 0.671679 1290 207 1330 301
person 0.638229 1645 207 1689 308
person 0.586496 684 230 710 279
person 0.588027 675 161 691 190
person 0.571878 526 161 542 190
person 0.553391 1722 207 1763 309
person 0.531475 439 185 460 208
person 0.511180 258 127 1676 311
person 0.504592 561 163 576 190
person 0.485190 600 160 613 186
person 0.476659 686 219 722 295
person 0.338750 696 238 720 280
person 0.332499 642 161 655 186
person 0.301686 1067 206 1093 305
person 0.256721 1803 211 1834 267
