person 0.990481 1719 236 1772 366
person 0.988478 641 320 695 498
person 0.988396 1045 247 1086 366
person 0.985114 1214 240 1252 349
person 0.983503 208 263 271 368
person 0.979556 1483 256 1533 395
person 0.967907 1334 332 1407 514
person 0.954283 303 255 342 339
person 0.953514 1397 215 1429 305
person 0.852297 446 161 471 195
person 0.830632 827 293 878 404
person 0.688410 817 206 847 312
person 0.667621 705 147 719 174
person 0.658046 1267 155 1286 191
person 0.630599 749 145 761 172
person 0.618558 558 146 575 177
person 0.616162 1495 169 1520 232
person 0.585195 1856 193 1889 251
person 0.537486 1592 166 1619 228
person 0.531418 495 158 511 185
person 0.492298 1556 164 1582 231
person 0.420933 823 144 835 173
person 0.406803 313 112 1912 290
person 0.387165 787 143 798 162
person 0.383171 626 144 639 177
person 0.364952 815 218 874 405
person 0.336652 822 159 834 179
person 0.328461 615 144 628 174
person 0.309812 523 149 537 174
person 0.268475 2 262 23 289
person 0.282243 1444 153 1466 201
person 0.272898 1188 142 1200 165
person 0.270548 1085 139 1099 163
person 0.266238 1784 194 1810 231
person 0.997906 1034 243 1083 369
person 0.992458 633 302 686 511
person 0.991905 1209 240 1251 348
person 0.991151 1482 260 1533 393
person 0.988862 1715 237 1769 363
person 0.984710 205 264 267 366
person 0.984458 298 256 338 343
person 0.965584 1332 330 1404 514
person 0.944394 1394 217 1427 307
person 0.873732 446 160 472 196
person 0.723848 822 291 866 397
person 0.715954 706 146 721 174
person 0.701148 1495 169 1519 233
person 0.660774 812 219 874 405
person 0.648131 558 145 575 178
person 0.634946 1266 154 1285 190
person 0.605359 751 146 763 172
person 0.595608 1855 194 1886 251
person 0.562262 816 206 846 311
person 0.552262 496 158 514 186
person 0.548495 1593 167 1620 228
person 0.493515 1556 167 1582 230
person 0.487690 823 160 835 179
person 0.430396 306 109 1919 293
person 0.393795 626 144 639 176
person 0.366175 785 144 796 163
person 0.346157 615 144 628 173
person 0.342809 522 149 536 175
person 0.329259 825 146 835 169
person 0.312593 1444 151 1467 203
person 0.299822 1189 141 1201 164
person 0.282093 2 261 24 289
person 0.271711 1785 194 1810 231
person 0.251535 1517 170 1540 229
