person 0.998225 1027 241 1077 370
person 0.991417 1481 257 1532 394
person 0.990465 625 294 679 513
person 0.987689 1209 242 1249 348
person 0.986549 1714 238 1767 361
person 0.984190 199 264 264 367
person 0.969253 1331 329 1402 515
person 0.953122 284 254 332 343
person 0.944838 1392 217 1424 308
person 0.903821 445 159 473 197
person 0.884999 815 291 862 399
person 0.714055 558 144 575 177
person 0.703030 1263 152 1284 193
person 0.608051 707 145 721 174
person 0.601750 811 205 845 316
person 0.600425 1495 170 1520 232
person 0.591886 1853 193 1885 251
person 0.575714 750 145 762 172
person 0.499785 804 212 863 404
person 0.484005 495 158 513 185
person 0.478322 1592 164 1619 228
person 0.405316 822 162 834 178
person 0.380629 626 144 639 176
person 0.362212 1557 164 1583 230
person 0.358696 330 108 1904 294
person 0.349284 615 144 628 174
person 0.308093 1776 178 1803 227
person 0.305101 962 138 974 161
person 0.284218 1187 141 1198 165
person 0.251069 1783 194 1809 231
person 0.997589 1020 240 1070 369
person 0.992800 1481 259 1529 394
person 0.991048 1206 240 1247 349
person 0.990699 620 303 674 501
person 0.984116 195 262 260 367
person 0.980256 1329 330 1396 513
person 0.974968 280 251 323 337
person 0.973274 1713 237 1764 363
person 0.952352 807 288 854 400
person 0.898494 1390 217 1424 308
person 0.896090 446 160 473 195
person 0.788479 811 206 844 309
person 0.756860 1264 153 1283 191
person 0.693435 558 144 574 177
person 0.659648 1495 169 1520 232
person 0.642308 1852 193 1883 249
person 0.624872 1592 165 1619 228
person 0.583318 707 146 722 174
person 0.505991 752 147 764 171
person 0.438129 497 158 513 184
person 0.419260 615 143 628 174
person 0.400503 320 113 1910 291
person 0.398534 1556 165 1582 228
person 0.383112 625 143 639 176
person 0.349450 1777 177 1804 227
person 0.310047 823 163 834 177
