person 0.995257 1011 239 1064 366
person 0.994317 612 322 669 484
person 0.993837 1479 257 1527 390
person 0.982103 1203 241 1245 349
person 0.969807 195 264 261 364
person 0.964696 1705 237 1754 363
person 0.955707 1329 334 1394 510
person 0.944513 803 286 849 400
person 0.924332 445 159 473 197
person 0.921431 277 251 320 338
person 0.862750 1378 218 1414 307
person 0.838295 807 206 842 306
person 0.781148 1262 153 1283 192
person 0.649487 557 145 574 177
person 0.643372 750 146 763 172
person 0.639624 708 144 722 174
person 0.638463 1495 169 1520 232
person 0.631445 1592 164 1620 228
person 0.558579 1850 193 1881 251
person 0.422385 315 111 1912 290
person 0.399502 1557 164 1583 229
person 0.377616 615 142 628 174
person 0.375408 497 157 513 183
person 0.357812 626 143 639 176
person 0.309442 826 145 836 167
person 0.298731 1783 195 1808 231
person 0.280953 1777 179 1803 225
person 0.263326 1737 195 1766 229
person 0.997222 602 325 662 482
person 0.992517 1005 245 1050 364
person 0.991579 1479 258 1526 386
person 0.985497 1704 236 1752 362
person 0.983817 1201 241 1245 348
person 0.982087 1326 332 1395 513
person 0.961779 802 284 845 400
person 0.942602 200 259 257 358
person 0.932115 267 257 310 336
person 0.932938 1377 219 1414 309
person 0.899230 446 159 473 196
person 0.881474 805 207 841 304
person 0.717767 1262 154 1283 192
person 0.686318 557 144 574 177
person 0.670983 1496 167 1521 233
person 0.667617 708 145 723 173
person 0.662325 751 146 764 173
person 0.661521 1592 164 1620 228
person 0.540074 1846 193 1887 274
person 0.417538 1556 165 1582 229
person 0.399006 497 157 513 183
person 0.380626 627 143 640 176
person 0.367998 615 142 628 173
person 0.353319 317 112 1919 287
person 0.327848 822 162 833 177
person 0.322825 1446 146 1470 200
person 0.312033 1777 178 1803 225
person 0.269283 1783 195 1808 231
person 0.269712 1516 168 1539 228
person 0.260341 1737 194 1765 229
