person 0.997511 597 315 651 495
person 0.989166 999 244 1042 364
person 0.988145 1703 236 1752 362
person 0.975845 1474 252 1518 388
person 0.971144 1326 333 1391 512
person 0.946501 1202 242 1243 347
person 0.937760 797 285 840 399
person 0.930654 263 255 304 338
person 0.930882 202 259 255 358
person 0.922672 1377 219 1413 307
person 0.902893 446 159 472 196
person 0.855516 805 207 840 299
person 0.763580 750 146 763 174
person 0.753978 708 144 723 174
person 0.670179 556 143 574 177
person 0.655883 1495 168 1521 233
person 0.643673 1844 193 1884 275
person 0.635762 1592 165 1620 228
person 0.627508 1262 153 1281 193
person 0.390500 495 158 511 183
person 0.380840 1556 164 1582 229
person 0.345667 312 111 1918 288
person 0.328338 615 143 627 173
person 0.317961 1372 129 1392 176
person 0.313471 1446 147 1470 200
person 0.311264 627 143 639 175
person 0.309767 825 146 836 170
person 0.302209 1777 178 1803 225
person 0.293329 823 162 833 177
person 0.290852 1085 138 1099 162
person 0.286588 1783 195 1808 230
person 0.267283 1738 194 1765 228
person 0.252731 1516 168 1540 229
person 0.998640 592 305 644 504
person 0.990232 1704 237 1750 360
person 0.981306 1319 333 1383 512
person 0.981269 991 244 1030 362
person 0.979505 1473 247 1515 396
person 0.955831 1200 242 1245 347
person 0.938267 787 285 830 397
person 0.935164 1376 217 1410 308
person 0.917217 203 260 256 356
person 0.906641 804 208 842 296
person 0.904663 446 159 473 195
person 0.878418 253 254 298 340
person 0.733042 750 147 763 174
person 0.711038 557 144 574 177
person 0.700074 708 146 723 174
person 0.676215 1592 166 1620 229
person 0.671837 1261 152 1280 192
person 0.574162 1497 167 1521 233
person 0.479586 497 158 512 183
person 0.454618 1842 193 1884 275
person 0.397069 822 162 832 176
person 0.393735 615 142 627 173
person 0.387503 349 113 1889 285
person 0.373225 1557 167 1583 230
person 0.357598 627 143 639 175
person 0.294542 1777 178 1803 225
person 0.276956 1515 168 1538 230
person 0.265948 1374 128 1393 174
person 0.264105 1738 194 1764 228
person 0.263196 1445 147 1468 202
person 0.255605 1784 195 1808 231
person 0.255721 1085 139 1099 162
