person 0.997357 586 297 635 512
person 0.994407 987 243 1024 366
person 0.993243 1702 238 1750 359
person 0.987839 1468 250 1514 393
person 0.975025 783 286 828 396
person 0.973754 1318 330 1376 514
person 0.952143 1374 216 1407 308
person 0.949885 1192 240 1233 348
person 0.924949 201 260 258 356
person 0.893047 247 254 291 342
person 0.892258 447 160 472 194
person 0.858066 804 207 839 286
person 0.751681 1261 154 1280 192
person 0.689502 1592 165 1621 228
person 0.686060 750 146 764 175
person 0.681618 558 145 575 177
person 0.677828 1841 193 1884 275
person 0.674828 707 148 722 172
person 0.574701 1497 167 1521 231
person 0.446620 1557 167 1583 230
person 0.429649 498 158 513 185
person 0.360571 521 159 536 183
person 0.360084 352 116 1881 287
person 0.334926 614 144 626 173
person 0.325937 1515 168 1538 229
person 0.309220 1777 178 1804 226
person 0.285759 823 146 834 171
person 0.283232 628 145 640 175
person 0.263996 1 244 22 287
person 0.258478 1446 149 1468 199
person 0.992146 580 300 628 503
person 0.990336 779 281 827 396
person 0.989383 981 243 1020 366
person 0.989350 1701 238 1747 358
person 0.985995 1311 329 1373 513
person 0.981331 1467 248 1513 392
person 0.954948 1190 242 1234 347
person 0.954054 1371 216 1404 309
person 0.914038 247 252 285 340
person 0.886034 801 209 838 293
person 0.856545 447 159 472 193
person 0.851151 206 262 255 353
person 0.714395 1592 164 1621 229
person 0.707421 1260 153 1280 192
person 0.706270 556 145 574 177
person 0.679352 750 146 763 173
person 0.610787 709 147 723 171
person 0.590816 1496 164 1522 232
person 0.496580 1841 193 1884 275
person 0.437502 1557 165 1583 230
person 0.384003 498 158 513 184
person 0.364154 353 114 1880 284
person 0.348854 614 143 627 173
person 0.320929 1776 177 1804 225
person 0.314975 627 144 640 175
person 0.301945 523 158 537 182
person 0.299741 1515 166 1539 229
person 0.278785 821 146 832 169
