person 0.993111 969 241 1013 364
person 0.992587 770 277 822 397
person 0.985638 1702 239 1745 357
person 0.978285 1309 328 1372 513
person 0.977667 1191 243 1231 347
person 0.976360 1369 215 1399 308
person 0.972570 573 299 622 480
person 0.971235 1463 251 1511 390
person 0.928304 801 209 836 285
person 0.896139 246 252 282 343
person 0.858168 447 159 472 194
person 0.839471 205 262 257 354
person 0.733078 1260 155 1279 192
person 0.717951 1591 164 1620 228
person 0.676524 557 144 574 177
person 0.650523 749 146 762 173
person 0.604021 1495 164 1522 231
person 0.588708 709 145 724 171
person 0.457702 1557 165 1583 229
person 0.439314 1776 177 1804 226
person 0.381306 1844 193 1875 246
person 0.368208 366 117 1878 283
person 0.340554 496 158 512 185
person 0.331332 1514 166 1538 229
person 0.319481 614 143 626 173
person 0.256657 1782 195 1809 230
person 0.254786 628 144 640 174
person 0.251070 1739 194 1766 228
person 0.995865 765 277 816 397
person 0.994487 959 240 1013 366
person 0.982483 1697 238 1744 358
person 0.981283 1188 241 1231 348
person 0.981037 1306 327 1369 512
person 0.974775 1458 252 1510 389
person 0.960130 1366 215 1396 308
person 0.957325 568 304 618 474
person 0.914970 799 210 837 292
person 0.860906 447 160 472 194
person 0.835037 181 269 246 360
person 0.714426 1592 164 1620 228
person 0.688609 749 147 763 174
person 0.679286 557 145 574 177
person 0.656506 709 145 723 171
person 0.644965 1259 153 1278 192
person 0.585651 248 236 282 327
person 0.537976 1496 165 1522 231
person 0.473491 1776 176 1804 226
person 0.458277 1557 166 1583 229
person 0.414571 818 146 829 171
person 0.382545 310 119 1919 282
person 0.324986 1841 193 1884 275
person 0.311303 628 145 640 175
person 0.310428 614 144 627 173
person 0.298065 497 158 513 184
person 0.296043 1514 165 1537 228
person 0.265145 1084 140 1098 163
person 0.262760 1737 193 1766 228
person 0.255739 1845 193 1876 243
