person 0.996063 952 240 1009 363
person 0.995423 764 277 812 397
person 0.992461 1693 238 1741 357
person 0.985093 1188 241 1229 348
person 0.982072 1363 215 1395 307
person 0.981584 1304 326 1370 512
person 0.959384 560 306 613 473
person 0.939635 1459 251 1505 387
person 0.874311 209 264 260 350
person 0.861858 448 160 472 193
person 0.755087 183 265 241 353
person 0.753369 797 212 835 290
person 0.750470 1592 165 1620 229
person 0.614405 558 146 575 177
person 0.603163 1259 153 1278 191
person 0.589818 748 145 762 174
person 0.583362 1496 165 1522 230
person 0.558358 709 144 724 170
person 0.533585 1557 167 1582 229
person 0.519635 1776 176 1804 226
person 0.457086 249 250 278 307
person 0.459231 1842 193 1876 242
person 0.403250 822 163 833 177
person 0.388315 333 120 1905 279
person 0.355839 1515 166 1537 228
person 0.335538 794 214 819 270
person 0.325218 497 158 513 184
person 0.279676 1084 142 1097 163
person 0.274592 613 145 625 172
person 0.273745 1446 148 1469 199
person 0.263106 1737 194 1766 228
person 0.993182 944 242 1003 359
person 0.990942 554 300 613 476
person 0.989594 1691 239 1738 359
person 0.985533 1186 241 1225 348
person 0.984459 762 280 802 396
person 0.976104 1361 214 1391 307
person 0.972773 1302 327 1370 511
person 0.920897 1458 256 1504 383
person 0.897193 177 270 250 358
person 0.830184 447 160 472 193
person 0.817602 792 207 822 285
person 0.693187 1256 151 1277 192
person 0.669590 1592 166 1620 229
person 0.631376 749 145 762 172
person 0.590973 557 146 574 177
person 0.548688 1496 165 1522 232
person 0.511530 1841 192 1873 244
person 0.465016 1557 167 1582 230
person 0.428732 709 145 723 170
person 0.413911 248 252 277 309
person 0.415502 1777 177 1804 226
person 0.388359 328 117 1907 284
person 0.367317 793 143 803 161
person 0.353139 815 146 826 169
person 0.337584 822 162 834 177
person 0.316378 1515 166 1537 229
person 0.290700 497 159 512 184
person 0.277805 1083 141 1096 162
person 0.257323 614 144 627 172
person 0.252720 1738 194 1765 228
