person 0.992963 938 239 997 357
person 0.987952 549 302 611 475
person 0.986157 1185 242 1221 347
person 0.985710 1689 238 1737 358
person 0.985086 760 282 799 399
person 0.976216 1444 254 1497 384
person 0.970671 1298 327 1369 511
person 0.947083 1358 215 1387 305
person 0.886859 792 206 822 287
person 0.863660 181 263 245 356
person 0.848078 447 160 473 195
person 0.827576 212 261 262 355
person 0.707982 1254 151 1276 194
person 0.696549 1591 164 1620 228
person 0.693671 746 145 759 174
person 0.591232 558 146 575 177
person 0.574427 1777 175 1806 227
person 0.565578 1496 164 1522 231
person 0.444353 1557 165 1582 228
person 0.360931 348 120 1888 287
person 0.351913 822 162 833 176
person 0.345064 711 145 725 170
person 0.305651 1514 167 1537 227
person 0.300359 0 245 23 286
person 0.286742 1833 195 1876 273
person 0.265854 614 145 627 172
person 0.263589 627 146 640 175
person 0.993952 540 304 605 471
person 0.989083 1440 253 1500 388
person 0.987284 1688 238 1734 359
person 0.985753 1184 239 1218 349
person 0.981800 933 240 976 360
person 0.970024 1295 333 1368 509
person 0.956238 752 282 790 396
person 0.916610 1354 217 1386 306
person 0.901819 211 260 261 354
person 0.889872 790 206 821 286
person 0.869015 181 265 243 353
person 0.846354 447 160 473 195
person 0.717493 1591 164 1620 228
person 0.709408 745 144 759 173
person 0.636951 558 146 575 176
person 0.578161 1254 154 1276 193
person 0.550145 1497 166 1521 230
person 0.538682 1778 176 1805 226
person 0.393594 1557 165 1582 228
person 0.350018 234 256 265 302
person 0.331587 1841 192 1870 243
person 0.329169 822 162 834 176
person 0.327605 328 120 1907 290
person 0.326253 1513 167 1536 227
person 0.308191 711 144 725 168
person 0.303890 1444 149 1468 200
