person 0.994524 535 313 599 462
person 0.989671 927 240 972 361
person 0.988648 1182 240 1216 348
person 0.986273 1439 256 1498 387
person 0.978999 1686 238 1731 357
person 0.977739 747 281 788 394
person 0.954233 1295 331 1368 510
person 0.941491 789 205 820 288
person 0.874751 216 261 260 351
person 0.865358 181 265 241 353
person 0.833432 446 160 473 196
person 0.826358 1352 217 1385 308
person 0.739520 744 144 757 174
person 0.648738 1591 164 1620 226
person 0.639739 1253 152 1276 194
person 0.625403 559 146 576 177
person 0.516189 713 144 728 171
person 0.456386 1496 166 1521 230
person 0.438442 1777 176 1804 226
person 0.428373 823 163 835 177
person 0.321913 328 120 1909 288
person 0.310676 1840 192 1869 244
person 0.305434 1559 165 1584 227
person 0.272615 627 145 641 175
person 0.265809 1512 167 1535 226
person 0.259120 1083 139 1099 163
person 0.991979 532 309 591 468
person 0.991947 915 240 962 357
person 0.990228 1439 256 1497 387
person 0.988777 1684 235 1731 359
person 0.985310 743 280 784 395
person 0.976397 1180 241 1211 348
person 0.960126 1281 338 1362 507
person 0.918473 785 205 817 287
person 0.906044 179 273 239 355
person 0.855213 1344 219 1378 308
person 0.832026 218 261 258 352
person 0.812276 448 160 472 194
person 0.744122 744 143 758 173
person 0.647984 1591 164 1620 226
person 0.591036 559 146 576 176
person 0.542286 1253 152 1275 195
person 0.505113 713 143 728 170
person 0.496237 1497 166 1522 231
person 0.459553 1777 176 1805 226
person 0.372230 823 162 835 177
person 0.338819 303 120 1919 290
person 0.332223 1558 166 1583 228
person 0.329020 499 158 514 184
person 0.319401 791 143 803 160
person 0.285838 229 262 258 303
person 0.265354 2 260 22 289
person 0.269168 1736 193 1767 228
person 0.261332 1824 192 1853 245
person 0.259266 1512 168 1534 227
