person 0.996447 1435 257 1496 386
person 0.993899 733 276 781 395
person 0.993589 528 309 585 470
person 0.993458 912 242 953 358
person 0.991448 1176 239 1209 350
person 0.989975 1683 235 1729 356
person 0.980501 1275 338 1361 507
person 0.949247 1340 220 1377 308
person 0.895587 783 206 815 287
person 0.879472 180 273 234 355
person 0.804402 218 263 257 352
person 0.796302 448 160 472 194
person 0.717775 1591 165 1619 227
person 0.698560 744 144 758 173
person 0.570029 559 147 576 176
person 0.479666 824 162 835 178
person 0.467143 1249 151 1274 194
person 0.439493 1497 166 1521 231
person 0.384957 294 119 1919 285
person 0.384130 1777 177 1805 225
person 0.377854 713 143 727 170
person 0.354735 1512 167 1535 228
person 0.334954 498 158 513 184
person 0.321027 1559 168 1583 227
person 0.305006 231 261 258 302
person 0.309823 1821 196 1859 271
person 0.304818 519 159 533 183
person 0.276452 786 232 810 281
person 0.283732 1715 200 1739 229
person 0.265650 628 146 641 175
person 0.265129 1374 127 1394 174
person 0.255419 2 260 22 289
person 0.252485 1737 194 1766 228
person 0.995264 907 237 949 361
person 0.995218 730 277 778 395
person 0.994441 1437 257 1492 385
person 0.987064 1273 337 1363 507
person 0.986794 1175 241 1207 347
person 0.985886 523 302 577 471
person 0.975416 1681 233 1727 356
person 0.960988 1336 219 1375 308
person 0.838694 778 211 814 292
person 0.812580 179 273 232 355
person 0.805072 448 161 472 194
person 0.752365 213 261 256 351
person 0.718471 742 142 757 175
person 0.707481 1592 165 1619 228
person 0.593959 1249 152 1273 195
person 0.583297 558 147 577 178
person 0.437140 1373 128 1395 177
person 0.396019 310 117 1918 286
person 0.395763 1821 195 1858 272
person 0.389338 822 162 834 177
person 0.355744 1498 166 1521 231
person 0.343139 1085 139 1099 163
person 0.339926 714 144 728 170
person 0.335947 498 158 513 184
person 0.326579 1186 140 1199 165
person 0.321013 1558 167 1582 227
person 0.281216 1777 178 1804 225
person 0.266879 1512 168 1534 228
person 0.253634 519 158 534 183
