person 0.998516 916 277 959 410
person 0.990867 986 275 1032 402
person 0.990216 622 270 671 384
person 0.989921 863 233 892 324
person 0.968471 1097 242 1146 354
person 0.954236 1184 230 1217 327
person 0.942457 1430 227 1464 319
person 0.889460 1625 218 1670 312
person 0.812723 1373 191 1397 253
person 0.780994 492 166 510 197
person 0.772430 972 226 994 287
person 0.714479 1293 207 1330 305
person 0.633355 1648 212 1689 307
person 0.627586 675 160 692 190
person 0.559913 684 231 711 279
person 0.548320 527 162 541 189
person 0.518777 438 185 460 208
person 0.490233 1725 245 1760 306
person 0.478356 260 128 1675 311
person 0.428546 562 163 576 188
person 0.416947 1065 207 1092 306
person 0.368530 639 161 654 186
person 0.347745 602 162 614 185
person 0.337173 685 218 722 294
person 0.995521 920 281 960 406
person 0.985842 985 276 1032 400
person 0.981560 623 272 671 382
person 0.977198 866 232 894 321
person 0.963402 1101 239 1147 353
person 0.950519 1431 226 1465 320
person 0.926612 1188 229 1218 326
person 0.870298 1624 220 1668 310
person 0.792938 492 166 510 197
person 0.777816 1373 191 1396 252
person 0.710778 675 160 692 190
person 0.701781 973 225 996 286
person 0.640806 1297 208 1328 302
person 0.613888 527 162 543 190
person 0.612760 1649 212 1690 307
person 0.600049 684 228 711 282
person 0.551827 1723 208 1763 311
person 0.534919 438 185 460 208
person 0.499685 564 164 578 188
person 0.489457 639 160 654 186
person 0.465251 600 161 612 185
person 0.460199 248 126 1682 311
person 0.338990 1066 208 1089 276
person 0.285533 1804 206 1836 266
