person 0.994921 1436 257 1487 384
person 0.993850 1174 241 1206 348
person 0.993657 897 238 941 360
person 0.993549 518 297 574 474
person 0.992575 730 278 776 394
person 0.986744 1271 337 1360 510
person 0.973211 1680 235 1726 356
person 0.938063 774 210 811 292
person 0.932318 1335 218 1375 310
person 0.825094 743 142 758 175
person 0.792631 448 161 471 194
person 0.790407 181 265 237 353
person 0.734746 208 261 257 352
person 0.693174 1592 166 1619 226
person 0.660478 1249 153 1272 195
person 0.580846 558 147 576 178
person 0.451320 497 159 512 185
person 0.446034 1498 165 1521 232
person 0.420244 822 163 833 178
person 0.414022 713 143 728 171
person 0.412261 1819 195 1857 272
person 0.366911 333 118 1903 285
person 0.343239 1559 167 1583 227
person 0.329955 1511 167 1533 229
person 0.287360 1373 127 1395 178
person 0.266079 1776 179 1804 224
person 0.263639 520 159 535 183
person 0.996782 892 239 940 358
person 0.991464 1172 240 1205 348
person 0.990190 1434 256 1483 382
person 0.988761 1269 336 1359 509
person 0.984778 512 298 567 464
person 0.982484 771 211 810 292
person 0.980771 727 282 770 393
person 0.970387 1331 218 1373 309
person 0.970015 1679 236 1726 358
person 0.877551 182 263 237 353
person 0.807593 448 161 472 195
person 0.805186 744 143 759 174
person 0.771437 209 259 257 352
person 0.705124 1250 152 1271 195
person 0.693206 1592 166 1619 225
person 0.609340 558 147 576 178
person 0.525602 1817 196 1857 273
person 0.502406 495 158 511 184
person 0.490731 822 163 833 178
person 0.457490 1498 166 1521 232
person 0.400301 1558 166 1583 227
person 0.383687 715 144 729 171
person 0.371985 336 117 1900 284
person 0.368522 1512 167 1534 229
person 0.320360 1375 127 1396 176
person 0.286658 1186 141 1198 166
person 0.266078 1776 178 1804 224
person 0.255231 1446 148 1471 200
