person 0.996239 883 242 936 355
person 0.989815 1269 336 1357 509
person 0.988114 1167 240 1205 349
person 0.987896 1433 252 1477 385
person 0.987089 507 299 565 460
person 0.986635 771 210 810 293
person 0.970266 1668 236 1717 361
person 0.969146 724 282 766 392
person 0.967661 1329 218 1370 309
person 0.926119 181 262 228 353
person 0.903354 213 255 256 353
person 0.832501 447 160 472 196
person 0.747517 1817 194 1854 273
person 0.722192 1592 166 1619 228
person 0.712404 741 142 756 176
person 0.589314 557 147 576 179
person 0.558860 1249 151 1270 194
person 0.495562 1498 166 1521 232
person 0.458423 715 143 730 172
person 0.412109 821 164 832 178
person 0.411122 1557 165 1582 228
person 0.395597 1776 177 1803 225
person 0.388293 1511 166 1533 230
person 0.382047 497 159 513 184
person 0.358942 343 117 1896 286
person 0.317199 1376 128 1396 174
person 0.278740 626 141 641 177
person 0.270223 1735 194 1763 228
person 0.260040 1187 141 1199 166
person 0.995112 501 301 560 457
person 0.994055 876 240 928 355
person 0.990045 1270 334 1356 508
person 0.986691 1168 242 1204 348
person 0.983283 1431 247 1474 390
person 0.981422 769 211 809 293
person 0.980486 1669 237 1716 361
person 0.970164 1327 217 1365 310
person 0.955231 719 284 764 392
person 0.931748 182 260 233 354
person 0.879121 211 250 254 349
person 0.829742 446 160 473 197
person 0.777152 741 142 755 176
person 0.662705 1592 166 1619 226
person 0.586899 557 146 575 180
person 0.505991 1498 166 1522 233
person 0.483142 715 143 731 173
person 0.481230 1247 150 1270 195
person 0.461028 1818 193 1846 248
person 0.427591 822 164 833 178
person 0.378559 343 118 1896 284
person 0.375860 1375 128 1396 175
person 0.373210 1558 166 1583 228
person 0.360049 1510 167 1533 231
person 0.299496 1775 177 1802 225
person 0.295100 498 159 514 185
person 0.287099 1186 141 1198 167
person 0.263167 627 141 641 176
