person 0.998130 495 310 557 448
person 0.991463 873 237 918 358
person 0.989592 1429 248 1473 390
person 0.989155 1272 335 1356 508
person 0.986828 769 211 805 292
person 0.983642 1667 239 1716 358
person 0.982121 1166 242 1204 349
person 0.979292 1325 216 1360 306
person 0.946316 712 286 754 393
person 0.911348 183 260 229 354
person 0.840857 447 160 473 197
person 0.822575 215 243 253 348
person 0.720433 741 143 755 176
person 0.707890 1593 166 1619 227
person 0.565800 557 146 576 179
person 0.542877 1498 167 1521 233
person 0.519853 716 144 731 174
person 0.490836 1814 196 1852 274
person 0.454116 821 164 832 179
person 0.435151 1557 165 1582 228
person 0.416602 1243 153 1262 193
person 0.399873 1510 166 1533 231
person 0.397309 347 120 1892 281
person 0.393846 1816 194 1844 244
person 0.349011 1374 128 1395 176
person 0.333570 497 159 514 185
person 0.316124 1775 178 1802 224
person 0.286318 627 142 641 177
person 0.260444 1735 194 1764 227
person 0.252406 1185 141 1198 167
person 0.997713 488 308 554 455
person 0.996423 1424 246 1472 398
person 0.991186 1667 239 1715 358
person 0.989474 1271 335 1353 508
person 0.984102 1324 215 1358 307
person 0.981964 767 212 801 294
person 0.976747 871 240 910 358
person 0.970757 1165 242 1205 348
person 0.947004 708 284 750 391
person 0.942895 181 261 227 353
person 0.932035 214 241 255 349
person 0.841785 447 161 473 197
person 0.698193 1593 166 1619 227
person 0.690262 742 144 756 176
person 0.650230 1809 195 1844 273
person 0.531300 557 147 575 178
person 0.517608 1243 154 1262 193
person 0.498120 1497 166 1521 233
person 0.471180 821 165 831 179
person 0.447839 717 145 732 174
person 0.443464 1557 165 1582 228
person 0.437642 342 123 1900 281
person 0.381214 1511 167 1534 231
person 0.371246 1373 128 1395 176
person 0.327262 497 159 513 185
person 0.253857 774 232 799 279
person 0.299540 1775 177 1801 223
person 0.277316 1 261 21 290
person 0.281500 1083 141 1097 164
person 0.280525 1736 195 1764 228
person 0.254910 784 146 797 162
person 0.267332 1448 149 1472 199
