person 0.995728 1421 248 1471 396
person 0.994767 1663 241 1714 355
person 0.991742 483 313 544 448
person 0.989429 1271 333 1353 509
person 0.986760 701 282 745 393
person 0.982946 861 240 898 359
person 0.982664 1323 215 1354 307
person 0.978566 766 212 800 293
person 0.972636 1157 243 1195 346
person 0.957103 181 260 227 354
person 0.925957 216 242 257 350
person 0.847779 447 161 474 198
person 0.765146 1592 166 1619 228
person 0.642639 744 144 758 176
person 0.545959 1497 167 1521 234
person 0.535393 557 146 575 178
person 0.467535 1813 195 1840 245
person 0.462953 1243 153 1261 193
person 0.450610 1807 197 1845 274
person 0.449642 1557 167 1581 228
person 0.427183 717 145 732 174
person 0.423167 821 164 832 179
person 0.406091 1511 167 1534 231
person 0.375122 327 120 1912 288
person 0.321085 0 260 21 290
person 0.322831 1855 194 1888 245
person 0.318942 782 147 795 166
person 0.318900 1736 195 1764 227
person 0.315492 1373 129 1395 176
person 0.277861 1775 179 1801 222
person 0.268495 1716 202 1744 229
person 0.255162 628 144 642 176
person 0.996041 478 308 541 459
person 0.995575 1660 239 1715 354
person 0.993594 694 279 741 392
person 0.992729 1421 253 1468 391
person 0.987787 1272 333 1350 510
person 0.987716 1156 241 1195 347
person 0.983962 853 241 891 362
person 0.965399 181 260 229 355
person 0.963917 1319 216 1351 307
person 0.954013 764 213 796 291
person 0.864945 218 244 258 349
person 0.862149 447 161 474 197
person 0.701521 1592 165 1620 228
person 0.607007 1805 195 1842 273
person 0.591172 745 145 759 175
person 0.583935 1497 167 1521 234
person 0.568394 557 146 576 178
person 0.531383 1243 152 1262 196
person 0.482182 1556 165 1581 229
person 0.480945 822 165 834 179
person 0.433015 716 144 730 174
person 0.420966 1512 168 1535 232
person 0.403803 316 121 1919 287
person 0.330903 1852 194 1895 272
person 0.307174 0 260 21 290
person 0.312713 780 147 794 166
person 0.310077 1715 203 1742 231
person 0.295931 1736 195 1763 228
person 0.296279 1376 130 1396 173
person 0.279059 1184 142 1197 168
person 0.270925 1774 177 1800 222
person 0.269980 1447 150 1471 200
person 0.264324 628 144 641 176
person 0.258368 1085 142 1100 166
