person 0.995419 1660 240 1715 354
person 0.992943 691 280 737 391
person 0.990476 474 300 530 466
person 0.988473 1270 332 1348 510
person 0.988161 1154 244 1194 346
person 0.984218 1419 256 1469 390
person 0.968192 844 243 886 359
person 0.967167 181 260 226 356
person 0.961571 762 212 795 292
person 0.948949 1317 215 1349 307
person 0.841223 448 161 475 198
person 0.825891 222 249 259 346
person 0.754418 1592 165 1620 228
person 0.645282 745 145 758 175
person 0.631428 1497 168 1521 235
person 0.616735 1804 195 1841 275
person 0.555967 556 146 574 178
person 0.516333 1242 153 1262 196
person 0.514425 715 143 730 174
person 0.471659 1556 166 1581 228
person 0.469575 823 164 834 179
person 0.452197 781 147 794 167
person 0.414936 335 119 1902 289
person 0.404733 1511 169 1535 232
person 0.370630 1737 195 1765 228
person 0.323304 1186 142 1198 167
person 0.320590 1714 203 1743 231
person 0.320476 1852 193 1883 245
person 0.289049 0 259 21 290
person 0.995674 838 241 885 358
person 0.993889 1657 240 1710 355
person 0.993760 467 301 532 459
person 0.992203 689 277 733 392
person 0.989321 1154 242 1192 347
person 0.985106 1269 334 1346 509
person 0.974686 1410 252 1459 392
person 0.972684 181 259 226 357
person 0.924057 761 213 796 291
person 0.923529 1315 217 1349 308
person 0.890136 227 239 267 331
person 0.828730 447 161 474 198
person 0.722720 1592 166 1619 228
person 0.690753 743 143 757 174
person 0.677332 1241 153 1262 199
person 0.576542 1497 169 1521 234
person 0.560506 1803 195 1840 275
person 0.531931 557 147 575 178
person 0.517893 781 144 793 167
person 0.509754 716 143 730 173
person 0.439088 1736 196 1766 229
person 0.432518 318 117 1918 287
person 0.422052 1556 166 1581 229
person 0.421586 1513 169 1536 231
person 0.403990 823 164 834 179
person 0.363732 1850 194 1892 271
person 0.325739 1186 141 1199 167
person 0.311054 1715 203 1742 231
person 0.276668 1084 140 1099 164
person 0.253716 0 260 21 290
person 0.258624 498 158 515 185
person 0.252025 1377 132 1397 173
