person 0.994204 1656 238 1710 354
person 0.994084 828 237 884 357
person 0.990002 1150 242 1189 346
person 0.988093 686 278 733 391
person 0.987956 455 311 526 442
person 0.985128 1408 255 1460 388
person 0.977230 1269 333 1342 510
person 0.972105 755 211 789 295
person 0.970629 180 259 227 357
person 0.930634 1307 218 1340 310
person 0.893471 230 239 270 328
person 0.823648 448 162 475 198
person 0.733741 1241 152 1261 197
person 0.692736 744 143 757 175
person 0.692396 1592 166 1619 228
person 0.634529 1801 195 1839 277
person 0.564540 557 146 575 178
person 0.557194 715 142 730 174
person 0.512195 781 144 794 167
person 0.508678 1496 169 1521 233
person 0.402261 1736 196 1766 229
person 0.402155 349 118 1892 286
person 0.384355 1557 166 1581 229
person 0.373074 1083 139 1098 164
person 0.363874 1513 169 1537 231
person 0.341377 823 165 834 178
person 0.324528 1186 142 1198 167
person 0.320461 1847 193 1889 272
person 0.278180 1714 203 1743 231
person 0.991788 823 238 884 356
person 0.991021 1654 239 1706 352
person 0.987190 453 311 526 445
person 0.985474 1406 254 1460 387
person 0.977589 754 211 788 293
person 0.975279 682 280 731 388
person 0.975258 1148 242 1186 346
person 0.964005 1271 334 1343 511
person 0.957960 180 260 222 355
person 0.957016 1305 219 1338 310
person 0.857075 232 242 269 327
person 0.851975 1240 151 1261 197
person 0.846146 447 162 474 199
person 0.705056 743 143 757 174
person 0.669351 1592 167 1619 228
person 0.587701 1804 191 1832 249
person 0.573034 556 146 575 179
person 0.568333 1496 169 1521 234
person 0.476831 715 143 729 172
person 0.447121 782 145 794 166
person 0.438392 312 119 1919 282
person 0.393521 1556 167 1581 229
person 0.377427 1082 139 1099 165
person 0.369248 1737 196 1765 229
person 0.360447 1513 170 1536 232
person 0.337178 824 164 835 178
person 0.333700 1185 141 1198 167
person 0.303856 1714 203 1742 231
person 0.296249 500 159 516 185
person 0.273411 1017 140 1027 158
person 0.267004 1377 130 1398 173
