person 0.991469 1653 237 1703 354
person 0.990984 1408 254 1457 387
person 0.986274 1148 240 1183 347
person 0.976099 819 243 867 355
person 0.971196 448 317 523 442
person 0.967982 1268 331 1338 511
person 0.966495 670 281 717 389
person 0.966166 1301 218 1336 310
person 0.953787 754 211 785 295
person 0.952747 176 259 223 356
person 0.903011 233 244 270 326
person 0.805479 449 163 474 198
person 0.783057 1239 153 1261 195
person 0.682586 1592 166 1619 228
person 0.627411 743 144 757 175
person 0.586380 1497 168 1521 235
person 0.571838 1800 194 1835 278
person 0.492074 557 146 575 178
person 0.448485 163 257 198 356
person 0.444494 517 125 1919 289
person 0.428458 781 145 794 166
person 0.405796 1736 195 1767 229
person 0.308683 757 238 776 281
person 0.370031 1512 169 1536 232
person 0.366413 1557 167 1581 229
person 0.363897 715 144 728 172
person 0.350700 1804 193 1831 244
person 0.340815 1845 193 1885 274
person 0.336443 1080 138 1098 165
person 0.310987 1714 203 1742 231
person 0.280676 1 261 22 290
person 0.277377 499 159 515 186
person 0.271129 822 164 833 178
person 0.261504 1185 142 1198 168
person 0.259184 1016 139 1027 158
person 0.994103 1405 255 1458 387
person 0.992829 1651 236 1702 354
person 0.985344 1145 243 1182 346
person 0.976735 810 242 861 352
person 0.964816 441 312 506 443
person 0.959362 175 258 218 357
person 0.955184 1268 328 1339 513
person 0.954780 1300 218 1335 310
person 0.930262 748 214 784 294
person 0.925808 670 282 714 389
person 0.911029 233 242 271 328
person 0.845994 449 163 474 197
person 0.692010 1239 151 1260 195
person 0.651459 1592 166 1619 227
person 0.611536 162 257 199 356
person 0.589412 743 145 757 175
person 0.565710 1798 194 1835 277
person 0.559708 1845 193 1885 275
person 0.542394 1497 168 1522 235
person 0.499994 557 146 576 179
person 0.435070 1735 195 1767 230
person 0.307728 753 241 774 280
person 0.388973 781 146 793 166
person 0.390182 498 159 514 185
person 0.389638 823 164 834 178
person 0.379520 1081 138 1098 164
person 0.371464 317 122 1913 291
person 0.359652 1557 166 1581 229
person 0.338198 1513 169 1537 231
person 0.333517 716 145 730 173
person 0.325310 1714 203 1743 231
person 0.311366 0 261 22 290
person 0.263687 1186 142 1199 167
