person 0.997619 1402 258 1459 387
person 0.992398 1652 235 1702 354
person 0.986469 803 242 852 353
person 0.979857 1143 245 1180 344
person 0.978633 745 213 780 294
person 0.972403 437 313 503 445
person 0.965762 1294 219 1333 311
person 0.951956 1264 328 1333 513
person 0.951669 661 282 707 389
person 0.923602 234 242 271 327
person 0.915221 176 260 220 354
person 0.828806 158 258 198 354
person 0.805199 450 163 474 196
person 0.716727 1843 195 1887 277
person 0.716446 1592 167 1618 227
person 0.617023 743 144 756 175
person 0.610075 1238 150 1258 195
person 0.589729 1798 192 1833 275
person 0.487947 1497 168 1521 233
person 0.432825 557 147 576 179
person 0.359716 751 237 770 279
person 0.423286 1082 139 1098 164
person 0.419386 1556 166 1580 229
person 0.408289 1735 195 1767 230
person 0.388600 1714 202 1743 231
person 0.380310 516 123 1919 294
person 0.358416 781 144 793 165
person 0.360723 1513 169 1537 230
person 0.345033 499 159 514 185
person 0.312220 1 261 22 290
person 0.306504 823 165 834 178
person 0.294840 1377 129 1397 175
person 0.291676 717 145 730 173
person 0.267197 1014 141 1024 159
person 0.997228 1398 258 1457 386
person 0.992231 1651 235 1700 353
person 0.987215 1139 245 1178 345
person 0.977995 799 242 846 354
person 0.972350 1291 219 1332 312
person 0.966033 427 315 499 444
person 0.963860 656 277 699 379
person 0.953309 1264 331 1331 512
person 0.949151 744 214 778 295
person 0.941619 236 240 272 326
person 0.936614 170 262 221 354
person 0.839338 449 163 474 196
person 0.769720 1237 149 1258 196
person 0.701507 742 143 755 174
person 0.679616 1592 167 1618 226
person 0.646378 1841 192 1885 274
person 0.633548 1797 192 1832 275
person 0.586906 781 144 793 167
person 0.552283 1497 169 1521 233
person 0.464726 749 233 771 281
person 0.524006 559 146 577 178
person 0.480013 500 158 516 186
person 0.464500 1082 139 1098 165
person 0.449875 1556 167 1580 228
person 0.418156 303 116 1919 288
person 0.401181 1735 194 1768 230
person 0.369462 518 157 533 183
person 0.367338 1513 170 1536 230
person 0.349787 717 144 731 172
person 0.326603 1714 202 1743 231
person 0.301169 1 262 23 290
person 0.302316 823 164 833 178
person 0.303048 1187 142 1200 167
person 0.271921 1015 140 1025 158
person 0.254525 1379 128 1398 173
