person 0.995091 1397 256 1456 386
person 0.992595 1651 235 1698 354
person 0.991742 1135 243 1177 345
person 0.989977 414 316 489 441
person 0.973283 651 282 703 388
person 0.965947 1288 218 1328 310
person 0.963302 794 241 838 352
person 0.956231 740 214 777 293
person 0.943218 237 238 272 324
person 0.934648 1263 329 1329 512
person 0.932089 166 262 224 354
person 0.853489 450 162 475 197
person 0.764054 1235 151 1257 195
person 0.701039 743 143 756 175
person 0.641692 1592 167 1619 226
person 0.613399 1836 190 1883 278
person 0.577265 1796 191 1834 277
person 0.490051 748 233 772 282
person 0.502414 558 146 576 178
person 0.444786 1498 168 1521 232
person 0.413181 321 115 1910 289
person 0.402850 1556 166 1581 228
person 0.401568 1082 140 1098 165
person 0.389087 1734 194 1770 230
person 0.361320 1 261 23 290
person 0.339341 1511 169 1535 229
person 0.338430 499 159 514 185
person 0.336359 716 144 729 172
person 0.320270 779 145 791 165
person 0.303077 822 164 833 178
person 0.288015 1186 142 1199 168
person 0.283666 518 157 533 183
person 0.280952 1713 202 1743 231
person 0.995883 1396 256 1452 384
person 0.991674 1652 235 1698 355
person 0.984646 1133 245 1175 344
person 0.983805 784 242 829 351
person 0.971545 649 281 701 388
person 0.960693 235 239 273 323
person 0.938525 157 262 226 355
person 0.931659 738 215 774 296
person 0.931365 414 321 482 439
person 0.927477 1287 217 1325 312
person 0.902867 1264 328 1328 514
person 0.798114 449 163 474 196
person 0.755027 1235 153 1255 194
person 0.705041 742 143 755 175
person 0.680649 1835 192 1882 279
person 0.613797 1592 166 1619 226
person 0.564926 1786 193 1822 276
person 0.524268 1498 168 1521 234
person 0.406698 746 237 770 282
person 0.478340 557 145 576 178
person 0.426569 1 262 22 290
person 0.430123 1556 166 1581 229
person 0.388659 779 143 793 166
person 0.384394 336 116 1890 287
person 0.363261 1082 142 1097 166
person 0.358302 1512 168 1535 230
person 0.352538 1735 194 1769 230
person 0.329432 717 144 731 173
person 0.317017 1017 139 1028 159
person 0.297634 499 158 515 185
person 0.286689 1840 232 1875 279
person 0.261755 1187 143 1200 168
person 0.256851 1712 201 1743 230
