person 0.994490 1650 234 1698 355
person 0.993617 1129 242 1179 346
person 0.993572 1397 252 1450 384
person 0.984634 781 240 826 351
person 0.980868 641 272 702 389
person 0.960100 406 315 472 438
person 0.952451 1285 216 1319 310
person 0.951278 733 215 768 298
person 0.927851 236 239 274 325
person 0.887727 143 261 210 356
person 0.832814 1262 326 1322 515
person 0.820149 449 162 474 196
person 0.795027 1235 152 1256 195
person 0.743578 1787 193 1822 277
person 0.714702 742 144 755 175
person 0.649381 1592 167 1619 227
person 0.553136 1833 194 1883 279
person 0.510333 1498 167 1521 234
person 0.509763 559 145 576 177
person 0.465092 1556 165 1581 230
person 0.414702 0 261 21 291
person 0.391192 1512 168 1535 231
person 0.382565 1188 143 1201 167
person 0.368863 201 114 1745 287
person 0.358197 1083 143 1098 165
person 0.330380 820 164 831 178
person 0.284385 1735 193 1768 229
person 0.278949 1449 148 1472 197
person 0.270508 497 159 513 185
person 0.250600 1714 201 1743 230
person 0.995097 1648 233 1696 355
person 0.995026 1396 252 1444 384
person 0.991368 1128 244 1176 345
person 0.987287 773 240 821 352
person 0.969770 1284 215 1316 308
person 0.964404 635 270 703 388
person 0.962585 398 304 464 431
person 0.956806 1255 327 1317 514
person 0.941602 239 237 281 324
person 0.934453 143 259 209 358
person 0.920130 730 216 762 295
person 0.801439 449 162 473 195
person 0.783304 1235 153 1255 194
person 0.718137 1786 194 1822 277
person 0.689522 1593 167 1619 226
person 0.675500 743 144 756 176
person 0.627516 1498 168 1522 234
person 0.546650 558 145 576 179
person 0.389834 739 235 762 282
person 0.496658 1556 167 1581 229
person 0.450545 1834 193 1880 278
person 0.437291 1511 168 1534 230
person 0.405805 1 261 22 290
person 0.410948 283 114 1919 283
person 0.408541 821 163 832 178
person 0.344151 1083 141 1096 161
person 0.340383 499 159 515 185
person 0.335085 1010 140 1020 158
person 0.325907 1188 143 1201 168
person 0.295555 225 156 246 196
person 0.278020 1736 193 1768 229
person 0.256353 1378 130 1398 175
