person 0.997519 921 277 963 408
person 0.994031 984 273 1031 401
person 0.984640 867 232 894 321
person 0.977897 1106 239 1148 354
person 0.971568 623 272 671 381
person 0.945794 1433 226 1465 320
person 0.903844 1190 229 1219 325
person 0.888416 1624 220 1667 308
person 0.811966 492 166 510 197
person 0.742216 1371 192 1395 254
person 0.715546 682 221 713 293
person 0.707018 1649 214 1690 306
person 0.691524 973 225 996 285
person 0.656140 1724 210 1763 311
person 0.652659 675 160 691 189
person 0.606090 527 162 542 190
person 0.593762 598 161 611 187
person 0.581999 439 185 460 208
person 0.550454 274 126 1661 310
person 0.543804 565 164 579 189
person 0.534995 1297 208 1329 302
person 0.443806 642 160 657 185
person 0.330391 1064 207 1094 303
person 0.277402 695 239 719 282
person 0.296718 1302 208 1324 271
person 0.265314 229 162 246 194
person 0.997570 924 277 968 411
person 0.995600 983 273 1028 401
person 0.974319 869 232 896 323
person 0.973622 624 272 674 382
person 0.960297 1113 240 1149 355
person 0.955829 1191 230 1220 326
person 0.939157 1435 225 1465 320
person 0.864200 1623 221 1665 308
person 0.786944 492 166 509 196
person 0.767146 975 223 998 285
person 0.760953 1371 191 1395 254
person 0.686818 1651 216 1690 305
person 0.627619 684 226 711 284
person 0.607422 675 160 691 189
person 0.586117 1724 212 1764 309
person 0.551866 439 185 460 208
person 0.538428 278 123 1651 312
person 0.531224 526 161 541 189
person 0.468054 1294 200 1323 283
person 0.461832 565 163 580 188
person 0.419382 640 160 655 186
person 0.379508 1806 212 1837 268
person 0.377726 598 160 610 184
person 0.373086 1062 202 1091 286
person 0.341784 694 238 718 283
