person 0.996066 1394 248 1440 386
person 0.995120 1648 231 1696 355
person 0.991632 760 234 816 354
person 0.990851 1127 243 1174 345
person 0.985570 385 302 455 433
person 0.980132 140 258 214 359
person 0.974559 240 235 284 325
person 0.966865 1282 217 1314 309
person 0.940116 1255 329 1314 513
person 0.931919 630 271 682 383
person 0.828001 449 162 473 195
person 0.816382 1785 193 1820 276
person 0.751734 1234 151 1255 194
person 0.735292 724 219 758 298
person 0.687567 1592 167 1619 228
person 0.681652 744 146 757 175
person 0.629137 1498 168 1521 234
person 0.621874 558 146 576 178
person 0.518009 1081 142 1094 164
person 0.505087 1556 167 1581 230
person 0.470330 1835 193 1880 278
person 0.467154 1512 168 1535 230
person 0.454620 820 164 832 178
person 0.399620 318 116 1915 283
person 0.397998 1011 141 1021 158
person 0.353135 1 262 22 290
person 0.332282 499 159 514 185
person 0.296779 1735 193 1767 229
person 0.273323 1714 202 1742 230
person 0.271046 780 145 792 164
person 0.264029 1187 143 1200 167
person 0.251729 611 143 625 175
person 0.995575 374 303 447 432
person 0.995092 1394 251 1438 382
person 0.988359 757 235 810 352
person 0.986840 1646 233 1696 353
person 0.984436 1128 244 1171 345
person 0.975741 241 235 283 326
person 0.974518 143 258 211 359
person 0.970994 626 273 674 383
person 0.946550 1281 216 1310 309
person 0.937736 1256 329 1313 513
person 0.788691 448 161 474 195
person 0.724444 1234 151 1254 193
person 0.721807 744 145 757 175
person 0.717432 1786 196 1821 275
person 0.684318 1593 167 1618 226
person 0.649685 1498 168 1521 232
person 0.577912 559 146 576 176
person 0.557066 1836 192 1880 278
person 0.530340 722 220 758 297
person 0.474558 1082 140 1095 163
person 0.464804 1556 168 1580 229
person 0.463464 1512 169 1535 229
person 0.428855 821 163 832 179
person 0.385304 529 119 1919 288
person 0.325767 1 262 21 289
person 0.332379 1011 140 1021 158
person 0.329165 1736 194 1767 229
person 0.303492 1187 142 1199 166
person 0.298888 497 158 513 185
person 0.255508 611 143 625 175
