person 0.994095 366 304 432 426
person 0.992137 1392 247 1434 386
person 0.989914 1645 234 1694 353
person 0.985605 618 273 667 383
person 0.985116 243 233 286 326
person 0.977226 141 259 209 357
person 0.973031 1128 244 1171 345
person 0.962459 752 235 807 350
person 0.948880 1249 329 1310 514
person 0.863255 1279 215 1310 309
person 0.802689 448 161 474 195
person 0.746718 1783 193 1820 276
person 0.696214 719 219 750 295
person 0.686202 744 144 757 174
person 0.678067 1233 151 1253 193
person 0.649624 1592 168 1619 228
person 0.598052 1834 193 1878 280
person 0.562451 1498 168 1521 232
person 0.513489 559 147 577 176
person 0.475691 1556 167 1581 230
person 0.473377 1513 168 1537 230
person 0.415066 822 162 832 178
person 0.401323 1 261 22 289
person 0.358564 332 118 1900 286
person 0.351767 1082 141 1095 163
person 0.308766 1737 193 1768 230
person 0.265425 498 158 514 185
person 0.991620 1390 252 1430 386
person 0.991557 361 304 425 428
person 0.989257 1645 233 1693 353
person 0.987764 244 232 289 327
person 0.984907 739 235 797 349
person 0.975360 1247 328 1308 515
person 0.971124 140 259 207 355
person 0.966147 614 275 661 383
person 0.950672 1272 217 1302 306
person 0.948949 1129 243 1170 345
person 0.797950 448 161 474 194
person 0.747739 1782 193 1819 275
person 0.672350 1593 167 1618 226
person 0.641939 744 146 757 174
person 0.581191 719 216 746 299
person 0.569827 1234 151 1253 190
person 0.542033 1833 193 1875 279
person 0.530220 1513 169 1537 229
person 0.517938 559 147 576 176
person 0.515890 1497 169 1521 230
person 0.461102 1556 169 1581 229
person 0.437700 824 162 834 178
person 0.404540 1082 141 1095 162
person 0.375344 1 262 21 289
person 0.349337 546 119 1919 287
person 0.326336 1735 193 1767 229
person 0.285312 781 145 793 163
person 0.266174 499 158 515 185
person 0.254821 1187 141 1199 163
