person 0.991651 246 231 295 325
person 0.991280 1644 235 1691 352
person 0.990929 1387 249 1430 388
person 0.990368 353 304 414 431
person 0.986378 738 239 788 348
person 0.984584 1242 327 1305 515
person 0.976829 133 257 206 357
person 0.962339 610 277 659 383
person 0.949880 1269 217 1299 307
person 0.894889 1119 242 1158 346
person 0.794488 449 161 475 194
person 0.712580 1781 193 1817 276
person 0.691372 745 146 758 173
person 0.683961 1232 152 1252 192
person 0.669128 1593 168 1619 227
person 0.585113 715 216 744 297
person 0.503313 1497 170 1521 230
person 0.485402 1512 170 1536 229
person 0.462186 1556 170 1581 229
person 0.453806 560 148 576 176
person 0.415637 825 162 835 178
person 0.392519 0 261 21 289
person 0.390599 1081 141 1092 161
person 0.326948 318 117 1906 290
person 0.303197 779 145 790 164
person 0.278724 499 159 514 185
person 0.271231 716 220 737 269
person 0.275042 1187 142 1199 166
person 0.269862 1381 133 1401 175
person 0.268317 1735 193 1766 230
person 0.269225 1449 149 1472 199
person 0.255457 1822 228 1855 280
person 0.993573 345 305 405 430
person 0.992777 247 233 300 326
person 0.987589 1241 329 1306 514
person 0.985683 1643 235 1690 352
person 0.979258 730 235 780 353
person 0.975816 125 257 202 358
person 0.968819 1118 241 1157 345
person 0.967699 1267 217 1298 307
person 0.967644 1386 252 1429 383
person 0.942519 598 278 647 380
person 0.842886 449 161 475 193
person 0.762759 1779 192 1817 275
person 0.712695 1232 150 1252 192
person 0.653911 1593 168 1619 227
person 0.629507 747 147 759 172
person 0.512328 713 220 737 265
person 0.520213 1831 192 1873 279
person 0.465223 1513 170 1537 229
person 0.455387 560 148 576 176
person 0.418074 0 261 21 289
person 0.392575 332 119 1892 289
person 0.372176 1497 171 1520 228
person 0.370910 824 162 835 176
person 0.370312 1556 170 1581 228
person 0.359076 1081 141 1094 162
person 0.341000 1735 192 1765 231
person 0.331129 779 145 791 164
person 0.285379 710 217 745 296
person 0.280253 1449 150 1471 197
person 0.252235 501 159 516 185
