person 0.988937 251 234 305 323
person 0.988691 1236 325 1306 516
person 0.983885 1642 233 1689 353
person 0.978052 592 278 645 379
person 0.972185 338 307 405 430
person 0.972163 1263 218 1297 307
person 0.966151 725 237 773 351
person 0.964693 121 259 192 357
person 0.953193 1118 241 1156 345
person 0.940231 1371 252 1422 382
person 0.830717 450 161 475 193
person 0.818086 1230 151 1252 192
person 0.757265 1778 191 1817 276
person 0.648057 1593 168 1619 226
person 0.561714 747 147 760 173
person 0.493363 0 261 21 289
person 0.465896 1514 170 1538 228
person 0.435814 560 148 576 176
person 0.422257 1081 141 1093 162
person 0.393372 711 222 733 264
person 0.382946 1557 171 1581 228
person 0.375931 825 162 836 177
person 0.361891 1496 171 1520 227
person 0.352001 1829 192 1873 280
person 0.345683 319 118 1904 289
person 0.320176 1188 142 1201 164
person 0.287832 1736 193 1766 230
person 0.269793 1449 149 1471 197
person 0.266442 711 229 756 335
person 0.250142 1818 228 1854 279
person 0.996369 325 304 397 425
person 0.994661 1231 327 1307 513
person 0.992803 257 234 305 322
person 0.991229 584 274 646 385
person 0.979693 1370 252 1423 382
person 0.977088 1259 219 1296 307
person 0.971215 119 257 189 359
person 0.969352 1119 242 1153 345
person 0.961861 720 231 766 346
person 0.958710 1642 233 1689 353
person 0.850082 449 160 476 194
person 0.740125 1230 150 1251 194
person 0.729785 1592 167 1619 225
person 0.680223 1776 191 1816 276
person 0.657507 746 145 759 173
person 0.506455 1080 142 1091 162
person 0.492420 0 260 22 289
person 0.492244 1513 170 1537 227
person 0.486253 558 146 575 176
person 0.397576 1557 170 1581 227
person 0.381891 1812 228 1853 279
person 0.378783 1733 192 1767 231
person 0.354903 562 123 1919 289
person 0.339499 1497 172 1520 227
person 0.308995 824 161 834 176
person 0.288237 611 145 624 173
person 0.279837 1449 149 1471 197
person 0.252993 779 144 791 163
person 0.250238 520 149 534 174
