person 0.995803 314 304 387 418
person 0.993954 580 272 636 383
person 0.993889 1227 324 1306 514
person 0.989641 264 235 305 320
person 0.979963 1253 219 1293 309
person 0.978282 1369 255 1423 379
person 0.974447 706 217 754 354
person 0.966233 1116 235 1150 340
person 0.952067 1630 235 1678 351
person 0.871345 110 263 170 351
person 0.835671 450 160 476 194
person 0.790045 1772 189 1813 277
person 0.775134 1592 166 1620 224
person 0.629640 746 146 759 173
person 0.517153 1513 170 1537 227
person 0.505521 1 260 22 288
person 0.481515 1079 142 1091 163
person 0.471445 558 147 575 177
person 0.453404 1814 193 1856 277
person 0.437548 1556 171 1581 226
person 0.397980 1231 150 1250 191
person 0.380375 210 122 1728 290
person 0.351564 1497 171 1520 227
person 0.324170 780 144 792 164
person 0.297846 1734 192 1765 231
person 0.282782 824 162 835 176
person 0.272154 1009 140 1019 158
person 0.256242 1450 151 1472 197
person 0.996558 299 302 384 421
person 0.995078 1223 326 1308 513
person 0.990774 574 271 631 384
person 0.986437 701 217 748 356
person 0.984432 1368 253 1421 380
person 0.972825 269 233 309 321
person 0.968546 1247 220 1290 307
person 0.964958 1115 241 1147 346
person 0.952361 1631 235 1677 351
person 0.934234 105 264 166 351
person 0.828109 1227 151 1249 194
person 0.811739 450 160 476 194
person 0.809023 1772 188 1812 276
person 0.761680 1593 166 1620 225
person 0.628796 749 146 761 172
person 0.490076 557 146 574 177
person 0.481253 1513 170 1537 228
person 0.458958 1813 193 1855 278
person 0.433281 1 261 22 288
person 0.398858 1556 171 1581 227
person 0.395444 1497 172 1520 229
person 0.385016 1079 143 1090 163
person 0.370449 578 121 1919 294
person 0.344331 697 218 724 254
person 0.308257 824 162 834 175
person 0.285504 1190 142 1202 164
person 0.273751 1732 192 1762 231
