person 0.994139 1223 326 1307 514
person 0.983757 697 213 744 358
person 0.980554 572 277 623 381
person 0.975744 1366 254 1422 379
person 0.972315 283 300 383 428
person 0.971414 1112 234 1144 341
person 0.962125 1246 219 1288 308
person 0.950422 1634 233 1676 340
person 0.934570 98 266 164 350
person 0.861913 1226 152 1248 194
person 0.803127 449 160 476 194
person 0.768528 1771 189 1811 275
person 0.738888 748 147 760 173
person 0.738838 1593 167 1620 225
person 0.726858 271 231 312 316
person 0.495487 557 147 574 176
person 0.476872 1513 170 1537 229
person 0.428138 556 119 1919 288
person 0.401363 1556 171 1580 227
person 0.372886 781 144 792 163
person 0.365404 1080 144 1091 162
person 0.335075 1809 230 1846 277
person 0.322380 2 261 22 288
person 0.328718 1497 171 1520 229
person 0.297466 824 162 835 176
person 0.273991 1422 147 1444 198
person 0.261014 1732 192 1762 231
person 0.992360 1225 327 1304 512
person 0.990357 691 213 744 358
person 0.988303 1363 252 1418 380
person 0.980928 1247 217 1286 307
person 0.976870 1110 237 1142 337
person 0.974167 278 299 378 429
person 0.950296 1633 232 1677 341
person 0.949532 564 276 605 377
person 0.886821 90 264 158 353
person 0.841329 282 229 319 325
person 0.838917 1226 155 1247 192
person 0.801809 448 160 476 195
person 0.777776 1768 188 1809 276
person 0.732923 1593 165 1619 225
person 0.681269 747 146 760 173
person 0.471606 556 146 574 176
person 0.468792 1809 192 1850 277
person 0.461881 1513 170 1536 228
person 0.411207 561 119 1919 290
person 0.352229 781 143 792 163
person 0.349415 1557 171 1581 227
person 0.342492 1497 172 1519 227
person 0.327426 2 262 22 288
person 0.286691 1084 144 1095 163
person 0.267155 1422 147 1443 198
