person 0.994109 1225 326 1303 514
person 0.985607 690 222 741 351
person 0.984797 1361 254 1414 379
person 0.969012 1633 231 1674 343
person 0.959623 1105 235 1139 340
person 0.956889 1244 216 1278 307
person 0.949312 559 275 599 377
person 0.944773 266 300 360 431
person 0.908082 86 270 165 358
person 0.868122 282 230 318 326
person 0.795493 1227 154 1248 191
person 0.765846 449 160 476 194
person 0.739483 1768 190 1807 276
person 0.731365 1592 167 1619 225
person 0.726196 747 147 760 174
person 0.588793 1808 192 1847 280
person 0.484941 557 146 574 177
person 0.453735 1513 170 1537 228
person 0.412976 550 116 1919 292
person 0.383833 1558 171 1582 227
person 0.372302 1497 173 1519 227
person 0.330485 2 262 22 288
person 0.351419 782 143 792 162
person 0.288927 1382 129 1401 174
person 0.284405 1081 143 1093 162
person 0.992541 1224 327 1297 513
person 0.989170 1358 252 1415 381
person 0.982698 551 276 594 378
person 0.981008 259 310 343 426
person 0.979307 1630 233 1674 342
person 0.979294 1100 236 1138 339
person 0.977468 687 225 735 347
person 0.966768 284 230 323 318
person 0.949036 1242 216 1277 306
person 0.930763 79 266 167 364
person 0.809717 450 160 476 194
person 0.781318 1592 166 1619 226
person 0.738203 1227 156 1247 191
person 0.735642 1767 189 1810 278
person 0.719030 749 146 761 174
person 0.539781 1807 190 1848 281
person 0.505690 1513 169 1537 229
person 0.491744 557 146 575 177
person 0.420843 1557 170 1581 227
person 0.384295 547 117 1919 289
person 0.382461 782 143 792 163
person 0.288942 2 261 22 288
person 0.288380 684 218 708 259
person 0.298552 1497 173 1518 226
person 0.286208 500 158 517 184
person 0.276909 824 162 835 175
person 0.271220 1383 129 1401 174
person 0.269677 1081 143 1093 163
person 0.257545 1190 145 1202 165
person 0.253363 716 146 729 171
person 0.251506 1057 143 1068 161
