person 0.990139 1224 328 1296 512
person 0.985039 1354 251 1411 381
person 0.982363 254 307 322 432
person 0.980276 284 228 328 320
person 0.978579 685 226 728 350
person 0.976954 1629 232 1674 343
person 0.975703 545 274 586 381
person 0.962330 1100 235 1135 339
person 0.955915 1242 215 1276 307
person 0.948062 76 269 161 365
person 0.796838 450 160 476 194
person 0.784840 1592 167 1619 226
person 0.745099 749 146 762 174
person 0.656936 1226 155 1245 189
person 0.604281 1765 189 1811 276
person 0.548548 1515 168 1538 229
person 0.510091 1556 169 1580 228
person 0.503105 557 146 575 177
person 0.459583 1802 193 1846 280
person 0.385251 782 142 792 162
person 0.333876 2 262 22 289
person 0.341884 555 115 1919 293
person 0.330531 681 217 704 255
person 0.296991 1496 170 1518 228
person 0.283102 1082 143 1094 163
person 0.280095 1421 146 1443 196
person 0.277525 1056 144 1067 161
person 0.256334 0 245 19 285
person 0.250067 823 162 835 176
person 0.995637 242 303 310 428
person 0.989532 674 216 717 355
person 0.985441 287 232 333 318
person 0.984296 1225 327 1292 513
person 0.982867 1355 249 1408 383
person 0.980114 1627 230 1669 343
person 0.979184 536 276 584 381
person 0.974953 1097 243 1138 344
person 0.943897 1235 218 1267 306
person 0.891322 71 267 139 363
person 0.812921 450 160 476 194
person 0.778841 1592 167 1618 227
person 0.688508 749 147 762 173
person 0.682347 1226 154 1245 190
person 0.532183 1514 167 1538 230
person 0.530417 1556 169 1580 228
person 0.505302 1767 189 1808 276
person 0.468499 557 147 575 177
person 0.413819 1 262 22 289
person 0.380061 1804 190 1843 280
person 0.345774 782 143 792 163
person 0.340172 1421 145 1444 197
person 0.328117 549 119 1919 293
person 0.318983 1382 128 1401 176
person 0.280102 1496 170 1518 227
person 0.260741 673 218 697 253
person 0.262003 0 246 19 285
person 0.261471 717 147 729 171
