person 0.993975 232 301 299 426
person 0.988040 1622 231 1667 342
person 0.986269 671 224 716 348
person 0.981697 287 235 337 319
person 0.980751 1356 246 1402 385
person 0.967030 530 276 586 381
person 0.966779 1096 242 1138 344
person 0.961306 68 270 133 362
person 0.954268 1226 327 1291 513
person 0.950590 1234 216 1266 307
person 0.752352 450 161 476 194
person 0.747851 1225 153 1245 191
person 0.706802 1592 167 1617 228
person 0.680851 749 146 762 173
person 0.517268 1770 191 1810 278
person 0.503796 1514 167 1537 231
person 0.487484 1798 195 1839 281
person 0.460644 1556 168 1580 228
person 0.429302 1 262 21 290
person 0.416821 558 147 576 176
person 0.386255 781 143 792 163
person 0.352170 669 217 694 256
person 0.334197 717 146 730 171
person 0.316612 1421 145 1443 196
person 0.315211 1382 128 1402 177
person 0.283500 1497 171 1518 227
person 0.266215 548 118 1919 291
person 0.991895 664 216 717 354
person 0.984830 216 300 292 417
person 0.981012 1622 231 1666 339
person 0.980573 294 238 340 320
person 0.967183 66 275 132 363
person 0.964000 520 271 567 380
person 0.963210 1094 245 1136 342
person 0.962608 1355 246 1400 385
person 0.957555 1232 216 1264 307
person 0.897552 1225 329 1291 513
person 0.760651 449 161 477 195
person 0.743857 1224 155 1246 192
person 0.724221 1591 167 1617 227
person 0.649424 750 146 763 173
person 0.552362 1769 191 1811 279
person 0.490705 558 147 576 178
person 0.479037 1514 168 1538 230
person 0.407130 1 263 21 289
person 0.468526 1797 198 1838 279
person 0.440497 1555 168 1579 228
person 0.357220 1382 128 1402 177
person 0.319441 716 145 729 171
person 0.303077 781 142 792 163
person 0.280168 1422 147 1443 195
person 0.277859 530 121 1919 290
person 0.271106 824 163 834 176
person 0.260351 610 144 624 173
person 0.253139 1497 171 1518 226
