person 0.989106 1620 230 1666 343
person 0.985517 658 218 710 356
person 0.982374 200 298 298 431
person 0.981660 61 274 130 361
person 0.977263 1354 246 1399 384
person 0.972825 297 241 344 320
person 0.971725 1230 217 1263 308
person 0.967110 514 273 557 380
person 0.914989 1093 243 1135 343
person 0.848690 1225 328 1292 513
person 0.767648 1224 153 1246 193
person 0.738023 449 160 476 193
person 0.723989 1592 167 1618 228
person 0.663310 750 146 763 173
person 0.622149 1768 190 1807 279
person 0.576481 1797 198 1839 280
person 0.456062 1514 167 1537 231
person 0.455198 1556 167 1580 229
person 0.446902 559 148 577 177
person 0.423329 1054 143 1066 163
person 0.351399 1 263 21 290
person 0.366635 823 163 833 177
person 0.347891 661 222 686 255
person 0.351186 1496 169 1520 229
person 0.343146 521 120 1919 285
person 0.337102 717 145 730 171
person 0.326419 1186 144 1199 167
person 0.317399 1383 127 1404 177
person 0.310984 1421 146 1443 196
person 0.306768 781 143 792 164
person 0.302196 1082 143 1095 163
person 0.279917 1745 192 1786 272
person 0.991299 1618 231 1663 340
person 0.985862 654 218 708 355
person 0.984508 300 241 345 321
person 0.980927 192 301 290 430
person 0.975659 508 274 552 379
person 0.968299 1227 217 1259 307
person 0.968243 51 268 128 364
person 0.933395 1354 252 1391 360
person 0.911915 1092 245 1134 342
person 0.819680 1217 329 1282 510
person 0.734860 450 160 476 195
person 0.712082 1592 167 1618 226
person 0.673842 1225 153 1245 192
person 0.644271 750 146 763 173
person 0.590197 1768 190 1807 278
person 0.588466 1798 199 1838 279
person 0.485611 1557 166 1581 229
person 0.460752 822 164 833 178
person 0.435839 559 148 577 177
person 0.431359 1512 167 1536 231
person 0.419114 1496 168 1521 230
person 0.309235 2 264 24 290
person 0.383542 1053 143 1066 162
person 0.356502 1745 190 1783 273
person 0.327884 780 143 791 164
person 0.325170 1382 128 1404 177
person 0.319243 1421 147 1443 197
person 0.318323 716 145 729 171
person 0.298232 350 113 1873 287
person 0.257316 1081 141 1095 162
