person 0.996638 926 275 974 415
person 0.994985 983 272 1029 401
person 0.971288 1114 239 1150 355
person 0.959824 626 272 674 381
person 0.946062 1192 231 1221 324
person 0.941830 1436 224 1468 322
person 0.920722 870 232 895 324
person 0.848606 1623 222 1663 307
person 0.782502 492 167 510 197
person 0.754745 975 224 998 283
person 0.689591 674 160 691 189
person 0.664077 1371 192 1395 253
person 0.655778 684 226 710 284
person 0.654868 1653 216 1690 306
person 0.568998 1060 202 1090 285
person 0.558594 439 185 459 208
person 0.551583 277 128 1652 306
person 0.539685 527 162 541 189
person 0.512775 1724 238 1767 315
person 0.469887 1290 199 1320 285
person 0.465565 564 164 578 188
person 0.452393 643 160 657 185
person 0.358610 1808 211 1838 268
person 0.352177 1323 206 1347 271
person 0.337615 700 160 713 185
person 0.304931 695 237 718 283
person 0.253468 597 161 609 182
person 0.994264 982 273 1029 400
person 0.993094 928 276 976 414
person 0.955542 1117 242 1151 353
person 0.952113 873 233 904 325
person 0.951975 1438 225 1470 324
person 0.944800 627 273 674 380
person 0.916787 1194 230 1222 324
person 0.886180 1623 221 1664 309
person 0.791009 977 224 999 286
person 0.788234 492 166 510 197
person 0.703926 684 227 710 282
person 0.672051 1652 215 1690 306
person 0.619065 674 160 690 189
person 0.577296 527 162 542 190
person 0.575226 1371 193 1395 253
person 0.564065 274 126 1657 306
person 0.553493 439 185 459 207
person 0.538347 1060 202 1089 286
person 0.530623 1726 214 1765 308
person 0.476845 1323 206 1349 273
person 0.457757 566 164 580 188
person 0.416837 643 160 658 185
person 0.403834 1289 200 1320 284
person 0.366587 1809 212 1840 268
person 0.345382 598 163 611 186
person 0.303754 695 237 718 282
person 0.324683 700 160 713 185
