person 0.993309 1617 233 1662 342
person 0.987455 300 239 347 321
person 0.982858 646 223 707 351
person 0.978634 1223 217 1256 309
person 0.977015 173 308 284 426
person 0.959077 1348 250 1392 380
person 0.953416 48 269 120 360
person 0.952292 501 277 547 379
person 0.870303 1086 238 1119 336
person 0.867502 1221 324 1271 493
person 0.744219 1592 167 1617 227
person 0.630871 449 160 477 195
person 0.590096 750 146 762 172
person 0.565109 1771 189 1808 278
person 0.558041 1224 151 1245 194
person 0.553296 1743 192 1782 272
person 0.533402 1796 200 1836 281
person 0.474339 1556 167 1580 230
person 0.420750 1512 168 1535 231
person 0.416727 558 147 577 178
person 0.376354 822 164 832 179
person 0.351805 333 115 1885 283
person 0.347920 1082 141 1096 163
person 0.312095 1421 149 1443 198
person 0.308425 1382 128 1402 175
person 0.305230 1006 140 1016 159
person 0.303162 1497 170 1520 228
person 0.295748 1052 145 1065 164
person 0.264647 716 146 728 171
person 0.992908 1616 232 1662 343
person 0.987036 303 236 345 321
person 0.986791 176 298 250 427
person 0.977189 1345 249 1394 382
person 0.971644 1218 218 1253 308
person 0.970238 43 268 119 363
person 0.935307 642 219 695 354
person 0.926058 1217 318 1270 502
person 0.912167 490 280 535 373
person 0.900901 1085 239 1117 333
person 0.741808 1593 167 1618 228
person 0.707407 449 161 477 196
person 0.678195 1222 152 1243 195
person 0.631844 1743 194 1784 272
person 0.583817 751 147 763 172
person 0.525155 1776 193 1814 279
person 0.510006 1794 201 1833 281
person 0.493935 1557 166 1581 230
person 0.469181 558 147 576 178
person 0.424383 1512 167 1535 232
person 0.386280 341 118 1891 285
person 0.382647 1085 142 1097 163
person 0.350067 1052 144 1064 162
person 0.342633 821 165 831 178
person 0.322065 1421 152 1442 197
person 0.276760 1901 215 1919 272
person 0.271356 1382 130 1402 175
person 0.251588 1007 141 1016 158
person 0.250155 1497 170 1519 225
