person 0.995367 171 303 238 430
person 0.995284 1613 232 1662 342
person 0.983368 304 236 344 322
person 0.982617 1210 218 1250 307
person 0.966677 1336 252 1385 378
person 0.948535 33 262 97 370
person 0.941512 635 216 682 352
person 0.936754 479 280 531 372
person 0.925686 1216 321 1267 497
person 0.897806 1084 240 1115 331
person 0.722788 449 161 477 195
person 0.686431 1743 194 1783 272
person 0.681364 1220 154 1242 196
person 0.673783 1592 167 1618 227
person 0.583406 750 146 762 172
person 0.581136 1794 201 1833 281
person 0.555692 1900 213 1919 274
person 0.550375 1777 194 1814 279
person 0.519932 558 146 576 178
person 0.505692 1511 167 1536 232
person 0.488319 1556 166 1580 230
person 0.399513 1052 146 1064 165
person 0.368220 335 123 1899 284
person 0.348952 1421 153 1443 197
person 0.330218 820 165 831 178
person 0.330692 1497 170 1520 227
person 0.283216 1086 142 1098 163
person 0.269256 1850 197 1882 225
person 0.994989 1612 232 1661 344
person 0.993505 167 301 223 428
person 0.984420 304 235 344 321
person 0.980761 1208 221 1250 308
person 0.976823 471 280 524 375
person 0.973389 1335 255 1383 374
person 0.971714 628 218 676 349
person 0.964880 32 265 90 369
person 0.918290 1213 323 1265 496
person 0.915550 1082 238 1114 334
person 0.757416 450 161 477 196
person 0.746793 1220 154 1241 196
person 0.704919 1592 167 1618 227
person 0.693813 747 146 760 174
person 0.677433 1744 194 1783 273
person 0.600418 1779 192 1814 280
person 0.588439 1901 211 1919 275
person 0.556015 558 146 576 178
person 0.523455 1556 166 1580 230
person 0.508879 1793 199 1833 282
person 0.492325 1512 168 1536 232
person 0.394509 334 125 1900 281
person 0.390088 1496 170 1519 228
person 0.355449 821 165 832 178
person 0.340374 1422 154 1442 200
person 0.330703 1053 145 1065 164
person 0.263445 1086 141 1098 163
person 0.256519 1850 197 1881 225
person 0.254970 1451 155 1472 198
