person 0.994990 1610 233 1661 343
person 0.992579 1332 256 1382 375
person 0.986163 464 277 516 379
person 0.983572 304 234 342 321
person 0.981969 622 218 668 350
person 0.981924 151 305 209 425
person 0.973471 29 265 85 370
person 0.968948 1208 220 1246 308
person 0.906451 1213 318 1264 501
person 0.880393 1080 235 1113 335
person 0.844836 450 161 478 198
person 0.839311 1220 154 1240 194
person 0.765624 1738 194 1784 272
person 0.753943 1899 211 1919 272
person 0.722590 1592 166 1619 228
person 0.661695 748 144 760 172
person 0.655721 1779 193 1819 279
person 0.526415 1556 165 1581 230
person 0.491280 556 145 575 178
person 0.439671 1512 169 1537 232
person 0.409385 1496 172 1519 228
person 0.384737 359 125 1876 282
person 0.354976 1851 196 1879 225
person 0.346055 781 143 791 164
person 0.335539 1791 200 1835 281
person 0.327638 1422 154 1443 198
person 0.312404 874 149 883 166
person 0.288697 1054 145 1065 163
person 0.270799 820 165 831 178
person 0.266536 1083 142 1094 162
person 0.995695 1611 233 1659 342
person 0.994089 1329 253 1384 378
person 0.988238 139 303 204 427
person 0.984448 620 219 663 348
person 0.983095 301 234 342 321
person 0.978189 20 262 83 372
person 0.977943 456 279 516 378
person 0.960080 1205 220 1244 309
person 0.904999 1211 318 1262 503
person 0.885262 1079 234 1111 336
person 0.854330 449 161 477 198
person 0.854605 1220 154 1240 195
person 0.778218 1740 195 1781 274
person 0.741020 1780 196 1818 280
person 0.733245 1594 167 1619 226
person 0.653417 748 145 761 173
person 0.635033 1900 212 1918 269
person 0.574406 1556 164 1580 229
person 0.557468 1497 171 1520 229
person 0.549286 555 145 575 179
person 0.503448 1511 169 1534 229
person 0.453912 352 125 1891 280
person 0.395145 1422 153 1442 198
person 0.368685 1852 196 1881 226
person 0.354902 1052 144 1064 163
person 0.295536 782 143 792 163
person 0.272699 1086 142 1098 163
person 0.260291 821 165 831 177
