person 0.994837 125 300 197 422
person 0.989660 1610 232 1655 339
person 0.989526 301 232 344 321
person 0.988218 15 263 81 376
person 0.986468 1325 254 1381 377
person 0.973357 446 279 497 372
person 0.964036 615 222 657 346
person 0.924081 1204 221 1241 308
person 0.915440 1209 320 1260 497
person 0.870055 448 161 478 198
person 0.831482 1740 197 1780 277
person 0.811715 1220 155 1240 194
person 0.765769 1781 196 1820 279
person 0.756151 1077 234 1109 338
person 0.706491 1593 166 1619 225
person 0.660576 750 144 764 173
person 0.571064 1556 163 1581 228
person 0.560614 556 145 576 179
person 0.531445 1900 208 1919 271
person 0.467084 1497 171 1520 229
person 0.438593 1512 169 1535 229
person 0.355720 779 143 791 165
person 0.345664 561 126 1919 292
person 0.311126 1052 145 1064 162
person 0.302357 1083 142 1095 163
person 0.269997 821 166 832 178
person 0.267358 611 144 625 174
person 0.258355 1851 197 1880 226
person 0.258299 1423 155 1443 196
person 0.997247 209 356 285 534
person 0.995868 783 293 851 426
person 0.994061 459 220 506 344
person 0.986605 1311 252 1375 344
person 0.985920 1659 243 1713 383
person 0.976777 619 224 657 322
person 0.973625 1134 220 1172 304
person 0.973642 1513 275 1571 458
person 0.972732 1246 225 1287 328
person 0.971046 541 253 582 360
person 0.929408 394 211 432 292
person 0.896641 14 281 67 392
person 0.816733 1011 186 1041 266
person 0.745825 1419 206 1445 266
person 0.711418 1081 203 1111 286
person 0.677723 497 156 512 184
person 0.483899 1592 166 1619 226
person 0.440869 388 123 1842 294
person 0.381885 749 148 761 173
person 0.367155 1561 162 1586 223
person 0.362410 530 157 543 180
person 0.342094 1512 161 1538 228
person 0.340244 1779 177 1808 226
person 0.324046 557 149 572 176
person 0.268142 630 146 641 174
person 0.259961 563 158 577 179
