person 0.996150 214 356 290 534
person 0.994278 788 294 853 426
person 0.992148 1662 245 1715 381
person 0.990688 461 218 507 345
person 0.985677 540 252 583 359
person 0.983808 1318 248 1384 342
person 0.982754 1247 228 1288 326
person 0.980581 1512 281 1571 452
person 0.977490 620 224 657 323
person 0.962950 1137 219 1176 306
person 0.945428 15 278 68 392
person 0.939571 397 213 433 290
person 0.788308 1420 209 1447 267
person 0.721156 496 156 512 185
person 0.701605 1011 191 1043 268
person 0.600403 1083 210 1109 274
person 0.510190 1591 166 1619 226
person 0.491313 370 124 1866 290
person 0.437344 749 148 762 173
person 0.390042 1562 161 1587 224
person 0.347743 1512 160 1537 227
person 0.269058 1 263 26 289
person 0.315687 630 147 641 173
person 0.308622 1780 178 1808 226
person 0.306953 560 150 575 175
person 0.294263 1490 168 1515 225
person 0.250223 435 179 466 204
person 0.280244 529 156 542 181
person 0.264446 820 163 830 177
person 0.262293 565 158 580 179
person 0.994579 791 295 858 426
person 0.993658 220 357 295 536
person 0.993033 1663 245 1716 382
person 0.990939 465 218 508 345
person 0.990535 541 252 585 361
person 0.987820 1320 248 1391 341
person 0.987213 620 224 657 323
person 0.979394 1249 225 1289 327
person 0.973129 1512 282 1570 448
person 0.969152 1142 217 1184 310
person 0.967611 16 278 71 393
person 0.951585 399 213 434 290
person 0.866031 1012 192 1044 267
person 0.768125 1422 208 1450 267
person 0.740838 1082 205 1114 285
person 0.693671 497 156 512 184
person 0.539400 387 122 1850 290
person 0.525032 1592 165 1619 226
person 0.440093 1561 160 1586 225
person 0.344929 435 179 468 205
person 0.358449 749 147 762 173
person 0.324929 1488 167 1513 226
person 0.313350 529 156 543 181
person 0.310086 1514 160 1539 226
person 0.296695 559 150 573 175
person 0.294447 631 147 642 174
person 0.283216 1783 194 1814 230
person 0.271573 821 164 831 177
