person 0.995900 796 298 861 424
person 0.994079 224 356 303 535
person 0.993013 464 218 512 346
person 0.990486 1664 245 1718 382
person 0.989218 1252 223 1290 328
person 0.987302 544 253 586 361
person 0.985284 1325 248 1393 340
person 0.978471 1147 215 1188 306
person 0.975632 19 278 73 394
person 0.975084 622 224 657 322
person 0.957185 1502 284 1583 448
person 0.880710 399 213 435 290
person 0.835475 1012 191 1044 268
person 0.766711 1084 204 1114 284
person 0.584235 1592 166 1620 227
person 0.570546 1423 204 1449 268
person 0.571235 498 156 513 183
person 0.555725 365 120 1868 292
person 0.463305 1561 161 1587 224
person 0.337067 748 147 762 174
person 0.335562 1514 160 1539 226
person 0.316682 1490 169 1515 228
person 0.298871 559 150 573 175
person 0.279392 822 164 832 177
person 0.267733 1784 195 1814 230
person 0.997801 802 297 868 424
person 0.990066 465 218 513 346
person 0.988344 230 355 301 533
person 0.984676 1256 221 1294 328
person 0.980853 1665 248 1719 380
person 0.979299 621 225 660 322
person 0.977398 1511 283 1571 446
person 0.975626 20 278 74 393
person 0.971719 1152 215 1190 301
person 0.969869 544 254 587 362
person 0.941079 400 213 437 289
person 0.926461 1343 246 1396 344
person 0.756018 1085 205 1115 283
person 0.687805 1013 191 1044 269
person 0.672110 496 156 512 185
person 0.650975 1427 205 1457 265
person 0.543944 369 120 1866 296
person 0.466605 1592 165 1620 226
person 0.434055 667 146 679 178
person 0.423936 1561 162 1586 225
person 0.364563 1490 168 1514 227
person 0.297088 435 179 467 205
person 0.316587 749 147 763 173
person 0.313247 559 150 572 175
person 0.310550 1514 159 1539 226
person 0.283638 633 148 644 174
person 0.282909 533 150 546 175
person 0.252332 614 147 625 173
person 0.250867 821 164 831 177
