person 0.998436 808 296 872 426
person 0.987723 465 220 516 346
person 0.985235 543 252 589 362
person 0.980236 230 353 302 532
person 0.980004 1262 221 1294 329
person 0.978096 1512 282 1571 447
person 0.976513 622 225 661 322
person 0.973464 20 277 77 393
person 0.969287 1666 247 1720 381
person 0.908791 400 213 439 288
person 0.901986 1356 245 1400 330
person 0.864781 1154 216 1194 299
person 0.856207 1430 206 1461 266
person 0.649786 1012 192 1045 268
person 0.648712 1085 204 1116 283
person 0.557159 497 157 512 183
person 0.356812 411 235 432 272
person 0.504260 368 120 1870 303
person 0.485008 665 145 679 179
person 0.426115 1562 162 1587 223
person 0.425052 1592 166 1620 225
person 0.332124 436 179 467 205
person 0.272500 1 264 23 289
person 0.317205 561 150 574 175
person 0.295994 1516 161 1540 223
person 0.292687 633 148 645 175
person 0.274588 751 148 763 171
person 0.276970 1147 136 1165 167
person 0.257683 1488 170 1510 224
person 0.252531 1783 179 1809 226
person 0.250443 821 164 831 177
person 0.998612 813 292 872 427
person 0.987256 543 252 589 363
person 0.986935 1265 219 1300 330
person 0.986653 20 274 78 395
person 0.985970 622 224 662 324
person 0.985263 469 221 518 346
person 0.979625 1513 284 1570 448
person 0.974522 1169 217 1207 299
person 0.965254 233 353 299 529
person 0.958543 1680 251 1726 364
person 0.956304 1360 245 1402 344
person 0.863282 401 211 438 282
person 0.840922 1433 208 1466 265
person 0.753529 1085 205 1116 283
person 0.647781 1015 188 1043 265
person 0.578086 496 157 512 183
person 0.569528 352 120 1880 293
person 0.333342 412 235 433 273
person 0.491925 666 146 679 178
person 0.423119 1592 166 1619 226
person 0.397096 1562 162 1587 222
person 0.311543 1 264 22 289
person 0.323624 436 180 467 205
person 0.297575 751 148 764 172
person 0.290144 1148 137 1164 168
person 0.285007 531 156 545 180
person 0.282766 561 152 575 175
person 0.270890 1781 178 1808 226
person 0.266064 634 149 645 175
person 0.262253 565 158 578 178
person 0.252714 821 164 831 177
