person 0.990536 818 288 872 428
person 0.987396 1266 218 1300 332
person 0.983469 468 219 520 348
person 0.981762 1680 251 1728 363
person 0.981672 22 272 82 396
person 0.978527 544 253 591 362
person 0.975472 1512 289 1571 440
person 0.974992 1175 217 1211 302
person 0.969709 622 225 662 320
person 0.963468 1372 245 1408 346
person 0.934525 235 352 299 530
person 0.891207 402 213 439 289
person 0.827771 1433 195 1469 272
person 0.804542 1085 204 1116 285
person 0.642445 497 157 512 184
person 0.620565 1016 188 1044 264
person 0.545274 665 146 679 178
person 0.534894 306 124 1919 290
person 0.288610 412 235 432 272
person 0.427973 1561 162 1586 223
person 0.400992 1592 166 1619 226
person 0.325838 1 263 21 289
person 0.369669 437 180 468 205
person 0.357611 750 148 763 174
person 0.348095 566 158 580 179
person 0.329277 531 156 545 180
person 0.287784 562 152 576 175
person 0.282730 613 148 625 172
person 0.261336 1785 194 1813 230
person 0.261083 1661 156 1678 193
person 0.990894 828 295 879 419
person 0.987658 1683 250 1732 365
person 0.982430 546 254 592 361
person 0.981203 1511 287 1571 441
person 0.979156 23 273 85 395
person 0.979028 1179 218 1217 303
person 0.974467 624 225 664 321
person 0.968152 1266 219 1303 327
person 0.965654 470 218 522 349
person 0.953439 1374 248 1419 326
person 0.940809 241 352 304 532
person 0.785446 1021 187 1052 264
person 0.767616 1086 205 1116 283
person 0.759201 1438 208 1470 266
person 0.757453 403 210 439 282
person 0.577014 330 124 1895 292
person 0.567546 497 156 513 184
person 0.482237 666 147 678 176
person 0.471432 480 222 509 261
person 0.393976 412 232 434 275
person 0.387627 1561 162 1586 222
person 0.384926 1593 166 1620 226
person 0.309406 1 263 21 289
person 0.363661 751 148 763 172
person 0.349228 438 179 468 205
person 0.349445 567 158 580 179
person 0.311484 871 148 882 168
person 0.305628 820 164 830 177
person 0.300288 531 156 545 180
person 0.297123 614 149 625 173
person 0.292963 635 149 646 174
person 0.279576 563 152 577 175
person 0.264964 1786 194 1814 229
