person 0.992816 1686 251 1736 361
person 0.992240 833 286 878 427
person 0.987983 471 221 522 346
person 0.987424 1185 220 1222 308
person 0.987152 244 354 312 532
person 0.985535 545 253 593 363
person 0.981402 26 274 89 394
person 0.973152 626 225 665 320
person 0.972692 1512 279 1571 449
person 0.941022 1265 220 1304 326
person 0.891780 1384 244 1432 332
person 0.816371 403 209 441 283
person 0.814318 1440 209 1472 266
person 0.781175 1086 205 1116 283
person 0.749408 1022 186 1053 264
person 0.617587 496 156 511 184
person 0.536304 334 124 1891 293
person 0.503649 482 221 507 260
person 0.450651 666 147 678 176
person 0.394471 438 180 468 206
person 0.407974 566 158 580 179
person 0.402913 751 149 762 171
person 0.399293 1561 162 1586 223
person 0.392223 533 156 546 180
person 0.380977 871 148 882 167
person 0.372412 1592 165 1619 224
person 0.306453 1 264 22 289
person 0.318647 613 149 625 173
person 0.312498 819 164 829 177
person 0.295991 564 152 577 175
person 0.278212 0 244 15 287
person 0.259048 636 150 647 173
person 0.252454 1516 161 1542 224
person 0.995705 838 285 881 427
person 0.991558 1688 249 1744 366
person 0.991191 546 253 593 361
person 0.989013 252 352 316 536
person 0.985065 1191 220 1228 306
person 0.984720 470 219 525 347
person 0.979231 27 273 91 395
person 0.978649 1513 281 1572 447
person 0.969575 628 225 668 320
person 0.957496 1377 245 1440 343
person 0.925004 1265 222 1306 326
person 0.818377 406 208 441 284
person 0.779492 1444 211 1472 264
person 0.735947 1086 204 1116 284
person 0.701312 1023 186 1054 264
person 0.582796 496 156 511 184
person 0.511003 338 125 1884 285
person 0.465347 1559 160 1585 224
person 0.438863 1592 165 1619 226
person 0.428164 532 156 546 181
person 0.393190 567 158 581 179
person 0.328400 1 264 21 288
person 0.373962 750 149 762 171
person 0.366523 1778 176 1806 226
person 0.364529 872 147 883 166
person 0.364728 667 147 678 175
person 0.351153 819 164 829 178
person 0.267016 415 232 434 274
person 0.318790 437 179 467 206
person 0.307570 564 151 578 175
person 0.263635 0 245 16 288
person 0.268143 1513 159 1539 225
person 0.258556 1660 156 1677 193
person 0.253213 1085 141 1099 165
