person 0.997542 840 284 884 430
person 0.988337 1692 249 1747 367
person 0.988068 251 350 322 536
person 0.987614 547 254 594 359
person 0.985873 1514 285 1575 447
person 0.978506 630 225 669 321
person 0.970790 31 275 93 394
person 0.962727 1272 222 1318 328
person 0.959391 474 222 526 346
person 0.944595 1387 246 1450 342
person 0.942733 1191 218 1235 309
person 0.847743 1023 188 1055 264
person 0.719359 411 211 441 290
person 0.713553 1085 208 1118 299
person 0.586422 1444 209 1474 262
person 0.515218 484 223 510 256
person 0.514978 496 156 511 184
person 0.503269 1559 160 1585 225
person 0.477678 331 125 1896 287
person 0.455444 1591 165 1619 227
person 0.396767 415 228 435 277
person 0.394528 532 157 546 181
person 0.343222 437 180 467 207
person 0.363525 1778 176 1805 226
person 0.314318 1 264 22 288
person 0.319607 751 149 762 170
person 0.317507 818 164 829 177
person 0.311553 1661 155 1679 194
person 0.294867 566 158 579 178
person 0.273795 0 245 17 287
person 0.257188 667 149 678 174
person 0.250124 872 148 883 166
person 0.997795 840 283 889 432
person 0.990892 1694 247 1754 369
person 0.986322 476 221 528 345
person 0.985424 251 350 326 535
person 0.981425 547 254 594 355
person 0.975738 33 275 95 395
person 0.973517 1272 222 1321 329
person 0.972589 1514 284 1573 447
person 0.969816 631 227 671 320
person 0.968250 1403 242 1455 329
person 0.964366 1202 216 1246 306
person 0.902251 1025 188 1057 265
person 0.871042 408 207 442 285
person 0.684657 496 157 511 184
person 0.574550 1086 207 1119 300
person 0.557693 276 126 1919 280
person 0.551042 531 157 545 181
person 0.547072 1591 165 1619 227
person 0.543737 1560 159 1585 226
person 0.452977 750 148 762 171
person 0.447423 1445 209 1474 261
person 0.411828 1778 176 1805 227
person 0.365125 438 180 467 206
person 0.399261 565 158 578 178
person 0.376373 1662 155 1680 193
person 0.308993 1 264 23 288
person 0.366794 667 148 678 175
person 0.327364 818 164 829 177
person 0.309609 873 150 883 168
person 0.271950 1514 159 1541 225
person 0.254516 0 245 18 287
