person 0.986430 982 275 1028 399
person 0.983980 932 277 976 410
person 0.961230 628 273 675 380
person 0.960351 1119 239 1154 354
person 0.948900 875 233 904 324
person 0.947346 1194 229 1224 325
person 0.943531 1441 227 1472 322
person 0.870250 1623 222 1661 304
person 0.773390 492 166 510 197
person 0.748619 978 224 1001 288
person 0.733065 1653 216 1689 303
person 0.667245 685 227 710 283
person 0.667523 1060 204 1090 285
person 0.664476 672 160 688 190
person 0.643143 1727 215 1765 307
person 0.619892 527 162 542 191
person 0.579815 1368 202 1394 261
person 0.568153 1324 206 1351 275
person 0.560065 439 185 459 207
person 0.552006 1286 200 1317 284
person 0.544745 272 124 1655 304
person 0.449669 565 165 580 190
person 0.412784 1812 214 1841 268
person 0.364390 643 160 657 185
person 0.329138 694 237 717 283
person 0.319512 601 164 616 187
person 0.305027 701 160 714 185
person 0.278809 1053 211 1079 276
person 0.981633 983 276 1028 402
person 0.976727 876 233 905 323
person 0.968134 1441 231 1476 322
person 0.961911 630 274 676 380
person 0.956582 933 283 979 409
person 0.953481 1122 242 1154 352
person 0.918971 1197 229 1225 324
person 0.877199 1621 222 1660 306
person 0.782948 1651 213 1689 305
person 0.741743 492 166 509 195
person 0.731963 1727 214 1766 309
person 0.685852 979 225 1002 288
person 0.685944 684 226 710 284
person 0.682458 672 161 688 190
person 0.584046 1367 202 1393 261
person 0.584453 1284 202 1316 286
person 0.574775 1060 203 1090 285
person 0.551513 439 185 461 208
person 0.533763 270 125 1658 303
person 0.517333 526 162 540 188
person 0.513883 1318 211 1353 296
person 0.474381 566 162 580 188
person 0.450968 1813 215 1841 268
person 0.400624 642 160 656 185
person 0.395292 598 163 611 187
person 0.372526 701 161 714 185
person 0.354598 1052 210 1078 278
person 0.323729 694 236 717 283
