person 0.998520 844 283 893 431
person 0.991588 267 350 333 537
person 0.989158 631 227 673 321
person 0.983734 1695 249 1757 368
person 0.983761 1274 221 1323 328
person 0.978874 1206 216 1250 306
person 0.978154 550 255 595 355
person 0.976759 481 219 528 349
person 0.971986 36 277 93 394
person 0.941415 1514 282 1575 448
person 0.901582 1026 189 1058 264
person 0.875194 1408 239 1461 333
person 0.834296 409 207 444 285
person 0.657704 1094 202 1130 289
person 0.626217 495 157 511 184
person 0.580232 1591 165 1619 228
person 0.534841 271 127 1919 279
person 0.503304 531 157 545 181
person 0.496204 1560 158 1585 225
person 0.484339 748 147 760 171
person 0.351293 1 264 22 288
person 0.396680 1451 196 1478 246
person 0.391583 1662 155 1680 194
person 0.381091 1779 176 1806 226
person 0.354682 565 158 578 178
person 0.309473 438 181 467 206
person 0.345571 1513 157 1540 227
person 0.305802 819 164 829 177
person 0.291714 0 245 18 287
person 0.253441 417 230 436 274
person 0.277024 488 223 512 258
person 0.260247 872 150 882 168
person 0.998943 848 292 903 427
person 0.998276 264 353 341 537
person 0.989415 632 227 674 320
person 0.983291 1278 222 1323 329
person 0.980467 40 278 93 394
person 0.976894 1693 248 1756 377
person 0.975521 1212 217 1258 309
person 0.972659 551 256 595 353
person 0.966330 484 222 527 343
person 0.951276 1429 240 1475 332
person 0.881163 1504 287 1589 447
person 0.868882 1028 192 1059 268
person 0.790788 1093 208 1131 296
person 0.751850 414 216 441 273
person 0.579676 496 156 512 183
person 0.568149 1591 165 1620 228
person 0.530163 1452 197 1482 247
person 0.508613 148 131 1803 282
person 0.489791 531 156 545 181
person 0.481425 1561 158 1586 225
person 0.416490 438 180 467 207
person 0.425106 748 147 760 171
person 0.424093 1661 155 1679 195
person 0.399007 1778 175 1805 226
person 0.342695 1 264 22 288
person 0.384054 1512 157 1540 226
person 0.373117 564 158 578 179
person 0.271711 818 164 829 178
person 0.260517 0 244 19 288
person 0.261967 872 150 883 169
