person 0.999382 850 293 910 432
person 0.998177 262 357 348 536
person 0.982142 1278 221 1325 331
person 0.981138 43 278 95 395
person 0.980994 635 227 676 319
person 0.978306 554 256 597 351
person 0.975385 1217 219 1262 306
person 0.975019 1693 252 1760 374
person 0.971823 486 223 528 342
person 0.923442 1501 286 1592 447
person 0.908091 1435 240 1481 350
person 0.877618 1093 209 1130 295
person 0.826303 1029 193 1060 267
person 0.656137 414 215 442 273
person 0.643524 495 157 511 184
person 0.565726 531 156 544 181
person 0.564916 1591 165 1620 228
person 0.563354 256 127 1919 282
person 0.454015 1560 159 1586 225
person 0.382678 1 264 23 289
person 0.389348 563 157 576 179
person 0.352342 439 182 467 207
person 0.374611 1778 175 1805 227
person 0.367541 1661 155 1679 194
person 0.329635 750 148 762 169
person 0.321541 1513 158 1539 224
person 0.309819 1457 194 1484 245
person 0.280694 818 165 829 178
person 0.998223 851 295 913 433
person 0.998144 264 359 354 535
person 0.982024 635 228 676 319
person 0.981579 1695 252 1762 373
person 0.979101 1281 223 1326 329
person 0.975839 487 224 530 340
person 0.975665 1511 292 1603 442
person 0.975093 557 257 598 350
person 0.968283 45 279 93 396
person 0.962389 1226 221 1266 306
person 0.909219 1444 238 1491 334
person 0.878113 1093 210 1130 295
person 0.852507 1029 192 1061 268
person 0.727909 415 214 451 288
person 0.618043 496 157 511 184
person 0.530594 269 126 1919 285
person 0.513615 1591 165 1619 228
person 0.484629 530 156 543 181
person 0.423988 420 228 444 276
person 0.373765 1 264 22 289
person 0.418706 1560 159 1586 226
person 0.403203 563 158 576 178
person 0.328522 438 182 467 207
person 0.343723 1661 156 1678 194
person 0.311674 747 148 760 170
person 0.297413 1513 159 1540 226
person 0.275507 819 165 829 178
person 0.263817 1455 210 1487 255
person 0.262472 1778 176 1806 226
