person 0.997908 267 360 353 536
person 0.996889 854 298 922 426
person 0.986379 556 258 598 349
person 0.981702 636 228 677 318
person 0.981437 1285 222 1328 330
person 0.974893 1509 293 1605 441
person 0.956707 1695 254 1762 371
person 0.937861 52 279 101 395
person 0.935500 1238 219 1278 311
person 0.933715 1030 191 1061 268
person 0.883172 490 225 529 337
person 0.790833 1094 211 1130 294
person 0.772516 1452 237 1507 333
person 0.673069 417 216 455 287
person 0.587728 243 126 1919 282
person 0.573565 497 157 511 183
person 0.504145 1591 164 1619 228
person 0.502597 527 156 540 181
person 0.415191 1 264 22 289
person 0.444788 438 182 466 208
person 0.421844 564 158 577 179
person 0.399016 1559 160 1586 227
person 0.338983 495 229 519 281
person 0.319138 749 148 762 169
person 0.313944 1661 155 1679 194
person 0.286564 1779 176 1805 227
person 0.278842 501 259 541 340
person 0.275297 820 164 831 178
person 0.996630 856 298 927 429
person 0.996518 270 363 360 534
person 0.983749 1509 293 1607 445
person 0.976920 1292 221 1331 331
person 0.973361 557 259 599 352
person 0.965037 1241 220 1280 311
person 0.959328 1702 253 1779 372
person 0.950250 637 228 678 318
person 0.947785 492 225 529 336
person 0.942762 53 278 102 398
person 0.925174 1463 231 1510 335
person 0.835555 1094 211 1130 293
person 0.784214 1031 192 1063 269
person 0.697800 420 215 448 274
person 0.610479 250 126 1919 283
person 0.543186 497 157 512 183
person 0.516679 527 157 540 181
person 0.512920 1591 163 1619 229
person 0.495755 564 158 577 180
person 0.408757 1 264 23 289
person 0.394318 438 182 467 207
person 0.399412 1557 159 1585 228
person 0.382315 503 257 543 340
person 0.375294 1659 154 1678 196
person 0.296098 821 165 832 178
person 0.262884 749 149 762 169
person 0.264946 1779 176 1805 226
