person 0.996864 275 364 361 534
person 0.990424 860 299 931 429
person 0.984483 1509 293 1615 445
person 0.981992 1298 221 1334 331
person 0.967491 1465 232 1519 333
person 0.966696 561 259 601 350
person 0.964023 54 275 103 400
person 0.941431 639 228 678 317
person 0.940665 1706 254 1780 372
person 0.937662 1246 222 1283 309
person 0.928092 491 225 531 333
person 0.858887 1094 211 1130 293
person 0.730918 424 226 449 280
person 0.649796 1034 195 1059 247
person 0.598207 501 260 542 339
person 0.572481 250 126 1919 286
person 0.554480 497 157 511 183
person 0.540021 565 158 578 180
person 0.487101 1591 163 1620 228
person 0.385849 1 264 23 289
person 0.422751 527 157 539 180
person 0.373927 1558 160 1585 227
person 0.344090 439 181 466 208
person 0.333695 1660 154 1678 195
person 0.290804 822 165 832 177
person 0.277954 750 148 762 169
person 0.265486 1779 176 1805 227
person 0.996654 282 362 365 535
person 0.988568 866 298 938 432
person 0.983119 56 277 107 399
person 0.978250 1514 294 1613 444
person 0.969243 1301 223 1336 328
person 0.966965 1475 241 1525 328
person 0.963853 564 259 602 349
person 0.963481 1711 254 1779 372
person 0.951776 641 228 677 317
person 0.909976 1252 221 1291 311
person 0.901776 500 224 538 339
person 0.852574 1034 193 1060 246
person 0.847159 1094 212 1130 293
person 0.660731 424 229 451 279
person 0.628163 241 124 1919 287
person 0.534547 498 157 513 183
person 0.478615 564 158 578 181
person 0.397805 1 264 22 289
person 0.439129 1592 164 1619 229
person 0.429768 525 157 537 181
person 0.424653 494 221 526 306
person 0.360888 438 180 466 208
person 0.340328 1559 160 1585 228
person 0.321194 1466 212 1495 257
person 0.295428 1660 155 1679 196
person 0.278334 820 165 830 178
person 0.259341 750 148 763 169
person 0.263218 1779 175 1805 227
