person 0.994855 288 362 367 534
person 0.991534 870 299 942 432
person 0.987728 497 225 542 341
person 0.987166 1717 254 1778 372
person 0.980332 1518 293 1622 444
person 0.979269 57 275 112 399
person 0.953922 566 260 604 348
person 0.950401 1301 223 1336 327
person 0.940371 1477 239 1531 332
person 0.931053 640 230 678 315
person 0.883299 1262 219 1298 313
person 0.872919 1094 212 1131 293
person 0.816963 1036 192 1061 252
person 0.660476 242 123 1919 284
person 0.617427 498 158 513 183
person 0.543934 564 158 578 181
person 0.486109 438 180 467 208
person 0.472036 526 157 538 181
person 0.452321 420 215 457 287
person 0.430757 1591 165 1620 229
person 0.406461 1464 213 1498 258
person 0.310823 1 264 23 290
person 0.378307 426 227 449 277
person 0.369030 1558 160 1585 228
person 0.341496 611 157 625 181
person 0.337320 1659 154 1679 197
person 0.292518 820 165 830 178
person 0.250695 435 233 458 277
person 0.265865 749 148 761 168
person 0.267444 1150 140 1164 168
person 0.998470 880 298 948 434
person 0.992212 298 360 369 535
person 0.987622 1725 249 1780 377
person 0.985094 59 273 112 401
person 0.985133 496 222 544 343
person 0.973008 1525 295 1626 440
person 0.963737 565 261 605 349
person 0.948753 1498 239 1540 330
person 0.936712 1264 218 1300 314
person 0.922017 1302 225 1335 328
person 0.896939 1095 212 1132 292
person 0.875068 641 232 678 313
person 0.719338 1036 192 1063 254
person 0.634481 250 124 1919 289
person 0.555387 498 157 512 182
person 0.525220 1479 236 1524 329
person 0.499000 434 229 460 280
person 0.487315 1466 214 1501 262
person 0.464494 426 226 450 279
person 0.453283 438 180 466 209
person 0.449812 1591 166 1619 229
person 0.333352 1 264 24 290
person 0.399307 564 158 577 180
person 0.385632 1558 161 1584 227
person 0.382027 527 156 539 181
person 0.359701 611 157 625 181
person 0.335264 1660 154 1679 195
person 0.293709 818 166 829 180
person 0.257906 750 148 762 168
