person 0.998365 881 298 953 433
person 0.988607 498 223 545 344
person 0.986542 63 277 113 398
person 0.980254 1734 252 1790 364
person 0.972673 310 355 372 535
person 0.970657 1543 294 1612 440
person 0.966659 1506 241 1548 334
person 0.966099 566 260 605 347
person 0.912621 650 229 684 316
person 0.885151 1291 225 1332 326
person 0.868903 1095 212 1131 292
person 0.866197 1037 192 1063 250
person 0.812722 1257 226 1312 324
person 0.634146 253 124 1919 284
person 0.597455 1469 214 1503 261
person 0.590201 498 157 513 183
person 0.550629 433 226 460 282
person 0.457830 526 157 539 182
person 0.453625 563 158 576 181
person 0.409907 438 180 466 208
person 0.413588 1591 167 1619 228
person 0.402442 1559 160 1585 226
person 0.393157 427 228 449 278
person 0.338849 1314 224 1348 324
person 0.272567 1 264 24 290
person 0.314110 611 157 624 180
person 0.304402 749 148 761 169
person 0.266918 1661 155 1679 195
person 0.256557 819 166 829 179
person 0.991599 884 298 954 428
person 0.988311 500 223 548 346
person 0.985359 63 274 117 401
person 0.971793 1737 251 1792 364
person 0.963901 567 260 606 352
person 0.958738 1548 287 1613 444
person 0.949056 1514 241 1556 322
person 0.939673 650 228 686 317
person 0.934239 313 355 376 531
person 0.924769 1095 212 1132 292
person 0.876812 1285 224 1335 324
person 0.823592 1033 187 1065 265
person 0.651780 266 126 1919 280
person 0.640615 1476 217 1511 264
person 0.635811 1263 217 1311 316
person 0.600247 430 215 464 288
person 0.585025 499 157 513 182
person 0.459223 1591 168 1620 228
person 0.457032 527 157 540 181
person 0.357782 1 264 25 289
person 0.386654 562 158 575 180
person 0.370110 1315 225 1349 324
person 0.338897 438 180 466 209
person 0.344255 1559 163 1585 224
person 0.315852 1382 138 1406 186
person 0.307728 752 149 764 169
person 0.275306 819 166 829 180
person 0.257847 1785 195 1815 234
person 0.252611 1663 155 1680 192
