person 0.996299 894 297 961 432
person 0.985412 500 224 552 346
person 0.983230 65 273 119 400
person 0.982974 1515 237 1565 334
person 0.978581 1740 249 1793 366
person 0.957674 566 260 608 351
person 0.938677 1545 298 1633 437
person 0.932098 1095 212 1133 291
person 0.919844 320 355 382 533
person 0.913021 650 229 686 316
person 0.866290 1280 225 1334 322
person 0.712115 1034 188 1065 264
person 0.708191 1479 218 1514 267
person 0.672527 1317 225 1351 324
person 0.667586 430 216 465 287
person 0.595409 498 158 513 183
person 0.587013 259 125 1919 280
person 0.398633 437 180 466 209
person 0.399248 526 157 539 181
person 0.395455 1590 168 1620 230
person 0.385338 1560 162 1586 226
person 0.314986 1 264 24 290
person 0.353111 562 158 575 179
person 0.298267 870 148 880 168
person 0.282035 818 166 828 180
person 0.256355 752 148 763 168
person 0.996512 500 219 555 348
person 0.996086 906 293 964 431
person 0.990826 68 272 120 402
person 0.972049 651 228 687 319
person 0.946571 1559 295 1627 431
person 0.946449 1742 247 1794 369
person 0.938171 326 356 388 537
person 0.938016 567 261 608 352
person 0.935136 1286 225 1343 325
person 0.934030 1036 188 1068 264
person 0.908758 1096 212 1134 291
person 0.886826 1530 240 1576 326
person 0.741321 431 214 466 288
person 0.656020 1483 218 1515 265
person 0.583289 1315 224 1353 328
person 0.566132 497 158 512 183
person 0.540895 270 128 1919 280
person 0.456958 1591 169 1620 230
person 0.405365 1475 199 1519 274
person 0.392871 1561 163 1586 225
person 0.333629 1 263 23 290
person 0.346028 437 180 466 209
person 0.352012 527 156 540 181
person 0.313167 1383 140 1403 184
person 0.310071 563 158 576 180
person 0.296067 870 148 880 168
person 0.268710 752 148 763 168
