person 0.994302 503 220 554 346
person 0.993444 913 289 968 431
person 0.993326 68 274 126 402
person 0.987913 1754 247 1807 363
person 0.980638 651 227 688 320
person 0.956434 1560 296 1631 430
person 0.949926 1290 224 1345 325
person 0.932768 1538 239 1583 322
person 0.916853 1096 212 1133 290
person 0.902704 330 357 392 538
person 0.893415 1486 219 1517 268
person 0.880330 569 261 607 352
person 0.865186 1038 187 1068 265
person 0.649583 496 158 512 184
person 0.642387 432 203 465 283
person 0.609524 256 128 1919 277
person 0.482718 1590 170 1620 230
person 0.467165 527 157 541 182
person 0.420186 1562 164 1586 225
person 0.365841 0 328 28 440
person 0.325659 819 166 829 181
person 0.311366 562 158 576 180
person 0.265627 1 264 22 290
person 0.291728 1784 194 1813 233
person 0.262412 437 180 466 208
person 0.271908 1383 140 1402 183
person 0.257772 1738 195 1770 231
person 0.256522 869 148 879 167
person 0.996493 920 285 973 434
person 0.996139 502 219 557 346
person 0.994845 1759 247 1814 364
person 0.994539 70 276 131 400
person 0.987210 652 226 689 320
person 0.978535 1544 238 1595 317
person 0.962868 1566 300 1632 431
person 0.948138 1311 222 1358 328
person 0.935329 1096 212 1134 291
person 0.930767 1490 218 1522 268
person 0.919423 571 256 614 373
person 0.839554 0 275 29 447
person 0.816014 333 357 397 537
person 0.787070 1044 192 1067 255
person 0.766487 1300 219 1341 311
person 0.694315 439 226 465 281
person 0.640368 497 158 512 183
person 0.617019 263 129 1919 275
person 0.520321 527 157 541 182
person 0.507595 1590 170 1620 228
person 0.450812 1563 164 1588 227
person 0.426962 563 157 576 181
person 0.336211 818 166 828 181
person 0.329450 752 148 763 169
person 0.325835 870 148 879 167
person 0.315921 1784 193 1813 233
person 0.265500 1737 195 1769 231
person 0.261497 1662 157 1679 192
