person 0.996746 503 220 559 343
person 0.995621 72 275 132 400
person 0.993483 1766 249 1817 365
person 0.993233 924 288 981 428
person 0.984132 344 356 407 539
person 0.982156 653 226 690 321
person 0.977427 1549 237 1600 316
person 0.975612 1313 221 1356 329
person 0.967860 1572 290 1635 436
person 0.943514 572 258 616 372
person 0.923143 1096 212 1134 291
person 0.907756 0 290 34 432
person 0.855115 1044 190 1068 257
person 0.818655 1492 216 1526 272
person 0.700577 436 203 469 284
person 0.650270 244 129 1919 274
person 0.602965 496 158 512 185
person 0.550810 1591 169 1620 228
person 0.455759 1560 162 1586 227
person 0.420713 528 157 543 183
person 0.404558 1474 167 1499 221
person 0.350010 438 181 467 208
person 0.326424 820 166 830 180
person 0.324945 561 157 576 181
person 0.302695 1784 194 1813 233
person 0.270219 1663 156 1680 191
person 0.268013 869 147 879 165
person 0.258751 752 148 764 168
person 0.261264 1087 145 1100 168
person 0.997437 341 360 418 537
person 0.994390 936 286 988 430
person 0.994105 74 276 133 400
person 0.993482 507 221 563 347
person 0.990471 1578 288 1639 437
person 0.985631 1772 249 1827 363
person 0.984788 652 226 691 321
person 0.977141 1318 220 1356 331
person 0.966196 572 257 615 372
person 0.948703 0 296 43 429
person 0.943217 1567 237 1613 318
person 0.902750 1097 212 1134 290
person 0.852201 436 201 471 284
person 0.830310 1044 192 1068 253
person 0.659298 262 129 1919 277
person 0.571731 496 157 512 185
person 0.513604 1502 217 1532 268
person 0.497421 1559 162 1584 227
person 0.488587 1592 168 1620 226
person 0.440126 531 156 545 182
person 0.349345 443 232 466 276
person 0.329672 868 148 878 167
person 0.316657 821 166 831 180
person 0.301874 1784 194 1814 233
person 0.278554 1739 196 1770 230
person 0.257177 1086 145 1100 169
