person 0.997833 344 359 423 538
person 0.996057 936 291 993 427
person 0.991060 508 219 563 347
person 0.990205 77 278 132 399
person 0.988711 1582 293 1643 431
person 0.987079 653 226 690 321
person 0.975613 1574 238 1618 318
person 0.972844 1322 218 1358 331
person 0.962633 573 258 615 371
person 0.956152 0 300 49 430
person 0.955266 1779 251 1825 359
person 0.918898 1097 211 1134 291
person 0.772314 1045 193 1070 252
person 0.640894 437 205 472 283
person 0.634773 254 128 1919 280
person 0.557290 1504 217 1537 266
person 0.548780 497 158 512 185
person 0.495449 1592 167 1621 228
person 0.481033 1559 161 1585 226
person 0.390818 869 149 879 168
person 0.370375 530 157 543 182
person 0.340338 1784 194 1814 233
person 0.334860 1740 196 1771 229
person 0.298161 0 263 22 293
person 0.318594 818 166 829 181
person 0.297909 1471 168 1498 225
person 0.998294 345 360 427 537
person 0.994334 943 290 1000 430
person 0.991553 79 277 134 399
person 0.989775 508 218 563 346
person 0.981274 653 228 693 321
person 0.970176 1588 285 1644 435
person 0.957970 575 257 614 371
person 0.951112 0 304 49 430
person 0.944006 1587 237 1627 325
person 0.941258 1325 219 1361 329
person 0.933296 1782 253 1844 359
person 0.926335 1098 212 1135 290
person 0.868365 1046 193 1071 252
person 0.733493 1508 216 1542 267
person 0.679716 438 203 473 285
person 0.672841 263 130 1919 280
person 0.535451 445 226 469 278
person 0.553927 497 157 513 183
person 0.522767 1558 160 1583 230
person 0.412237 529 156 542 182
person 0.411687 1593 166 1620 228
person 0.360279 821 166 832 181
person 0.350359 1472 168 1497 225
person 0.346652 867 149 877 168
person 0.305289 0 262 23 292
person 0.333258 1784 194 1814 233
person 0.313835 1740 196 1772 230
person 0.295886 438 180 467 209
person 0.286161 1085 145 1100 168
person 0.260725 1850 201 1880 228
person 0.252213 1151 142 1166 167
