person 0.980233 983 281 1029 402
person 0.971758 1440 230 1480 323
person 0.971458 632 273 677 381
person 0.964939 876 233 905 323
person 0.955889 1122 238 1155 353
person 0.928870 1198 229 1224 323
person 0.922675 944 285 985 403
person 0.907871 1620 222 1660 307
person 0.735332 1651 213 1689 304
person 0.722092 1727 210 1768 310
person 0.711966 980 227 1002 286
person 0.690888 494 167 510 195
person 0.675997 685 227 711 283
person 0.676396 673 161 689 190
person 0.603756 1286 203 1319 285
person 0.571583 439 184 461 208
person 0.541914 279 123 1650 305
person 0.528785 567 164 581 189
person 0.512160 1318 214 1359 296
person 0.510839 1051 206 1080 283
person 0.484125 525 162 539 188
person 0.457657 1815 217 1844 268
person 0.339144 598 163 610 186
person 0.325462 642 161 655 185
person 0.322287 1370 193 1394 251
person 0.302631 1330 211 1359 267
person 0.263049 1061 209 1094 299
person 0.261455 230 163 247 195
person 0.979086 633 272 679 383
person 0.978828 877 233 906 324
person 0.975201 1438 232 1483 322
person 0.965943 983 275 1027 405
person 0.957984 1122 239 1155 353
person 0.930248 1200 229 1225 324
person 0.901082 945 284 986 404
person 0.865327 1620 221 1660 307
person 0.729017 1652 211 1690 304
person 0.712576 685 227 710 283
person 0.708359 1728 207 1767 310
person 0.666537 674 163 689 190
person 0.663656 492 167 508 195
person 0.652930 1289 201 1321 284
person 0.593334 981 230 1002 284
person 0.568520 1052 206 1080 282
person 0.566162 1321 213 1360 298
person 0.531290 439 184 460 208
person 0.521341 277 123 1650 306
person 0.417475 525 163 539 189
person 0.417568 570 164 583 188
person 0.376075 1817 217 1846 266
person 0.374748 1368 192 1394 253
person 0.341450 643 161 656 185
person 0.313442 1332 210 1360 266
person 0.288171 597 163 608 185
person 0.262001 1061 207 1094 299
person 0.262001 853 147 865 170
