person 0.998460 347 360 431 538
person 0.994475 953 294 1005 428
person 0.985270 80 274 133 400
person 0.983621 655 227 693 322
person 0.976150 512 224 562 342
person 0.975059 1786 253 1844 357
person 0.969490 574 254 615 362
person 0.956529 1599 234 1635 325
person 0.947626 1594 289 1645 430
person 0.946452 0 304 52 428
person 0.944861 1329 224 1366 328
person 0.934921 1098 211 1135 290
person 0.873667 1513 215 1548 270
person 0.803390 1047 194 1072 252
person 0.668230 447 217 472 271
person 0.628990 264 129 1919 280
person 0.555129 497 157 513 184
person 0.473152 1558 160 1585 228
person 0.452569 1593 166 1620 227
person 0.396538 526 156 540 182
person 0.344460 867 148 878 168
person 0.316187 1 262 23 290
person 0.311974 821 166 832 181
person 0.270797 1473 169 1501 225
person 0.250634 438 181 467 208
person 0.998461 350 362 437 537
person 0.994705 960 299 1011 422
person 0.989082 654 226 694 322
person 0.987100 514 221 565 346
person 0.982978 1792 252 1845 357
person 0.979801 87 275 139 399
person 0.969277 574 253 617 361
person 0.950342 0 306 56 427
person 0.942914 1330 219 1374 327
person 0.924098 1098 212 1134 290
person 0.899965 1602 282 1651 432
person 0.884519 1519 213 1552 268
person 0.693742 447 225 473 278
person 0.690701 1048 192 1080 269
person 0.684607 1608 229 1645 327
person 0.621834 534 126 1919 289
person 0.568221 438 207 479 282
person 0.543064 498 157 514 184
person 0.539563 1559 161 1585 224
person 0.507163 1593 165 1620 225
person 0.406717 1 262 23 289
person 0.365784 1471 170 1501 226
person 0.339729 868 148 878 168
person 0.317731 528 156 543 182
person 0.293366 822 165 833 179
person 0.263114 1739 196 1771 230
person 0.255001 1374 152 1392 188
