person 0.998030 354 360 441 537
person 0.992550 1795 246 1852 361
person 0.991655 514 219 569 347
person 0.989653 90 275 139 400
person 0.988773 655 225 695 322
person 0.983514 966 294 1014 425
person 0.965939 575 253 617 359
person 0.964657 1 308 58 425
person 0.953989 1605 276 1655 436
person 0.919011 1098 212 1134 290
person 0.900830 1331 225 1378 328
person 0.898740 1526 212 1556 269
person 0.861311 1614 228 1649 326
person 0.734243 1350 215 1390 311
person 0.679755 448 225 473 278
person 0.704480 1049 192 1076 256
person 0.595980 533 128 1919 285
person 0.545736 497 157 513 184
person 0.489929 1558 162 1585 224
person 0.488943 439 207 479 282
person 0.481267 1593 166 1620 225
person 0.451368 1 263 24 289
person 0.390357 1474 171 1500 228
person 0.315683 868 149 879 168
person 0.283136 822 166 833 179
person 0.276135 751 147 763 168
person 0.274227 526 156 541 181
person 0.262402 1739 197 1771 230
person 0.997780 359 360 446 535
person 0.993056 92 275 142 399
person 0.991686 516 218 568 352
person 0.986104 976 295 1025 424
person 0.985685 1800 247 1855 357
person 0.973996 2 308 59 425
person 0.968895 657 228 697 321
person 0.967636 577 253 616 357
person 0.950966 1611 273 1662 420
person 0.944707 1357 215 1399 314
person 0.931797 1098 212 1135 291
person 0.928322 1530 215 1562 268
person 0.881165 1331 224 1374 329
person 0.676645 1050 192 1081 269
person 0.642929 1619 227 1662 303
person 0.609100 449 225 473 278
person 0.636768 440 205 480 283
person 0.634443 225 129 1919 285
person 0.572249 498 157 513 184
person 0.508158 1 263 24 288
person 0.496793 1593 166 1619 227
person 0.406574 1474 171 1502 229
person 0.372058 1557 163 1583 224
person 0.332505 751 147 763 168
person 0.333100 560 157 574 181
person 0.301961 439 181 467 206
person 0.314563 527 157 541 182
person 0.267484 1738 197 1768 231
person 0.250249 868 149 879 168
