person 0.994248 980 289 1031 428
person 0.994154 369 358 443 536
person 0.992765 1803 243 1862 359
person 0.990241 95 278 143 397
person 0.989631 519 223 569 347
person 0.983557 659 226 696 322
person 0.982780 579 253 616 358
person 0.975743 4 306 59 426
person 0.968712 1601 256 1671 428
person 0.904363 1098 213 1135 291
person 0.898831 1367 219 1406 314
person 0.835908 1339 225 1373 328
person 0.746354 449 218 476 270
person 0.743987 1529 216 1566 271
person 0.635341 1633 234 1668 290
person 0.591078 1 263 24 288
person 0.557820 498 156 514 184
person 0.549446 219 130 1919 283
person 0.484234 1592 164 1619 227
person 0.467351 439 180 468 207
person 0.453135 1055 194 1078 253
person 0.341214 751 147 763 169
person 0.297800 820 165 830 180
person 0.295655 525 157 539 183
person 0.291751 869 149 879 168
person 0.291386 1741 197 1768 229
person 0.279000 1559 162 1584 221
person 0.267825 1474 172 1501 227
person 0.267085 1665 158 1681 191
person 0.993712 983 290 1040 426
person 0.993328 97 272 148 400
person 0.991541 519 221 572 345
person 0.990530 378 356 447 534
person 0.990241 1807 242 1869 355
person 0.987503 661 226 700 322
person 0.982075 9 298 68 433
person 0.976203 581 252 617 356
person 0.965856 1598 254 1673 429
person 0.909229 1372 220 1411 308
person 0.902530 1099 213 1135 290
person 0.886395 1341 226 1375 329
person 0.830560 443 203 484 283
person 0.763609 1533 220 1577 271
person 0.645272 498 157 514 184
person 0.619928 450 218 477 269
person 0.602838 1 263 24 288
person 0.600937 498 126 1919 285
person 0.492970 1637 233 1678 289
person 0.443073 1593 167 1619 225
person 0.421474 1055 194 1079 250
person 0.307546 439 181 469 207
person 0.299281 751 147 763 168
person 0.302757 525 157 539 182
person 0.300838 562 158 576 180
person 0.274971 1064 193 1087 244
person 0.260082 1742 197 1766 228
person 0.258317 870 149 880 169
