person 0.993214 100 271 150 400
person 0.986416 13 293 69 434
person 0.986136 985 294 1050 421
person 0.984209 386 355 450 535
person 0.977291 664 227 699 321
person 0.974271 581 254 618 357
person 0.968922 525 226 569 340
person 0.968554 1808 244 1871 352
person 0.968208 1599 250 1682 431
person 0.957870 1374 220 1415 309
person 0.887637 1341 225 1375 327
person 0.802774 1098 212 1135 291
person 0.785961 451 214 478 273
person 0.770525 1531 213 1587 275
person 0.605486 0 263 23 288
person 0.588094 498 129 1919 288
person 0.567429 1592 166 1620 229
person 0.567720 498 156 514 184
person 0.501386 549 253 580 342
person 0.499710 1647 228 1691 301
person 0.406030 1055 194 1079 243
person 0.336495 1740 197 1766 228
person 0.307234 439 180 467 206
person 0.299209 561 158 575 180
person 0.293251 1712 202 1738 230
person 0.276279 527 157 540 181
person 0.269607 1559 165 1586 222
person 0.264847 752 149 764 168
person 0.265258 1516 163 1537 221
person 0.253381 1664 158 1680 191
person 0.993149 103 275 152 397
person 0.990736 17 293 73 434
person 0.985213 990 294 1059 421
person 0.981532 663 229 704 322
person 0.974326 582 253 621 359
person 0.968411 392 353 451 533
person 0.967876 524 225 571 340
person 0.963563 1823 244 1886 358
person 0.960724 1603 254 1689 425
person 0.926066 1342 225 1376 328
person 0.870635 1099 212 1137 291
person 0.857862 1376 220 1414 311
person 0.820835 447 205 485 282
person 0.744380 1542 219 1583 267
person 0.658173 498 157 514 184
person 0.648756 1655 225 1700 305
person 0.579846 0 263 23 288
person 0.543409 1593 167 1620 228
person 0.496541 493 130 1919 286
person 0.470924 546 251 582 342
person 0.378299 1740 196 1767 230
person 0.367497 525 157 538 182
person 0.353561 438 180 468 207
person 0.353013 1064 193 1087 243
person 0.326650 455 228 478 276
person 0.335707 560 157 575 180
person 0.306732 869 149 879 167
person 0.289950 1712 201 1736 229
person 0.271387 819 165 829 179
person 0.259326 641 158 654 179
