person 0.994782 19 291 78 432
person 0.992031 103 275 154 396
person 0.990521 665 227 706 321
person 0.978589 583 254 622 359
person 0.961677 394 354 454 533
person 0.958982 522 225 570 340
person 0.939480 1835 245 1887 357
person 0.935953 1615 259 1704 421
person 0.895983 1353 228 1395 324
person 0.875762 1549 218 1589 271
person 0.843972 1390 217 1433 304
person 0.827696 1007 292 1068 419
person 0.821696 1667 225 1710 303
person 0.792732 1100 208 1136 284
person 0.761862 449 205 486 282
person 0.720882 498 156 515 184
person 0.654011 546 251 582 345
person 0.619623 0 262 24 289
person 0.583855 501 129 1919 293
person 0.491781 1064 191 1087 245
person 0.481312 525 157 539 182
person 0.463866 1593 167 1620 227
person 0.381733 456 228 479 276
person 0.368190 559 157 574 181
person 0.347102 1739 196 1766 230
person 0.337570 869 149 880 170
person 0.328619 1562 163 1589 225
person 0.297586 818 165 828 179
person 0.260318 437 180 468 207
person 0.266983 609 150 622 175
person 0.255100 1662 158 1679 193
person 0.253751 640 157 654 180
person 0.995321 23 287 84 433
person 0.990072 667 227 709 320
person 0.986023 108 277 157 395
person 0.977067 587 257 628 374
person 0.973158 400 353 459 531
person 0.962742 1350 230 1391 322
person 0.941466 1838 243 1892 358
person 0.933737 1391 219 1442 309
person 0.915587 1015 291 1071 423
person 0.902545 1557 218 1592 272
person 0.898390 1619 262 1708 415
person 0.893815 525 228 569 337
person 0.815467 1670 226 1717 301
person 0.771975 454 215 481 270
person 0.751581 1101 208 1136 284
person 0.732875 543 249 581 344
person 0.633066 499 157 514 184
person 0.615013 0 262 23 289
person 0.601167 489 130 1919 291
person 0.586658 1065 193 1088 244
person 0.455664 1592 167 1620 226
person 0.358983 525 157 539 182
person 0.322366 561 157 574 180
person 0.302849 1738 195 1765 229
person 0.292743 869 149 880 170
person 0.282454 1455 177 1483 227
person 0.271410 1701 157 1721 196
person 0.254421 1563 164 1589 220
person 0.254275 642 158 654 179
person 0.250329 1662 157 1680 193
