person 0.993709 24 286 88 436
person 0.988728 668 227 709 321
person 0.984927 586 257 629 378
person 0.983602 110 278 164 395
person 0.980032 404 352 462 534
person 0.966866 1351 225 1390 323
person 0.960990 1021 291 1076 423
person 0.956310 1399 219 1450 314
person 0.940459 1639 272 1694 399
person 0.923159 1841 243 1899 355
person 0.913556 1683 224 1732 307
person 0.883101 529 227 569 335
person 0.862346 1566 212 1599 272
person 0.856666 457 213 482 273
person 0.811111 1101 207 1135 284
person 0.758919 542 250 582 340
person 0.616118 0 262 23 290
person 0.598837 499 156 516 185
person 0.566340 470 127 1919 291
person 0.481805 1066 194 1088 243
person 0.328936 521 157 536 182
person 0.293613 1453 178 1480 226
person 0.284818 1738 195 1766 230
person 0.989205 25 285 93 436
person 0.988767 670 227 711 319
person 0.988441 591 258 634 375
person 0.987284 405 351 469 533
person 0.987116 110 279 166 395
person 0.976628 1354 226 1395 323
person 0.973940 1643 278 1698 396
person 0.967530 1028 298 1086 418
person 0.955843 1407 220 1458 313
person 0.913068 538 232 578 340
person 0.896205 1688 225 1737 323
person 0.894499 1845 243 1899 351
person 0.809332 1100 207 1135 284
person 0.770363 458 215 482 268
person 0.687140 1569 213 1599 270
person 0.617829 498 156 514 185
person 0.565714 1066 193 1089 243
person 0.540690 495 127 1919 294
person 0.437392 0 261 22 293
person 0.436030 453 203 489 283
person 0.270431 523 157 537 182
person 0.266091 1739 194 1764 231
person 0.264703 869 150 881 170
person 0.253205 721 159 733 178
