person 0.991547 669 226 712 319
person 0.986660 405 352 473 536
person 0.979742 112 275 169 397
person 0.979473 593 255 637 376
person 0.971299 1360 225 1399 323
person 0.970589 1647 261 1699 410
person 0.964185 26 285 100 441
person 0.953737 1034 299 1090 417
person 0.953128 1703 228 1744 321
person 0.950546 1412 222 1458 310
person 0.941297 538 231 581 340
person 0.850109 455 204 490 281
person 0.840000 1848 239 1901 357
person 0.807637 1101 207 1135 284
person 0.804609 1576 215 1608 272
person 0.698987 497 157 514 187
person 0.513763 475 128 1919 292
person 0.377963 1068 194 1091 242
person 0.251680 1068 214 1092 260
person 0.250909 520 156 535 182
person 0.992983 413 349 484 537
person 0.990510 670 227 713 319
person 0.987629 1652 262 1702 414
person 0.987663 596 260 641 374
person 0.975101 112 273 171 399
person 0.953095 1362 221 1402 326
person 0.949993 26 291 104 431
person 0.945974 539 229 585 341
person 0.923082 456 206 491 281
person 0.922101 1414 220 1458 311
person 0.905732 1711 231 1749 318
person 0.878784 1051 287 1099 405
person 0.743911 1099 207 1134 297
person 0.735698 496 157 513 185
person 0.638219 1580 217 1616 269
person 0.529955 470 129 1919 292
person 0.474233 1069 195 1092 242
person 0.496869 1855 245 1902 351
person 0.253751 1069 215 1092 256
person 0.283647 526 156 541 181
person 0.265601 1107 213 1133 269
person 0.264188 559 157 576 180
