person 0.997333 411 349 490 536
person 0.987686 673 227 713 319
person 0.984806 598 259 640 375
person 0.983992 1655 252 1707 425
person 0.975177 538 229 586 341
person 0.956412 1055 284 1104 407
person 0.944070 1423 220 1470 309
person 0.942809 121 275 181 395
person 0.936424 1366 219 1404 326
person 0.917218 1726 220 1765 307
person 0.908808 38 298 117 423
person 0.886178 458 207 492 280
person 0.803589 1098 207 1134 298
person 0.718778 496 157 512 185
person 0.531612 1588 217 1620 268
person 0.499424 453 130 1919 293
person 0.424285 1870 248 1911 350
person 0.336381 1069 212 1093 259
person 0.279451 1071 197 1093 241
person 0.297002 557 157 573 181
person 0.291908 719 159 731 178
person 0.283440 526 156 541 181
person 0.276238 1070 197 1103 279
person 0.998611 413 349 493 538
person 0.986443 599 260 643 374
person 0.979889 673 228 713 317
person 0.975327 40 296 116 430
person 0.966265 541 223 588 344
person 0.963563 122 275 181 395
person 0.958593 1430 219 1474 309
person 0.958641 1663 250 1712 424
person 0.938397 1370 218 1409 328
person 0.854204 458 207 493 279
person 0.841368 1731 224 1771 307
person 0.783597 1054 298 1109 418
person 0.775530 496 156 513 187
person 0.698488 1097 206 1133 302
person 0.631632 1595 213 1624 269
person 0.625437 529 222 568 335
person 0.529846 452 127 1919 292
person 0.461959 1876 241 1917 326
person 0.397528 1074 196 1097 241
person 0.408217 557 156 574 182
person 0.355330 524 155 538 183
person 0.342204 1594 166 1630 268
person 0.289942 1737 196 1764 231
person 0.251565 718 160 730 178
