person 0.997476 418 352 502 535
person 0.985277 43 297 118 432
person 0.984688 542 226 589 342
person 0.983438 125 274 182 395
person 0.981965 674 229 716 319
person 0.982020 598 259 643 374
person 0.963612 1374 216 1411 316
person 0.945078 1435 219 1480 309
person 0.936849 1662 254 1718 419
person 0.860735 1738 225 1780 307
person 0.824372 457 208 494 279
person 0.746490 497 157 514 186
person 0.699025 1069 280 1118 410
person 0.623381 1602 214 1632 269
person 0.612640 1076 196 1100 240
person 0.563610 1097 205 1132 311
person 0.489960 530 224 569 333
person 0.431533 440 123 1919 291
person 0.415947 1880 238 1919 331
person 0.388642 868 148 879 167
person 0.375370 1599 170 1637 268
person 0.286718 470 221 496 266
person 0.322188 524 156 539 182
person 0.307880 557 157 573 181
person 0.253795 2 257 21 308
person 0.276938 1738 196 1764 230
person 0.264766 1712 201 1738 229
person 0.996838 420 352 502 535
person 0.989329 50 298 122 432
person 0.987356 599 258 644 374
person 0.982298 129 270 182 398
person 0.981727 543 224 590 342
person 0.979340 1378 216 1413 316
person 0.972303 676 227 715 317
person 0.963146 1442 219 1483 309
person 0.855014 1079 276 1125 412
person 0.810872 463 208 502 279
person 0.757101 1755 226 1796 306
person 0.725551 497 157 513 186
person 0.708870 1097 208 1133 308
person 0.701863 1679 263 1725 384
person 0.614323 1609 196 1647 272
person 0.551084 529 221 568 333
person 0.506891 1076 195 1101 244
person 0.432950 1884 232 1919 331
person 0.425552 466 120 1919 295
person 0.364440 558 157 573 181
person 0.362395 0 243 23 354
person 0.333340 1593 169 1618 223
person 0.330380 868 148 878 166
person 0.300536 716 160 729 178
person 0.285016 609 158 623 180
person 0.282732 526 156 540 182
person 0.258753 1152 141 1166 166
person 0.251622 818 164 828 178
person 0.251616 1738 197 1763 230
