person 0.997120 423 350 501 533
person 0.993029 54 299 124 427
person 0.989632 129 272 183 396
person 0.975380 602 262 645 373
person 0.970685 546 227 593 338
person 0.970026 1449 216 1485 310
person 0.960820 676 228 716 317
person 0.955523 1379 216 1416 316
person 0.929380 1087 271 1138 414
person 0.892047 1680 256 1729 392
person 0.837268 463 209 502 278
person 0.821401 1762 225 1799 307
person 0.755628 1615 215 1649 268
person 0.657943 1101 207 1134 308
person 0.636620 499 156 515 183
person 0.435640 530 224 568 326
person 0.398072 474 120 1919 292
person 0.355210 1888 226 1919 338
person 0.343581 559 157 574 181
person 0.341907 1594 173 1616 221
person 0.327581 868 147 878 165
person 0.324564 1737 197 1763 231
person 0.303123 1077 197 1100 242
person 0.297384 436 178 464 207
person 0.274082 643 148 656 177
person 0.269999 0 240 22 360
person 0.996986 429 347 501 533
person 0.996442 59 291 126 433
person 0.987700 131 272 183 396
person 0.985887 545 227 593 339
person 0.977647 1094 273 1148 413
person 0.968312 1453 215 1488 308
person 0.948136 1388 215 1426 317
person 0.947384 603 259 643 375
person 0.945861 464 208 502 279
person 0.939235 1685 253 1731 398
person 0.917888 680 223 712 311
person 0.826462 1771 229 1804 316
person 0.785697 1614 204 1664 273
person 0.699663 1102 204 1137 305
person 0.666400 498 156 515 185
person 0.399121 1664 267 1757 405
person 0.397298 867 147 877 166
person 0.375186 483 120 1919 292
person 0.362027 560 157 574 181
person 0.358237 1594 169 1619 222
person 0.341741 1080 195 1102 240
person 0.333914 1738 196 1762 231
person 0.287116 605 157 619 180
person 0.279308 530 226 569 326
person 0.257084 716 160 728 178
person 0.252157 817 163 827 178
