person 0.983583 879 234 909 323
person 0.970984 1441 234 1490 323
person 0.957172 983 276 1029 406
person 0.947215 633 274 680 383
person 0.939303 1128 242 1167 350
person 0.882797 1619 220 1662 309
person 0.828555 1200 230 1227 325
person 0.822037 948 286 990 402
person 0.773898 1729 208 1768 312
person 0.742455 1650 210 1690 305
person 0.691420 673 163 689 191
person 0.685563 1288 202 1321 282
person 0.664353 685 228 710 280
person 0.656167 491 167 507 194
person 0.623462 981 229 1002 284
person 0.548004 1051 204 1079 283
person 0.542054 440 186 462 209
person 0.511111 295 122 1633 310
person 0.481858 526 164 539 188
person 0.437461 1331 211 1360 265
person 0.357124 572 165 584 187
person 0.353040 1361 205 1391 259
person 0.351562 642 162 655 186
person 0.322531 596 164 608 187
person 0.308723 1817 215 1846 266
person 0.284562 1322 212 1360 301
person 0.976044 881 233 910 324
person 0.973853 1442 236 1491 323
person 0.953626 1130 241 1166 353
person 0.951541 638 274 681 383
person 0.929027 1201 229 1229 327
person 0.915873 982 279 1029 404
person 0.881989 1619 220 1661 308
person 0.829638 951 286 999 402
person 0.743100 1731 208 1767 310
person 0.736197 674 164 689 191
person 0.732806 490 167 506 196
person 0.710084 685 221 708 268
person 0.648241 1288 202 1320 283
person 0.604364 1653 212 1691 305
person 0.592868 980 228 1002 283
person 0.544185 1050 206 1079 283
person 0.526932 1324 214 1361 300
person 0.522834 439 185 460 209
person 0.510252 342 128 1869 308
person 0.500434 528 164 540 189
person 0.376029 1364 206 1390 260
person 0.357266 641 163 655 187
person 0.339216 570 165 582 188
person 0.324611 598 164 611 188
person 0.263692 0 266 21 294
person 0.285185 694 237 716 282
person 0.288057 1820 211 1849 264
person 0.277476 1332 212 1356 265
