person 0.996323 435 347 500 531
person 0.995996 63 286 129 437
person 0.992616 1107 272 1156 419
person 0.990068 134 269 184 399
person 0.977369 1690 249 1739 404
person 0.974915 1391 217 1431 315
person 0.942862 466 207 503 279
person 0.942048 604 262 645 372
person 0.940908 1462 210 1497 306
person 0.913741 1778 222 1816 308
person 0.897419 554 255 598 342
person 0.884421 681 223 714 311
person 0.817427 1618 209 1671 275
person 0.533463 499 156 515 183
person 0.504039 866 148 876 167
person 0.421550 1738 196 1764 231
person 0.418647 1594 170 1619 224
person 0.397824 1102 208 1136 303
person 0.366005 0 245 23 352
person 0.350230 716 160 728 179
person 0.341822 509 121 1919 295
person 0.333648 542 223 580 303
person 0.315832 819 164 829 178
person 0.289385 2 263 19 330
person 0.278603 558 157 572 180
person 0.257510 1451 175 1474 215
person 0.254384 1698 157 1716 192
person 0.996475 441 345 501 532
person 0.996405 65 284 127 437
person 0.992934 1112 282 1160 407
person 0.986533 140 273 184 385
person 0.984510 1693 260 1744 394
person 0.972914 1395 219 1436 316
person 0.956210 547 225 594 336
person 0.953614 1465 213 1502 303
person 0.946611 467 207 504 279
person 0.924461 608 261 650 372
person 0.919799 683 225 725 318
person 0.904394 1783 222 1822 306
person 0.789738 1631 218 1671 268
person 0.608249 499 156 515 183
person 0.575370 1103 205 1136 284
person 0.515452 866 148 876 167
person 0.481209 0 247 24 353
person 0.462855 715 160 727 180
person 0.439630 1594 169 1620 224
person 0.431164 1738 196 1765 232
person 0.354226 505 126 1919 291
person 0.345446 560 157 574 181
person 0.303628 819 163 829 178
person 0.263822 3 265 19 329
