person 0.996147 69 285 130 433
person 0.994568 444 342 506 532
person 0.982249 143 273 186 384
person 0.978990 1696 265 1750 384
person 0.974707 1470 210 1510 310
person 0.973325 1124 285 1171 403
person 0.970940 1396 217 1435 318
person 0.964960 1791 225 1837 305
person 0.961232 551 228 596 335
person 0.952908 470 207 506 279
person 0.946430 609 240 653 372
person 0.938488 688 221 722 314
person 0.663617 1102 201 1133 284
person 0.655985 1639 214 1674 267
person 0.654520 496 156 513 184
person 0.494372 1594 168 1620 224
person 0.420742 1736 196 1762 229
person 0.362659 1452 177 1473 216
person 0.348154 499 122 1919 288
person 0.312030 866 147 877 164
person 0.284316 2 264 19 331
person 0.275533 0 245 24 354
person 0.264434 1518 155 1536 203
person 0.252910 820 164 830 177
person 0.994981 72 284 129 436
person 0.991454 453 341 515 532
person 0.985049 1132 280 1175 407
person 0.981565 145 272 187 385
person 0.981348 1396 222 1437 323
person 0.974188 1474 213 1516 309
person 0.973246 1696 267 1752 381
person 0.965185 1799 226 1851 302
person 0.955282 471 208 507 278
person 0.947505 684 227 728 318
person 0.932606 611 234 652 377
person 0.907588 552 224 597 336
person 0.822937 1646 217 1685 273
person 0.742617 495 157 511 184
person 0.638940 1101 196 1132 285
person 0.483903 1593 167 1620 223
person 0.393758 505 124 1919 291
person 0.388074 1736 196 1762 229
person 0.381785 533 156 548 182
person 0.367924 559 157 574 181
person 0.360931 1150 142 1164 170
person 0.328053 0 243 24 354
person 0.319608 2 258 21 306
person 0.322423 1452 176 1473 219
person 0.316162 866 147 876 164
person 0.255690 1713 203 1739 228
person 0.251723 820 163 830 177
