person 0.992453 76 292 133 426
person 0.988492 463 347 527 526
person 0.983873 1803 223 1861 306
person 0.982993 148 272 192 386
person 0.981638 1479 213 1522 307
person 0.976430 1701 266 1755 385
person 0.969612 1399 222 1441 322
person 0.966564 1139 285 1183 401
person 0.958445 685 228 730 317
person 0.954916 473 208 508 278
person 0.951561 612 233 654 376
person 0.916105 553 228 598 335
person 0.906112 1653 215 1689 272
person 0.817676 1097 197 1135 285
person 0.759857 493 158 510 185
person 0.478817 1592 167 1620 223
person 0.441589 1737 196 1764 229
person 0.422449 1151 142 1165 170
person 0.417683 494 123 1919 290
person 0.324158 557 157 572 180
person 0.301090 2 258 21 303
person 0.307465 535 157 550 182
person 0.301232 1187 140 1200 170
person 0.294706 0 240 24 358
person 0.287726 1452 176 1472 217
person 0.285476 717 148 729 171
person 0.277328 867 147 877 163
person 0.274931 1713 202 1737 227
person 0.273066 822 163 831 177
person 0.993724 78 293 134 428
person 0.991022 1142 281 1195 411
person 0.988160 1705 260 1757 387
person 0.975626 152 273 195 383
person 0.974005 613 235 655 377
person 0.968904 1485 215 1523 307
person 0.967636 467 351 531 525
person 0.963111 1402 217 1446 317
person 0.958845 688 227 732 318
person 0.948445 474 207 508 279
person 0.922999 1810 225 1868 303
person 0.885691 554 225 600 337
person 0.830126 1098 196 1134 285
person 0.802688 1662 218 1699 267
person 0.752617 493 157 510 185
person 0.478954 1592 166 1620 225
person 0.406093 1739 196 1766 228
person 0.378275 718 147 730 173
person 0.375492 503 123 1919 291
person 0.354230 1450 173 1474 222
person 0.344006 866 146 877 164
person 0.336293 1151 142 1165 169
person 0.325999 821 164 831 177
person 0.270555 1 257 20 301
person 0.254985 642 146 653 176
