person 0.992261 83 296 143 428
person 0.992084 1143 269 1204 420
person 0.985180 1715 254 1762 384
person 0.970661 692 221 731 313
person 0.967538 615 240 654 370
person 0.962810 1404 218 1450 317
person 0.961132 153 273 196 382
person 0.921593 480 209 508 276
person 0.919410 1830 222 1875 300
person 0.905037 1489 218 1527 303
person 0.842596 1097 192 1134 287
person 0.841358 555 224 601 338
person 0.825493 472 349 534 527
person 0.813493 492 158 509 185
person 0.799314 1670 219 1705 268
person 0.477032 1592 165 1620 225
person 0.397633 1739 196 1764 228
person 0.377269 640 145 652 177
person 0.348959 499 123 1919 290
person 0.321940 1 258 20 301
person 0.320960 583 251 619 347
person 0.310872 1449 171 1474 221
person 0.292691 1151 142 1165 168
person 0.292073 866 146 877 164
person 0.280563 719 146 731 174
person 0.272711 821 164 831 176
person 0.257825 606 149 617 174
person 0.997460 83 294 146 431
person 0.988771 1716 242 1767 395
person 0.986358 156 271 200 385
person 0.983623 613 241 656 369
person 0.968456 1142 270 1212 417
person 0.954971 1405 224 1452 321
person 0.949130 690 229 736 317
person 0.942267 482 209 509 275
person 0.929959 1839 219 1884 303
person 0.922841 1500 215 1534 308
person 0.857623 1099 196 1134 286
person 0.839050 479 353 542 533
person 0.809825 492 158 508 186
person 0.799572 551 224 592 303
person 0.669615 1674 219 1713 268
person 0.450913 1592 165 1620 225
person 0.426090 1740 195 1763 228
person 0.402332 582 251 620 346
person 0.378554 642 147 654 177
person 0.374840 499 120 1919 292
person 0.365478 865 146 877 164
person 0.331629 536 158 550 181
person 0.295724 821 164 831 177
person 0.279405 1 259 20 300
person 0.265449 1564 166 1588 225
person 0.257611 606 150 617 173
