person 0.997527 83 294 150 431
person 0.989847 616 239 658 368
person 0.989211 1718 241 1772 399
person 0.980717 159 270 202 387
person 0.960685 692 227 735 318
person 0.958717 1156 275 1226 412
person 0.943486 1503 215 1538 307
person 0.938959 1410 219 1454 315
person 0.905757 1100 192 1134 287
person 0.903840 485 208 509 274
person 0.898454 479 352 548 531
person 0.862244 1850 220 1895 301
person 0.806411 492 158 508 186
person 0.764290 580 243 618 348
person 0.564774 1689 217 1721 264
person 0.498139 560 230 584 284
person 0.463189 1592 166 1621 225
person 0.446384 558 228 600 336
person 0.413338 517 122 1919 293
person 0.370072 1740 195 1763 228
person 0.341202 865 146 876 164
person 0.320379 1 259 19 300
person 0.312238 821 164 831 176
person 0.302105 642 149 653 176
person 0.293887 1151 141 1165 169
person 0.274966 1562 165 1587 225
person 0.258556 538 158 550 180
person 0.252965 1447 166 1471 220
person 0.996202 83 292 156 433
person 0.994035 483 346 565 532
person 0.985915 618 241 661 368
person 0.981606 1721 237 1777 400
person 0.965214 696 226 737 319
person 0.963996 1507 214 1544 308
person 0.962058 160 269 203 388
person 0.955083 1157 280 1233 407
person 0.932972 1411 217 1455 315
person 0.913708 1099 194 1133 287
person 0.907285 488 208 511 275
person 0.833828 579 246 621 347
person 0.793060 492 157 507 185
person 0.612385 554 223 588 299
person 0.565334 1699 216 1731 261
person 0.525248 1592 166 1621 226
person 0.464377 561 233 584 281
person 0.443592 1859 221 1898 299
person 0.390899 865 146 877 164
person 0.370305 641 148 653 176
person 0.365782 1563 164 1588 225
person 0.351822 276 123 1919 288
person 0.313444 820 164 830 176
person 0.289875 1 259 19 300
person 0.290180 1151 143 1166 169
person 0.281145 1446 169 1471 221
person 0.278123 1740 195 1764 229
person 0.272731 1519 163 1543 221
person 0.263303 607 151 617 173
person 0.253530 535 158 548 180
