person 0.996886 483 348 570 533
person 0.996242 88 296 157 431
person 0.989132 1723 242 1779 397
person 0.977431 617 251 661 362
person 0.972922 1513 216 1553 308
person 0.956896 161 268 213 389
person 0.943405 698 221 736 314
person 0.931887 1172 275 1239 408
person 0.909720 489 209 514 275
person 0.886342 1100 196 1133 286
person 0.881482 1424 216 1464 313
person 0.786952 581 248 623 346
person 0.766471 555 223 589 300
person 0.682248 491 157 508 183
person 0.591601 1706 215 1736 263
person 0.508239 1593 166 1621 225
person 0.407404 538 125 1919 289
person 0.369234 562 236 585 281
person 0.349989 864 146 875 163
person 0.339749 642 149 654 176
person 0.339191 822 164 832 177
person 0.337085 1876 217 1912 298
person 0.308552 1150 143 1166 169
person 0.301372 1564 167 1588 223
person 0.293986 717 149 728 173
person 0.285030 0 241 24 360
person 0.272973 537 158 550 180
person 0.269808 711 160 722 178
person 0.264489 1739 194 1763 229
person 0.998380 483 352 572 533
person 0.993487 94 292 161 436
person 0.984394 1724 236 1782 400
person 0.978759 697 228 739 318
person 0.972822 621 245 663 367
person 0.948886 1519 215 1557 307
person 0.948062 1193 276 1249 414
person 0.945078 164 281 217 393
person 0.930499 1424 216 1467 315
person 0.915949 1101 197 1135 287
person 0.898845 489 210 514 275
person 0.855974 580 240 626 352
person 0.697746 491 158 508 185
person 0.682110 557 223 591 303
person 0.568886 1885 215 1919 299
person 0.460080 1592 166 1621 226
person 0.388828 1445 174 1470 223
person 0.385600 512 126 1919 294
person 0.289869 564 238 585 281
person 0.334039 716 149 727 173
person 0.282571 535 158 549 181
person 0.278807 1719 199 1760 270
person 0.278535 1412 149 1430 196
person 0.256307 1 261 19 297
person 0.270081 1711 215 1747 268
