person 0.998569 484 351 577 530
person 0.996359 96 292 164 435
person 0.991449 1195 281 1256 409
person 0.981497 1728 243 1787 393
person 0.974689 701 223 739 312
person 0.969728 1428 210 1468 314
person 0.962562 624 251 668 364
person 0.958232 1523 215 1561 310
person 0.956329 168 271 214 386
person 0.927580 492 209 515 274
person 0.908860 1101 196 1134 289
person 0.867175 581 243 627 350
person 0.805675 491 158 507 187
person 0.726119 559 222 589 299
person 0.509955 1719 199 1764 272
person 0.435382 1592 164 1621 225
person 0.369798 520 125 1919 291
person 0.359857 533 158 546 181
person 0.328321 1894 206 1919 310
person 0.279338 1 261 20 295
person 0.279183 819 164 829 177
person 0.264667 642 150 653 175
person 0.259170 1412 148 1431 196
person 0.997738 487 350 582 530
person 0.996805 98 284 166 441
person 0.987939 1202 279 1262 411
person 0.976804 1432 210 1471 315
person 0.968912 703 223 741 312
person 0.963848 1734 236 1790 399
person 0.944080 168 283 217 392
person 0.944049 1522 218 1567 311
person 0.932841 625 251 665 360
person 0.907230 492 210 517 275
person 0.891841 1102 197 1135 289
person 0.864847 581 245 632 348
person 0.783476 490 157 507 185
person 0.738075 560 223 591 301
person 0.509708 1592 164 1621 225
person 0.480887 1723 200 1772 276
person 0.422929 564 235 586 284
person 0.362461 865 147 876 164
person 0.336680 1151 143 1166 167
person 0.333683 536 121 1919 290
person 0.301211 1 261 20 292
person 0.310602 1086 146 1099 167
person 0.276982 820 164 830 177
person 0.254989 750 146 760 164
