person 0.997435 490 349 585 529
person 0.993651 100 289 168 436
person 0.977089 1215 272 1269 413
person 0.959616 1437 209 1473 314
person 0.955441 699 228 743 318
person 0.952302 171 280 218 394
person 0.927719 1741 238 1793 400
person 0.927036 628 250 666 360
person 0.920125 1104 199 1138 289
person 0.903294 491 204 522 281
person 0.869248 1535 214 1573 301
person 0.855654 562 223 595 303
person 0.846980 591 235 629 337
person 0.709854 490 157 506 183
person 0.580157 1591 164 1622 225
person 0.432192 532 160 545 181
person 0.405842 866 148 877 165
person 0.344305 566 237 587 283
person 0.362258 1 262 21 292
person 0.334321 1111 229 1136 278
person 0.326169 1151 143 1165 167
person 0.316137 508 124 1919 291
person 0.315053 1444 170 1468 219
person 0.304069 563 159 576 178
person 0.295109 609 159 622 177
person 0.289539 1111 182 1130 218
person 0.283401 1411 153 1429 194
person 0.279979 1085 146 1098 167
person 0.253527 820 164 830 177
person 0.995674 496 347 583 528
person 0.991465 107 285 172 438
person 0.991261 1221 277 1276 407
person 0.983571 1437 209 1477 313
person 0.982111 707 224 742 309
person 0.968413 176 272 218 384
person 0.952797 1537 214 1580 304
person 0.947870 1105 198 1137 288
person 0.923720 628 261 669 373
person 0.887621 584 242 634 353
person 0.840290 493 204 523 281
person 0.821293 1750 252 1799 389
person 0.744635 565 222 593 306
person 0.579587 1591 164 1621 225
person 0.557818 488 157 504 182
person 0.395861 0 262 21 292
person 0.395825 866 148 876 166
person 0.372306 522 124 1919 289
person 0.276951 566 159 578 178
person 0.250221 1111 231 1136 277
person 0.267895 1516 154 1536 204
person 0.254930 1084 147 1098 168
