person 0.995034 505 344 581 527
person 0.984796 114 288 173 435
person 0.975056 1228 271 1287 405
person 0.968733 704 228 745 317
person 0.967627 1444 207 1482 312
person 0.954590 1107 198 1138 287
person 0.948895 177 271 216 382
person 0.944367 1542 212 1585 305
person 0.930283 631 247 670 360
person 0.878182 565 223 595 306
person 0.857193 494 205 525 279
person 0.839198 1753 255 1803 387
person 0.783104 598 236 632 333
person 0.569947 489 157 504 182
person 0.515715 1591 164 1621 225
person 0.449448 866 148 876 167
person 0.397536 0 261 21 291
person 0.364219 1152 143 1166 168
person 0.348777 513 125 1919 285
person 0.338300 1084 146 1098 168
person 0.292916 608 159 620 178
person 0.286498 1187 139 1201 168
person 0.270232 1738 195 1765 230
person 0.251639 748 145 758 164
person 0.250497 568 159 580 178
person 0.993248 509 343 582 527
person 0.992460 1230 267 1294 411
person 0.981829 125 298 177 430
person 0.977364 1447 208 1486 309
person 0.966933 705 228 745 317
person 0.955503 178 271 216 381
person 0.946078 1551 215 1591 306
person 0.944434 1108 197 1139 286
person 0.903080 634 252 671 358
person 0.893839 1757 258 1808 386
person 0.884685 495 205 526 279
person 0.877669 566 221 597 307
person 0.829159 590 245 635 352
person 0.614011 487 156 504 183
person 0.486936 865 148 875 167
person 0.438245 0 261 21 290
person 0.407449 1593 165 1620 225
person 0.307383 272 125 1919 285
person 0.298255 1516 165 1538 224
person 0.293646 1084 147 1098 168
person 0.285960 1737 196 1764 229
person 0.283589 1115 181 1135 218
person 0.257223 569 159 582 179
person 0.251067 1152 143 1165 167
