person 0.989906 127 292 178 431
person 0.988536 1234 264 1305 411
person 0.988106 521 341 585 528
person 0.978614 1450 209 1488 310
person 0.956460 178 271 218 380
person 0.953573 1762 252 1813 386
person 0.953093 1558 212 1594 308
person 0.945533 712 224 745 311
person 0.938110 1108 195 1139 286
person 0.929134 568 222 596 306
person 0.902767 637 256 672 354
person 0.858245 594 247 636 349
person 0.846388 496 205 526 280
person 0.809637 487 155 504 186
person 0.459253 1591 166 1622 226
person 0.449994 0 261 21 290
person 0.368663 640 147 652 176
person 0.351536 864 148 873 166
person 0.349834 532 157 545 181
person 0.339193 545 124 1919 286
person 0.308870 1516 164 1538 224
person 0.306767 1738 195 1766 230
person 0.280842 1116 181 1136 219
person 0.993319 131 284 182 437
person 0.990169 1242 270 1314 406
person 0.987092 530 338 588 528
person 0.983987 1768 243 1819 395
person 0.973954 1451 209 1491 312
person 0.952830 708 228 746 317
person 0.950882 1109 196 1140 287
person 0.924306 189 271 222 376
person 0.908500 637 254 674 358
person 0.887979 568 223 597 305
person 0.877290 1562 213 1598 310
person 0.835928 497 205 527 279
person 0.817321 596 248 638 350
person 0.760741 487 156 504 185
person 0.430456 0 260 21 290
person 0.367772 266 124 1919 286
person 0.352215 1738 196 1765 230
person 0.333541 640 147 653 176
person 0.333388 1440 170 1461 218
person 0.322934 1592 164 1621 225
person 0.321372 704 160 716 179
person 0.317234 531 156 544 181
person 0.282368 1515 165 1537 220
person 0.265454 604 236 626 283
person 0.253675 1084 147 1098 170
person 0.253322 864 145 875 163
