person 0.987364 1768 260 1822 386
person 0.979470 769 273 818 412
person 0.962125 1122 234 1154 332
person 0.957924 1580 209 1618 302
person 0.944385 1223 202 1255 284
person 0.940940 1038 272 1085 403
person 0.940480 1437 214 1479 313
person 0.928995 1658 218 1706 312
person 0.906437 955 217 984 294
person 0.879250 629 278 684 393
person 0.860128 490 166 509 197
person 0.825381 1306 211 1338 298
person 0.802457 1269 203 1301 282
person 0.751775 679 160 695 189
person 0.671408 658 218 688 300
person 0.588912 597 162 612 191
person 0.553821 539 162 552 188
person 0.546084 438 185 461 209
person 0.544039 270 126 1671 303
person 0.536930 561 163 575 189
person 0.519606 784 239 806 288
person 0.520203 1085 208 1117 312
person 0.503783 663 221 687 265
person 0.424875 1031 240 1070 365
person 0.420411 634 161 648 187
person 0.253724 1785 216 1816 268
person 0.987759 1769 260 1822 385
person 0.980945 771 270 819 411
person 0.962980 1221 203 1253 285
person 0.958835 1121 234 1154 331
person 0.948335 1583 209 1620 303
person 0.945911 1439 219 1480 311
person 0.929962 955 217 984 295
person 0.925565 1659 219 1706 313
person 0.906188 1038 274 1085 402
person 0.890406 630 278 682 393
person 0.887266 491 165 509 197
person 0.837288 1304 211 1337 299
person 0.792277 1270 203 1302 282
person 0.756851 678 160 695 190
person 0.674206 658 218 689 301
person 0.598373 663 220 688 266
person 0.591498 597 163 610 191
person 0.557512 259 126 1687 300
person 0.553323 1031 237 1071 370
person 0.541455 438 186 461 209
person 0.535779 559 164 573 189
person 0.532970 540 162 552 188
person 0.476882 1085 206 1118 312
person 0.399069 636 161 650 187
person 0.383932 784 239 807 288
person 0.288595 1785 215 1816 269
person 0.282303 1424 192 1449 254
person 0.261567 815 163 826 182
