person 0.980772 881 233 911 324
person 0.969836 1442 234 1493 324
person 0.966189 1130 242 1167 353
person 0.943642 1199 228 1231 326
person 0.929862 639 274 681 383
person 0.882479 1619 221 1659 309
person 0.874827 982 279 1030 402
person 0.826340 954 285 1010 402
person 0.815243 1730 210 1769 310
person 0.767222 490 167 506 196
person 0.753783 673 164 689 191
person 0.691466 1321 212 1358 302
person 0.672530 685 220 708 269
person 0.642345 1288 202 1321 286
person 0.602487 1654 213 1692 305
person 0.589949 1050 206 1078 283
person 0.564491 980 228 1003 283
person 0.554460 527 164 540 190
person 0.550024 1359 196 1392 282
person 0.505012 280 125 1649 303
person 0.477780 440 186 461 209
person 0.346817 642 162 655 187
person 0.315599 570 165 583 188
person 0.304881 694 237 716 283
person 0.255238 0 266 21 294
person 0.281036 982 218 1014 298
person 0.279364 597 164 610 188
person 0.988764 1132 242 1170 354
person 0.987542 883 231 913 325
person 0.963556 1444 235 1493 325
person 0.955798 1199 231 1231 327
person 0.926547 640 274 680 383
person 0.901719 1620 222 1658 307
person 0.893787 979 276 1029 401
person 0.767729 674 163 690 190
person 0.748225 1320 212 1358 300
person 0.743180 1290 202 1321 284
person 0.737756 489 167 506 197
person 0.716511 1049 207 1078 283
person 0.702749 1733 215 1772 308
person 0.696915 1655 216 1691 304
person 0.675591 685 220 707 267
person 0.564536 267 125 1663 300
person 0.554669 526 163 539 189
person 0.491341 440 186 460 209
person 0.492522 1361 195 1393 281
person 0.484118 979 217 1006 304
person 0.400865 1820 213 1854 266
person 0.389674 642 163 655 186
person 0.369156 695 237 716 284
person 0.306234 571 166 584 187
person 0.303254 682 220 712 297
person 0.283153 953 309 1011 407
person 0.256846 987 230 1012 285
person 0.251065 818 167 829 183
