person 0.996159 138 277 187 440
person 0.980907 1245 275 1324 399
person 0.979534 535 343 593 525
person 0.974573 1770 246 1825 386
person 0.963595 711 227 747 317
person 0.939088 640 253 675 357
person 0.935348 1453 212 1491 312
person 0.922850 1111 196 1142 286
person 0.915857 192 270 225 378
person 0.879970 1572 214 1610 305
person 0.842822 569 222 597 306
person 0.776002 598 248 637 347
person 0.732119 500 212 524 272
person 0.656851 488 156 504 184
person 0.416558 1438 174 1459 219
person 0.380568 704 160 716 179
person 0.378389 259 124 1919 283
person 0.367845 640 146 654 176
person 0.344092 1 261 20 290
person 0.299438 864 146 873 164
person 0.287938 1591 164 1621 225
person 0.286437 532 157 545 181
person 0.285136 1513 165 1536 220
person 0.993945 140 278 191 438
person 0.981658 539 345 600 523
person 0.952975 716 223 746 311
person 0.947283 1462 209 1497 312
person 0.945486 1266 267 1327 408
person 0.941588 194 268 227 383
person 0.927137 1775 251 1829 380
person 0.921608 639 254 676 354
person 0.911135 1575 213 1613 307
person 0.899470 1113 198 1145 286
person 0.861624 570 222 599 306
person 0.773006 596 248 639 347
person 0.702414 500 212 524 272
person 0.674766 488 156 503 183
person 0.442237 250 126 1919 282
person 0.386718 529 157 542 181
person 0.384342 705 161 717 179
person 0.377248 1437 175 1458 220
person 0.331948 604 234 627 283
person 0.332715 863 147 873 164
person 0.318480 641 147 654 176
person 0.271114 1 261 20 291
person 0.271318 1737 197 1766 229
person 0.251486 1115 230 1140 278
person 0.256065 1086 148 1099 170
