person 0.994738 141 280 196 437
person 0.974297 1278 274 1332 403
person 0.974135 1463 213 1499 312
person 0.969886 542 344 605 522
person 0.955289 1786 248 1841 384
person 0.945968 197 270 231 379
person 0.937171 716 223 748 310
person 0.898072 1112 198 1149 286
person 0.870743 1577 218 1618 311
person 0.849048 638 252 675 353
person 0.802066 487 156 502 186
person 0.777572 570 222 600 304
person 0.703367 502 206 535 280
person 0.672855 596 249 640 346
person 0.575051 0 242 27 395
person 0.434162 220 128 1919 289
person 0.434039 532 157 544 181
person 0.404091 1435 173 1457 223
person 0.357464 602 233 625 282
person 0.362128 703 158 715 179
person 0.343287 863 147 873 166
person 0.298895 641 148 654 175
person 0.254791 1738 197 1766 228
person 0.993352 143 289 201 429
person 0.992285 1288 272 1344 410
person 0.981187 1466 212 1500 313
person 0.977699 548 347 611 523
person 0.954300 198 267 234 386
person 0.944420 1789 250 1846 378
person 0.932405 714 228 752 317
person 0.924731 1581 217 1625 311
person 0.899639 1112 195 1151 286
person 0.851945 486 156 502 187
person 0.841161 630 248 670 350
person 0.792179 651 255 683 355
person 0.728573 507 211 534 274
person 0.736234 571 222 601 303
person 0.596484 597 232 636 333
person 0.581148 0 241 26 396
person 0.451432 1434 172 1457 224
person 0.405269 222 124 1919 286
person 0.397571 619 236 658 335
person 0.380545 532 157 544 181
person 0.341139 603 236 625 282
person 0.329509 863 146 874 165
person 0.313573 583 226 620 302
person 0.310519 602 158 614 179
person 0.302992 640 148 653 176
person 0.300150 1738 197 1766 228
person 0.277694 703 159 715 179
person 0.259783 1086 146 1100 168
