person 0.992513 1295 275 1351 406
person 0.990352 145 284 201 439
person 0.985842 549 346 619 522
person 0.969824 1468 211 1501 311
person 0.960599 199 269 236 385
person 0.939278 1587 217 1631 308
person 0.907258 715 230 752 314
person 0.907133 1802 246 1855 360
person 0.898608 654 256 686 356
person 0.873883 486 156 502 188
person 0.856259 1113 199 1150 284
person 0.813600 507 206 532 278
person 0.801070 619 251 660 347
person 0.649404 591 232 615 286
person 0.591791 571 225 603 302
person 0.494775 531 156 543 181
person 0.401345 1435 171 1458 223
person 0.387878 511 124 1919 293
person 0.343363 703 158 716 179
person 0.333580 864 146 874 164
person 0.329313 0 237 23 368
person 0.321516 639 159 652 180
person 0.317862 1739 197 1767 229
person 0.268242 622 236 647 281
person 0.276694 1086 147 1099 168
person 0.268255 602 158 614 179
person 0.258001 569 159 582 180
person 0.984910 145 284 206 440
person 0.984261 549 347 624 521
person 0.968033 1304 276 1361 401
person 0.968197 1468 211 1504 311
person 0.966598 1806 253 1855 352
person 0.941755 1590 215 1635 309
person 0.938818 200 267 237 386
person 0.882466 1112 195 1155 285
person 0.878037 724 221 757 313
person 0.875661 619 250 661 343
person 0.852344 655 265 692 371
person 0.831245 508 207 534 278
person 0.806415 486 157 502 188
person 0.657811 578 224 612 300
person 0.403023 530 156 542 182
person 0.398772 0 239 23 401
person 0.343259 213 129 1919 293
person 0.343990 1739 197 1767 229
person 0.299773 703 157 715 180
person 0.291185 1435 168 1459 226
person 0.282550 865 146 875 164
person 0.265927 639 159 652 180
