person 0.991956 556 347 635 524
person 0.989817 1308 278 1366 398
person 0.979105 145 286 209 438
person 0.976591 200 270 252 385
person 0.959293 1472 209 1511 311
person 0.912818 725 222 757 312
person 0.912828 1593 214 1641 308
person 0.908495 510 205 536 279
person 0.901126 1816 257 1858 351
person 0.900225 622 250 661 345
person 0.874095 656 256 688 346
person 0.867245 1110 203 1151 285
person 0.828842 578 223 610 300
person 0.817996 486 157 502 187
person 0.690369 184 270 234 416
person 0.509795 0 245 24 396
person 0.386474 248 128 1919 287
person 0.383067 530 157 542 181
person 0.352698 1739 196 1767 228
person 0.309133 1847 220 1889 267
person 0.304574 1434 169 1459 226
person 0.277691 640 149 653 176
person 0.269763 1139 190 1161 238
person 0.272912 1592 166 1619 223
person 0.995139 558 344 637 525
person 0.989217 1312 273 1373 403
person 0.979652 203 269 253 385
person 0.969925 147 284 209 440
person 0.966845 1476 212 1517 312
person 0.941594 656 255 692 353
person 0.930022 724 229 761 315
person 0.896969 619 247 659 349
person 0.896221 1607 214 1648 307
person 0.886833 513 209 538 277
person 0.831875 1111 200 1151 285
person 0.827393 580 223 612 302
person 0.771337 485 157 502 187
person 0.637456 1821 254 1863 354
person 0.387314 0 248 22 395
person 0.362148 513 124 1919 292
person 0.345235 1139 189 1164 240
person 0.346996 1739 196 1767 228
person 0.337399 528 157 540 182
person 0.312004 1433 168 1459 227
person 0.296325 1114 230 1142 278
person 0.298090 179 279 229 410
person 0.263508 1592 167 1619 223
