person 0.996462 561 345 642 526
person 0.989941 204 269 257 383
person 0.975133 157 295 221 431
person 0.972103 1313 272 1382 402
person 0.966331 726 228 762 317
person 0.949278 1613 214 1651 304
person 0.941234 654 263 699 372
person 0.935888 1483 205 1524 310
person 0.904690 619 244 662 352
person 0.900457 514 210 540 277
person 0.854997 582 223 613 301
person 0.844579 1110 202 1150 285
person 0.799347 485 156 502 187
person 0.556212 1832 255 1879 351
person 0.521493 1142 191 1163 241
person 0.438809 528 157 541 181
person 0.436733 1420 175 1444 222
person 0.365028 269 123 1919 288
person 0.334826 1114 230 1142 278
person 0.341161 0 252 23 392
person 0.319373 1739 196 1768 228
person 0.287807 625 234 649 282
person 0.285202 1592 167 1620 223
person 0.274416 640 148 654 176
person 0.261893 1883 218 1914 269
person 0.257123 1818 259 1864 377
person 0.996656 562 346 646 526
person 0.988278 160 295 220 431
person 0.982403 206 270 254 383
person 0.956538 1318 274 1391 398
person 0.945711 1620 214 1654 301
person 0.943991 728 222 762 312
person 0.924499 1486 206 1525 308
person 0.912586 585 223 617 302
person 0.911328 1111 201 1153 286
person 0.888020 519 213 542 274
person 0.890766 658 254 696 353
person 0.836900 485 157 502 187
person 0.828051 622 246 664 351
person 0.592256 0 257 25 387
person 0.414625 531 156 544 182
person 0.368483 864 148 874 166
person 0.350158 1840 253 1885 353
person 0.330768 1143 191 1165 239
person 0.317556 1738 196 1766 229
person 0.303180 1420 175 1446 224
person 0.285682 271 124 1919 288
person 0.280172 1592 166 1620 224
person 0.272800 640 149 653 175
person 0.252524 821 164 831 178
