person 0.996573 567 346 647 526
person 0.991456 163 296 226 430
person 0.980196 205 271 260 383
person 0.961765 1627 212 1661 304
person 0.961459 730 222 764 311
person 0.943305 585 223 618 303
person 0.921857 1484 206 1529 309
person 0.870206 1110 203 1149 286
person 0.864507 622 245 665 351
person 0.855489 655 267 704 371
person 0.832143 486 157 503 186
person 0.805352 519 214 543 272
person 0.790787 1337 274 1402 399
person 0.700681 0 259 26 387
person 0.511632 529 157 543 181
person 0.441020 1145 192 1165 241
person 0.391177 1840 249 1892 357
person 0.379508 1417 169 1444 223
person 0.366813 522 125 1919 289
person 0.357096 1592 165 1620 225
person 0.293206 593 236 614 287
person 0.322389 865 148 875 166
person 0.322000 639 148 653 176
person 0.316576 1816 226 1916 387
person 0.290201 704 160 717 177
person 0.267942 668 260 693 303
person 0.277894 603 151 616 174
person 0.275371 1148 143 1161 166
person 0.995335 570 345 645 526
person 0.994672 169 285 226 434
person 0.976100 730 222 766 311
person 0.973093 1631 211 1666 307
person 0.962328 211 271 256 383
person 0.950054 586 224 622 302
person 0.900573 1345 279 1408 396
person 0.888171 0 265 31 383
person 0.887615 1109 204 1149 286
person 0.874861 628 242 671 354
person 0.873105 658 265 707 372
person 0.858952 1486 207 1528 310
person 0.804580 485 156 502 185
person 0.764081 519 214 544 270
person 0.570365 1147 190 1169 243
person 0.487410 1813 237 1919 386
person 0.458408 530 157 543 181
person 0.400655 286 126 1919 290
person 0.335189 865 149 875 167
person 0.324557 1593 167 1621 225
person 0.300808 704 159 716 178
person 0.250030 1148 143 1161 167
