person 0.995855 576 345 650 528
person 0.994150 175 283 227 435
person 0.985981 733 223 768 309
person 0.971078 1635 211 1671 309
person 0.961873 592 222 623 302
person 0.958314 211 272 257 382
person 0.942991 1498 209 1535 307
person 0.926470 1360 279 1414 398
person 0.911408 0 265 36 379
person 0.882612 632 244 673 355
person 0.879338 661 265 708 370
person 0.819668 1109 206 1147 285
person 0.789888 484 156 502 186
person 0.774076 521 214 545 271
person 0.584660 1148 190 1170 242
person 0.429714 1822 234 1918 389
person 0.409332 519 127 1919 292
person 0.394466 529 157 543 181
person 0.358523 1416 173 1441 224
person 0.305478 1592 168 1621 224
person 0.278428 638 147 650 176
person 0.262780 821 164 831 179
person 0.253167 1149 141 1161 164
person 0.993870 582 345 649 526
person 0.988909 734 222 770 311
person 0.982921 1367 274 1422 404
person 0.978949 179 283 228 434
person 0.971432 594 222 624 303
person 0.968344 212 271 259 382
person 0.938871 1500 207 1537 306
person 0.923291 1637 211 1676 309
person 0.887552 0 262 40 377
person 0.883727 662 267 711 368
person 0.875865 524 213 547 270
person 0.852827 1110 207 1148 284
person 0.837435 634 238 675 359
person 0.804834 484 157 501 185
person 0.631960 1150 189 1171 245
person 0.530229 1826 229 1919 381
person 0.423938 526 128 1919 290
person 0.382784 1415 169 1440 225
person 0.366281 1592 167 1620 224
person 0.354050 530 157 542 180
person 0.330611 1148 142 1161 165
person 0.301432 821 164 832 178
person 0.267845 863 149 874 167
person 0.264755 638 148 650 175
person 0.256511 1562 167 1587 225
person 0.252828 703 159 715 178
