person 0.994140 589 345 652 522
person 0.981741 596 222 626 303
person 0.980207 735 222 771 311
person 0.979520 1378 270 1434 405
person 0.974141 181 280 229 437
person 0.970083 1505 209 1544 305
person 0.956443 218 272 264 382
person 0.927930 661 265 711 368
person 0.923133 1111 207 1151 284
person 0.919595 0 266 45 376
person 0.881962 1644 212 1684 307
person 0.874927 523 212 548 272
person 0.800284 637 241 675 360
person 0.738890 485 157 501 185
person 0.650964 1152 190 1175 244
person 0.428230 254 130 1919 287
person 0.361603 638 236 660 284
person 0.373565 1592 169 1620 224
person 0.347854 528 156 541 181
person 0.322470 1148 142 1160 164
person 0.311945 1415 179 1437 223
person 0.284310 863 148 874 167
person 0.268353 1564 171 1588 224
person 0.262985 822 164 832 179
person 0.989134 737 221 769 311
person 0.988321 595 344 655 525
person 0.985276 183 286 231 433
person 0.982682 1382 270 1440 404
person 0.975849 599 222 628 303
person 0.964942 1509 210 1550 303
person 0.957406 1648 210 1686 306
person 0.944056 0 265 48 375
person 0.917268 227 271 267 382
person 0.898016 669 269 713 366
person 0.862167 526 214 550 271
person 0.853154 1110 212 1152 290
person 0.705250 640 242 675 357
person 0.698609 1153 188 1175 240
person 0.692368 484 157 501 184
person 0.458653 496 126 1919 291
person 0.405392 1592 168 1620 224
person 0.343405 1414 173 1437 226
person 0.336378 1117 227 1144 280
person 0.304629 1148 142 1160 164
person 0.295048 1563 168 1588 224
person 0.291661 864 148 875 167
