person 0.990170 184 283 238 434
person 0.983366 740 220 769 311
person 0.981852 605 345 665 521
person 0.981599 1650 212 1693 307
person 0.976745 1511 211 1553 303
person 0.969515 599 221 631 303
person 0.958781 1392 268 1444 402
person 0.956471 667 250 708 359
person 0.942831 0 265 51 374
person 0.901688 1109 208 1150 284
person 0.893005 526 214 550 271
person 0.869365 232 270 269 379
person 0.749006 483 158 501 186
person 0.684558 1156 189 1177 240
person 0.507817 265 129 1919 286
person 0.416016 1592 168 1621 226
person 0.325886 1148 143 1161 164
person 0.289715 645 238 665 282
person 0.300576 865 148 876 167
person 0.292586 642 248 676 351
person 0.281532 1563 168 1588 224
person 0.268303 1154 180 1172 225
person 0.265078 602 157 614 179
person 0.262504 1413 176 1436 225
person 0.259074 525 157 537 179
person 0.985479 188 283 240 434
person 0.984839 742 222 772 311
person 0.982754 609 346 673 519
person 0.981188 601 220 632 304
person 0.980315 1654 213 1697 305
person 0.979682 1516 210 1558 304
person 0.973229 1400 266 1452 390
person 0.946806 667 251 707 353
person 0.944340 0 265 55 375
person 0.921912 527 212 553 271
person 0.902164 1110 208 1149 284
person 0.861838 234 270 271 381
person 0.733730 484 158 501 186
person 0.665632 1157 188 1178 240
person 0.510269 243 129 1919 287
person 0.443469 1593 169 1621 226
person 0.405391 207 296 254 426
person 0.306684 605 236 625 283
person 0.361776 1155 179 1173 227
person 0.354447 659 240 695 333
person 0.309074 865 148 876 167
person 0.297914 1411 173 1434 226
person 0.289254 1149 143 1162 164
person 0.268046 646 232 673 331
person 0.252982 525 157 538 180
