person 0.992310 1404 260 1462 398
person 0.985056 1521 209 1561 303
person 0.981170 743 221 775 311
person 0.977630 602 221 633 302
person 0.977599 612 346 677 517
person 0.974537 1663 213 1703 307
person 0.969898 189 285 241 433
person 0.936814 663 249 708 351
person 0.928898 0 266 55 375
person 0.906478 1110 208 1149 284
person 0.883579 530 213 554 270
person 0.841286 224 268 265 417
person 0.735812 483 157 501 185
person 0.651718 1159 191 1180 241
person 0.414661 605 238 625 284
person 0.450541 267 130 1919 291
person 0.398471 1592 167 1620 227
person 0.385577 524 158 536 179
person 0.303623 865 148 876 167
person 0.297786 603 158 614 179
person 0.274217 1412 177 1434 224
person 0.258066 1156 180 1174 226
person 0.984926 1407 257 1466 395
person 0.984850 746 219 774 312
person 0.980883 601 219 634 303
person 0.978894 1524 210 1563 304
person 0.974600 618 345 682 517
person 0.973740 1669 213 1707 305
person 0.961172 666 249 709 351
person 0.940249 0 265 55 376
person 0.921772 191 289 243 427
person 0.901929 1110 207 1149 285
person 0.898058 220 263 264 426
person 0.812721 532 213 556 269
person 0.753683 484 157 501 186
person 0.691363 232 271 273 382
person 0.504575 1161 191 1185 242
person 0.507122 250 130 1919 289
person 0.491742 1592 169 1620 227
person 0.460036 523 158 535 180
person 0.366543 1738 197 1764 229
person 0.311420 1159 180 1178 223
person 0.280423 606 236 625 283
person 0.293082 603 158 615 178
person 0.290685 701 158 713 179
person 0.269693 1410 174 1433 225
person 0.255000 1150 144 1163 165
