person 0.991069 1132 242 1173 354
person 0.986860 883 233 915 326
person 0.960066 1444 237 1495 326
person 0.958129 981 275 1029 402
person 0.926469 1199 231 1231 327
person 0.910624 635 281 683 390
person 0.886373 1618 221 1659 309
person 0.880389 960 284 1010 399
person 0.850395 1734 210 1774 311
person 0.756736 674 161 690 191
person 0.752273 1290 202 1321 283
person 0.733786 490 168 506 196
person 0.693337 1321 212 1359 301
person 0.688039 1047 209 1071 277
person 0.688220 1656 215 1692 305
person 0.654391 684 220 707 268
person 0.621918 266 124 1668 303
person 0.590853 526 163 539 189
person 0.527522 1363 197 1398 282
person 0.509347 980 218 1007 302
person 0.504060 439 186 460 209
person 0.436913 643 162 656 187
person 0.393196 695 238 717 282
person 0.405029 1821 214 1857 267
person 0.351990 571 165 583 187
person 0.307423 598 164 611 188
person 0.304887 819 166 829 183
person 0.281961 986 231 1012 284
person 0.265280 681 220 713 296
person 0.992483 1134 244 1177 355
person 0.990622 884 233 917 325
person 0.970594 980 274 1029 403
person 0.932817 645 270 693 389
person 0.888516 1619 222 1660 308
person 0.880170 1446 238 1496 324
person 0.857593 1204 229 1239 326
person 0.782827 489 168 505 196
person 0.768642 1290 201 1321 282
person 0.733302 672 161 687 190
person 0.716468 1321 213 1359 300
person 0.658426 685 230 709 280
person 0.636544 526 164 539 191
person 0.635462 1047 209 1071 277
person 0.596742 1657 216 1692 305
person 0.592672 294 129 1911 309
person 0.531669 1737 249 1772 306
person 0.521991 1370 205 1397 259
person 0.509786 644 161 658 187
person 0.468836 1822 218 1857 269
person 0.429872 439 187 460 209
person 0.408434 695 237 717 283
person 0.410271 571 163 584 187
person 0.342536 982 230 1004 282
person 0.252026 1 266 21 295
person 0.286802 598 163 612 188
person 0.286049 819 166 830 182
