person 0.987157 1416 261 1479 391
person 0.985701 603 219 635 301
person 0.981471 746 221 778 311
person 0.975325 622 346 689 519
person 0.969920 1672 213 1710 307
person 0.944284 667 249 708 348
person 0.939183 1526 210 1564 303
person 0.934651 204 299 261 423
person 0.916116 0 267 56 377
person 0.914005 1110 207 1150 285
person 0.810031 532 211 557 270
person 0.771783 484 157 501 186
person 0.756450 1162 189 1187 241
person 0.695142 233 268 272 383
person 0.514072 1592 168 1621 227
person 0.513832 522 157 534 180
person 0.494310 236 130 1919 290
person 0.464350 701 158 713 180
person 0.390203 1739 197 1765 229
person 0.322108 607 236 627 283
person 0.310032 686 267 725 368
person 0.986164 748 221 780 311
person 0.982290 605 219 636 302
person 0.980234 621 345 696 520
person 0.978518 202 295 262 424
person 0.966044 1426 265 1483 386
person 0.963713 667 251 706 344
person 0.954137 1537 210 1570 304
person 0.921498 20 275 61 382
person 0.898002 1109 208 1150 285
person 0.879353 1682 215 1719 302
person 0.851581 1163 190 1188 239
person 0.793902 534 212 557 267
person 0.782435 485 157 501 187
person 0.533564 1593 169 1622 228
person 0.523723 238 131 1919 289
person 0.451072 701 159 714 180
person 0.422749 690 260 722 348
person 0.417585 1739 197 1764 229
person 0.415607 523 157 535 180
person 0.393391 239 267 282 383
person 0.304445 668 235 692 280
person 0.312972 1408 178 1432 226
person 0.274817 609 233 630 285
person 0.285278 1509 167 1533 222
person 0.257577 1150 143 1163 162
