person 0.974661 620 344 701 519
person 0.974478 607 218 637 300
person 0.974004 204 292 265 429
person 0.971411 750 221 783 313
person 0.968970 1540 208 1572 304
person 0.958136 1436 270 1492 385
person 0.954450 22 271 62 381
person 0.943595 659 233 701 336
person 0.903143 1164 189 1191 244
person 0.891205 1109 208 1149 285
person 0.880053 1685 216 1720 301
person 0.776389 485 157 501 188
person 0.747471 537 213 559 265
person 0.723424 242 267 282 381
person 0.675994 691 259 722 348
person 0.631759 1593 168 1622 229
person 0.578255 230 130 1919 289
person 0.461694 524 157 535 181
person 0.456267 1739 197 1765 229
person 0.375856 1506 166 1532 226
person 0.348118 699 157 713 182
person 0.257137 1151 143 1163 162
person 0.256210 1196 140 1209 166
person 0.988842 632 347 708 522
person 0.982031 206 293 268 437
person 0.978270 750 221 784 311
person 0.964576 23 273 62 382
person 0.962612 1445 270 1496 384
person 0.961310 1542 211 1575 303
person 0.949372 610 219 638 300
person 0.916686 1109 208 1150 284
person 0.902843 1689 213 1725 306
person 0.892988 245 268 284 379
person 0.857193 1164 191 1191 243
person 0.860651 666 247 707 348
person 0.721511 539 214 559 264
person 0.724025 691 253 724 354
person 0.721335 486 158 502 188
person 0.604482 1593 168 1622 229
person 0.582988 229 127 1919 289
person 0.428007 1738 197 1765 229
person 0.371356 612 234 632 284
person 0.403432 700 157 713 181
person 0.398099 1507 168 1533 230
person 0.353601 526 157 538 181
person 0.284839 621 232 645 290
person 0.294795 1406 174 1431 226
person 0.285579 1197 140 1210 166
person 0.256577 1150 143 1163 163
