person 0.993129 631 349 711 521
person 0.988114 749 222 785 311
person 0.981999 208 291 271 438
person 0.961399 26 273 64 382
person 0.942952 244 266 286 378
person 0.941720 1109 207 1149 285
person 0.928895 1544 210 1579 304
person 0.927598 1690 212 1733 310
person 0.927287 1452 270 1508 383
person 0.907597 664 244 713 349
person 0.891417 610 219 638 299
person 0.877516 689 252 726 356
person 0.847592 1165 185 1192 244
person 0.608677 539 212 560 267
person 0.600077 1593 168 1622 229
person 0.582350 250 124 1919 284
person 0.565068 486 158 501 186
person 0.405861 1505 166 1532 231
person 0.403177 1740 196 1766 230
person 0.357247 1150 142 1163 164
person 0.330368 620 231 644 293
person 0.316643 1198 139 1211 164
person 0.296881 699 157 713 180
person 0.288860 862 147 873 166
person 0.284286 1405 176 1431 227
person 0.992221 631 351 716 520
person 0.987925 211 284 275 437
person 0.980000 26 270 69 382
person 0.973477 751 221 787 312
person 0.949875 1109 207 1150 286
person 0.934165 244 268 291 383
person 0.930763 614 218 644 299
person 0.918591 663 244 712 354
person 0.917719 1463 270 1511 381
person 0.884425 691 252 729 359
person 0.850295 1697 216 1738 309
person 0.743737 1552 213 1586 303
person 0.739123 1165 187 1192 243
person 0.655992 545 213 568 271
person 0.562500 247 125 1919 285
person 0.543026 486 158 501 185
person 0.517548 1594 168 1623 228
person 0.438319 699 156 713 182
person 0.331225 1149 143 1163 164
person 0.323742 862 147 873 167
person 0.313012 1741 196 1767 230
person 0.260535 1506 165 1533 231
