person 0.993465 633 357 724 519
person 0.980736 28 272 73 381
person 0.979058 213 287 275 431
person 0.962588 752 222 786 310
person 0.955828 1111 205 1150 287
person 0.952524 616 217 646 302
person 0.949811 1471 271 1521 379
person 0.914140 664 239 715 362
person 0.910043 247 268 295 386
person 0.902841 1699 210 1742 309
person 0.882693 688 250 734 364
person 0.826488 546 212 570 274
person 0.827978 1555 215 1588 303
person 0.767341 1173 189 1198 248
person 0.551490 486 158 501 184
person 0.534917 279 126 1919 283
person 0.481878 1594 168 1622 228
person 0.400620 862 147 872 166
person 0.307110 3 264 22 291
person 0.379754 699 157 713 182
person 0.371278 1150 142 1162 163
person 0.339428 1402 169 1428 226
person 0.270032 540 213 560 264
person 0.268856 1087 145 1100 166
person 0.268314 1562 167 1588 227
person 0.264353 820 164 830 179
person 0.250881 1506 164 1531 229
person 0.991382 637 353 725 518
person 0.966562 751 224 788 309
person 0.960346 1477 270 1531 386
person 0.953671 618 217 648 301
person 0.948792 1111 205 1149 286
person 0.941209 35 271 76 380
person 0.932147 218 292 276 426
person 0.898940 245 266 300 389
person 0.879936 1702 212 1745 310
person 0.876799 691 254 734 359
person 0.847305 547 211 571 275
person 0.845849 1173 188 1198 246
person 0.837132 1559 212 1595 303
person 0.792774 671 245 715 359
person 0.572063 199 127 1746 285
person 0.483659 487 158 502 183
person 0.430871 1593 169 1621 227
person 0.378596 862 146 873 167
person 0.347155 700 157 713 181
person 0.287631 2 263 22 290
person 0.327715 523 158 535 179
person 0.297348 1150 142 1162 164
person 0.285788 1505 166 1531 228
person 0.286357 1401 169 1425 227
person 0.266479 1562 168 1589 226
person 0.258353 601 151 612 173
