person 0.991644 644 352 729 518
person 0.978862 621 216 651 301
person 0.974543 1479 266 1538 392
person 0.955180 1111 204 1149 287
person 0.946095 39 272 81 379
person 0.944540 753 224 787 309
person 0.926781 223 289 275 428
person 0.923853 683 247 742 361
person 0.855942 1702 210 1749 309
person 0.811860 544 204 573 279
person 0.800701 1559 207 1599 303
person 0.789436 1174 189 1199 244
person 0.733322 249 276 300 407
person 0.571298 190 126 1752 285
person 0.466535 488 158 502 182
person 0.415781 699 157 713 183
person 0.376130 861 146 872 167
person 0.375486 678 234 716 334
person 0.345728 1151 143 1163 164
person 0.344885 522 158 534 179
person 0.299598 3 263 22 290
person 0.314096 631 158 643 181
person 0.288978 1198 138 1211 164
person 0.284333 600 151 611 174
person 0.283188 1595 169 1623 226
person 0.268808 1401 169 1426 230
person 0.263682 1505 167 1532 231
person 0.991966 649 347 728 520
person 0.985720 622 218 655 301
person 0.950094 1111 205 1149 286
person 0.934091 246 272 300 414
person 0.925984 1490 262 1544 390
person 0.898935 44 274 84 378
person 0.893476 1176 186 1201 245
person 0.874506 753 225 789 309
person 0.869398 1719 199 1762 309
person 0.839339 545 203 574 281
person 0.833470 686 246 743 358
person 0.754337 227 292 279 426
person 0.656896 671 233 721 363
person 0.599555 200 125 1742 283
person 0.522881 488 158 502 183
person 0.482795 1575 176 1613 301
person 0.395361 1561 211 1601 303
person 0.334694 2 262 23 290
person 0.373756 862 147 873 167
person 0.349596 633 158 645 181
person 0.319568 600 158 612 180
person 0.312801 437 180 466 204
person 0.315634 1150 142 1164 166
person 0.314392 699 158 713 182
person 0.298646 1449 149 1470 197
person 0.293118 525 158 537 179
person 0.274181 817 163 829 177
person 0.259106 1199 138 1212 165
