person 0.990029 655 344 729 516
person 0.978477 623 220 657 304
person 0.956747 1495 262 1554 390
person 0.950104 1112 205 1147 286
person 0.931119 248 273 300 416
person 0.902142 761 223 798 311
person 0.893936 691 248 745 358
person 0.890549 1179 183 1201 244
person 0.819711 550 211 574 274
person 0.814813 46 274 88 379
person 0.793228 1572 207 1613 304
person 0.749995 1722 208 1758 305
person 0.679926 270 125 1919 278
person 0.559505 230 289 279 426
person 0.496637 488 158 503 183
person 0.369251 863 147 874 167
person 0.364254 1449 151 1470 198
person 0.361875 600 158 613 180
person 0.351603 1398 167 1422 229
person 0.311250 1 262 22 290
person 0.269096 1119 216 1143 269
person 0.287830 526 158 539 179
person 0.278432 437 180 465 204
person 0.282096 698 158 713 182
person 0.274594 681 234 715 330
person 0.270985 817 163 829 177
person 0.264952 460 162 477 188
person 0.253537 633 158 645 181
person 0.991160 659 344 729 515
person 0.978255 624 221 658 303
person 0.946075 1111 205 1147 287
person 0.932697 249 278 303 413
person 0.914135 761 228 802 316
person 0.907426 692 250 745 356
person 0.906024 1500 266 1560 385
person 0.906030 1723 200 1762 308
person 0.897118 552 211 576 273
person 0.894156 1574 205 1618 304
person 0.882450 1180 185 1204 248
person 0.875072 46 273 92 384
person 0.687586 248 126 1919 278
person 0.439408 487 158 501 184
person 0.379440 1448 149 1470 198
person 0.346323 1 262 22 291
person 0.326811 1399 168 1422 228
person 0.318707 599 158 612 180
person 0.316833 1152 144 1166 167
person 0.304136 461 162 478 188
person 0.278615 1558 164 1583 222
person 0.276581 863 147 874 167
person 0.264001 1489 151 1512 203
