person 0.982107 625 221 660 303
person 0.975516 248 271 300 419
person 0.975125 664 344 730 515
person 0.948398 1111 205 1146 287
person 0.942178 762 228 802 317
person 0.942048 51 273 102 382
person 0.933042 1724 201 1765 308
person 0.931269 694 245 744 357
person 0.915886 552 210 578 273
person 0.871776 1506 270 1566 384
person 0.836270 1182 186 1204 247
person 0.808111 1582 186 1623 295
person 0.665204 272 126 1919 276
person 0.450601 488 158 502 183
person 0.395496 461 161 478 187
person 0.394955 600 158 612 180
person 0.358080 1 262 22 290
person 0.350006 863 148 874 167
person 0.345204 1448 147 1471 199
person 0.259233 634 237 655 285
person 0.307536 1398 170 1420 229
person 0.291490 1151 145 1165 168
person 0.261637 525 158 537 180
person 0.991027 623 220 663 303
person 0.974072 252 260 299 432
person 0.959520 54 275 102 380
person 0.946249 1111 206 1146 286
person 0.942762 1725 198 1768 311
person 0.942366 765 222 802 310
person 0.937973 693 235 747 367
person 0.913479 669 344 736 514
person 0.884552 1517 271 1572 383
person 0.862856 555 213 579 271
person 0.845771 1184 187 1207 245
person 0.835892 1584 197 1625 288
person 0.606087 199 128 1746 281
person 0.588606 488 157 504 184
person 0.510991 460 160 479 187
person 0.427735 0 262 22 290
person 0.398313 600 159 613 180
person 0.389515 865 149 875 168
person 0.333259 524 158 537 181
person 0.313942 1447 152 1469 199
person 0.293937 1592 168 1623 222
person 0.287522 1152 145 1166 166
person 0.270646 818 164 828 177
