person 0.991769 624 221 661 303
person 0.982666 246 291 302 428
person 0.975802 694 237 747 364
person 0.961857 767 223 803 310
person 0.956190 1728 201 1770 310
person 0.949695 58 274 101 378
person 0.941185 1111 206 1146 287
person 0.926997 676 340 742 516
person 0.924928 1590 207 1632 301
person 0.918619 1524 279 1583 394
person 0.853347 1186 188 1210 240
person 0.822198 557 213 579 269
person 0.635018 242 130 1919 273
person 0.532135 489 158 503 182
person 0.433105 0 262 21 291
person 0.406616 462 160 478 183
person 0.371781 1557 164 1584 224
person 0.366199 864 148 875 168
person 0.347707 525 158 538 180
person 0.343341 1592 165 1622 222
person 0.343703 1449 152 1469 195
person 0.305136 1397 170 1421 228
person 0.301326 1152 145 1166 167
person 0.288807 600 158 612 180
person 0.284919 1495 169 1521 226
person 0.255908 817 164 828 178
person 0.992681 624 222 664 304
person 0.966829 58 276 104 379
person 0.963707 695 228 748 370
person 0.958315 767 223 805 312
person 0.955416 249 300 305 424
person 0.944306 1111 206 1146 287
person 0.937133 1537 267 1587 385
person 0.911050 1590 203 1635 286
person 0.897612 682 341 748 516
person 0.887302 1734 204 1777 310
person 0.883950 1188 190 1211 249
person 0.852089 557 215 581 269
person 0.648025 189 129 1763 280
person 0.611869 490 158 505 183
person 0.580114 463 159 478 183
person 0.488904 0 262 22 290
person 0.438514 1556 164 1583 224
person 0.422053 1592 165 1623 222
person 0.404563 1448 152 1468 198
person 0.386064 1152 144 1166 168
person 0.373071 262 271 309 378
person 0.364976 601 158 613 180
person 0.351427 864 148 875 168
person 0.334766 629 158 641 183
person 0.316519 524 158 538 180
person 0.305754 1491 167 1519 227
person 0.271134 818 163 829 177
