person 0.990516 627 221 664 304
person 0.980794 61 276 107 379
person 0.977120 768 223 805 311
person 0.967476 1545 269 1597 383
person 0.957851 701 229 750 369
person 0.956922 257 259 307 436
person 0.937953 1110 206 1146 287
person 0.928517 1735 199 1781 308
person 0.888992 1598 208 1635 298
person 0.868392 559 212 581 271
person 0.736192 693 343 740 507
person 0.664848 1189 192 1212 245
person 0.617141 170 130 1780 278
person 0.551679 490 158 505 184
person 0.525310 629 159 640 183
person 0.486485 0 263 22 290
person 0.497412 1556 165 1585 230
person 0.477884 462 160 478 184
person 0.417677 1593 165 1626 224
person 0.403639 864 148 874 168
person 0.393964 820 165 830 178
person 0.383230 601 159 614 180
person 0.354526 527 158 540 181
person 0.303557 1449 152 1469 193
person 0.289289 1289 151 1309 194
person 0.282751 692 157 705 182
person 0.281934 564 158 578 180
person 0.278899 1396 172 1421 223
person 0.259557 1852 199 1883 228
person 0.258196 1493 170 1521 226
person 0.992011 629 222 667 304
person 0.985714 1549 267 1602 383
person 0.981827 770 223 807 312
person 0.961790 253 294 318 423
person 0.961585 64 277 107 379
person 0.945578 1110 206 1146 287
person 0.910340 1742 202 1785 308
person 0.897501 706 234 749 364
person 0.849517 1190 192 1215 243
person 0.842050 1607 207 1647 298
person 0.813922 686 341 752 517
person 0.792201 556 201 585 285
person 0.671864 237 131 1919 272
person 0.562486 460 160 478 187
person 0.536656 489 157 505 184
person 0.495073 0 263 22 290
person 0.475315 1593 167 1623 222
person 0.464032 628 160 640 181
person 0.448087 1557 166 1584 228
person 0.393325 864 148 874 168
person 0.385627 601 158 614 180
person 0.337420 528 158 543 182
person 0.330055 822 165 832 178
person 0.315252 1154 145 1166 166
person 0.304569 563 157 578 181
person 0.259598 1672 157 1694 196
