person 0.988415 632 222 667 303
person 0.985658 1551 266 1612 388
person 0.982421 771 223 809 311
person 0.979010 66 276 113 380
person 0.939898 254 291 320 425
person 0.935337 564 211 585 271
person 0.938275 704 233 746 336
person 0.925589 1111 206 1147 287
person 0.896348 1611 207 1648 300
person 0.891395 692 340 760 514
person 0.737717 1744 206 1786 310
person 0.687620 1192 193 1214 243
person 0.614836 253 131 1919 275
person 0.569247 1593 169 1623 223
person 0.542735 490 157 507 185
person 0.536472 460 160 479 188
person 0.486132 628 160 640 183
person 0.437507 1 263 22 290
person 0.399515 601 159 614 181
person 0.393805 865 148 875 168
person 0.386168 1188 180 1220 261
person 0.274218 639 241 657 280
person 0.349278 821 165 831 179
person 0.345922 1155 145 1167 167
person 0.344539 1672 157 1693 196
person 0.344335 526 158 541 183
person 0.315025 1556 166 1582 223
person 0.314934 564 157 579 181
person 0.275023 1276 148 1298 191
person 0.271420 1850 197 1884 229
person 0.271262 692 157 705 181
person 0.991318 634 220 668 303
person 0.981454 1558 260 1623 392
person 0.977832 692 340 767 515
person 0.973347 773 224 811 310
person 0.966267 70 277 114 376
person 0.961407 256 295 322 424
person 0.944180 1111 205 1147 287
person 0.939239 706 234 748 337
person 0.925042 564 210 585 270
person 0.922917 1614 206 1653 283
person 0.833974 1757 208 1795 307
person 0.791162 1188 183 1223 260
person 0.692658 228 130 1919 273
person 0.600732 1591 168 1620 227
person 0.534588 490 157 506 186
person 0.486126 458 159 478 190
person 0.446040 0 263 21 290
person 0.444800 865 148 875 168
person 0.415929 824 165 834 179
person 0.389804 530 159 545 183
person 0.363278 600 159 613 180
person 0.341084 629 160 641 182
person 0.310716 280 264 317 342
person 0.293444 563 157 577 181
person 0.284374 1156 145 1169 168
person 0.278095 1554 167 1579 225
person 0.256029 1736 197 1765 232
