person 0.988342 889 232 917 326
person 0.987624 1136 242 1183 356
person 0.969046 983 275 1029 403
person 0.912977 645 283 693 389
person 0.906374 1460 237 1502 321
person 0.872527 1619 223 1659 307
person 0.802069 490 168 505 196
person 0.785944 1736 251 1776 307
person 0.784171 671 163 686 192
person 0.782272 1290 201 1322 282
person 0.774716 1205 229 1238 326
person 0.747385 1045 208 1068 277
person 0.640833 685 231 709 279
person 0.623652 296 129 1911 309
person 0.612788 526 164 539 190
person 0.589535 1323 213 1359 300
person 0.568933 1656 220 1691 305
person 0.555714 1376 198 1408 279
person 0.519018 646 162 659 187
person 0.461340 439 187 459 209
person 0.454643 569 163 583 187
person 0.392281 695 239 717 283
person 0.357378 820 165 830 182
person 0.349419 1824 218 1858 268
person 0.271437 1 266 21 295
person 0.320585 982 232 1003 283
person 0.991609 1137 245 1185 355
person 0.985706 889 233 920 326
person 0.975443 983 275 1028 404
person 0.954800 644 280 693 389
person 0.923731 1461 238 1503 322
person 0.898614 1205 229 1239 324
person 0.869782 1618 222 1659 308
person 0.800435 671 163 686 193
person 0.789264 489 168 505 196
person 0.782527 1293 201 1325 281
person 0.765514 1045 209 1068 277
person 0.735085 1737 250 1777 307
person 0.699123 685 219 708 269
person 0.657296 526 164 539 191
person 0.614594 1329 211 1362 304
person 0.599503 236 125 1709 304
person 0.552987 1656 218 1691 305
person 0.485617 695 237 718 284
person 0.487891 1379 206 1404 269
person 0.487205 646 162 660 188
person 0.461305 439 188 460 210
person 0.420675 570 163 583 187
person 0.370878 982 231 1003 284
person 0.310346 1 266 21 295
person 0.293400 819 166 829 183
person 0.264010 688 218 721 294
