person 0.991381 1561 259 1630 394
person 0.978324 637 223 670 302
person 0.971166 693 343 772 519
person 0.944949 76 272 116 376
person 0.943757 776 222 810 310
person 0.938160 1619 207 1659 285
person 0.929039 1111 206 1147 287
person 0.925989 709 233 750 339
person 0.882419 566 213 587 267
person 0.867173 1758 209 1796 307
person 0.843913 269 297 331 425
person 0.833743 1196 193 1218 243
person 0.640374 265 130 1919 277
person 0.639435 1592 168 1621 227
person 0.609078 455 161 476 192
person 0.602160 490 157 506 186
person 0.430604 0 262 22 291
person 0.427753 865 148 876 169
person 0.407002 531 159 545 183
person 0.389474 822 164 832 179
person 0.294831 641 240 661 283
person 0.342272 601 158 614 180
person 0.341118 562 157 576 181
person 0.319640 562 199 593 284
person 0.305415 1735 198 1763 232
person 0.277397 1553 165 1577 223
person 0.268981 1383 172 1406 226
person 0.252759 1712 203 1740 230
person 0.979808 640 220 672 301
person 0.976977 777 223 814 311
person 0.971830 711 234 751 337
person 0.969976 693 346 775 518
person 0.964625 1570 263 1632 389
person 0.962303 80 277 123 377
person 0.942566 268 299 334 426
person 0.933648 1111 206 1146 287
person 0.899648 1761 212 1798 306
person 0.881527 1621 207 1663 285
person 0.842612 569 212 588 268
person 0.797664 1194 192 1220 248
person 0.667675 225 130 1919 278
person 0.605899 1592 169 1620 228
person 0.508746 0 263 23 290
person 0.475447 455 162 475 192
person 0.458899 726 254 760 344
person 0.445572 489 157 504 184
person 0.413317 824 163 834 179
person 0.380373 1382 174 1407 228
person 0.381170 531 159 546 183
person 0.364617 864 149 875 170
person 0.353975 1736 197 1764 232
person 0.312601 565 198 594 284
person 0.295020 564 157 578 181
person 0.280064 601 159 613 180
person 0.275488 1489 169 1514 230
person 0.270454 1711 203 1740 230
person 0.269848 1156 145 1169 170
person 0.262087 283 266 321 342
