person 0.978665 642 220 672 302
person 0.974612 779 223 818 310
person 0.963699 714 236 749 335
person 0.960918 707 343 778 518
person 0.952527 1577 264 1640 386
person 0.947481 270 300 335 427
person 0.944739 1112 205 1147 287
person 0.937373 85 275 124 374
person 0.900501 1626 206 1666 287
person 0.885035 1765 211 1801 305
person 0.883698 1193 186 1227 259
person 0.796716 569 213 589 270
person 0.736233 1592 170 1622 227
person 0.721024 226 130 1919 273
person 0.553492 1 263 24 289
person 0.551910 725 252 763 347
person 0.439123 456 161 476 191
person 0.434465 1383 173 1409 230
person 0.425674 865 149 876 170
person 0.411088 1274 149 1298 194
person 0.389767 1736 197 1763 232
person 0.351149 823 164 833 179
person 0.348234 490 157 505 184
person 0.252476 644 236 663 284
person 0.300238 528 158 543 182
person 0.299872 1488 170 1514 228
person 0.279837 1156 145 1169 168
person 0.272412 1713 204 1739 230
person 0.272010 599 158 612 180
person 0.265572 1394 169 1419 230
person 0.973008 85 277 128 376
person 0.968334 780 224 819 311
person 0.962010 708 346 781 518
person 0.944204 1112 205 1147 287
person 0.940733 644 221 673 299
person 0.938604 1586 266 1650 383
person 0.938130 715 236 750 335
person 0.915810 275 294 339 429
person 0.871323 1766 212 1803 302
person 0.845962 571 214 591 270
person 0.795323 1197 192 1224 249
person 0.742299 1631 206 1670 284
person 0.704049 207 132 1919 272
person 0.696087 1593 170 1622 227
person 0.592629 457 161 475 190
person 0.543687 724 246 763 352
person 0.531528 1 263 23 289
person 0.459623 644 235 665 285
person 0.401437 1737 197 1765 232
person 0.390481 864 149 875 170
person 0.371204 1273 146 1297 194
person 0.357226 823 164 833 178
person 0.355375 488 157 503 183
person 0.335214 600 158 614 180
person 0.318490 1383 174 1408 227
person 0.312900 1156 144 1169 168
person 0.286756 691 157 704 183
person 0.273074 1487 169 1513 227
person 0.268405 1712 204 1739 230
