person 0.963880 783 228 823 317
person 0.963691 1598 268 1659 383
person 0.959199 709 345 784 517
person 0.950057 1112 205 1147 286
person 0.920797 89 276 126 377
person 0.917782 282 292 343 432
person 0.891721 571 212 595 272
person 0.883728 645 220 675 302
person 0.819572 716 236 751 336
person 0.728501 1199 191 1226 249
person 0.728050 1772 246 1807 302
person 0.726103 1593 169 1622 227
person 0.686684 229 130 1919 275
person 0.606684 455 161 474 191
person 0.561783 0 262 24 289
person 0.499243 1636 206 1675 283
person 0.468761 1737 196 1765 231
person 0.428761 1773 194 1814 295
person 0.349250 1382 172 1408 228
person 0.339076 821 164 831 180
person 0.328658 599 158 613 181
person 0.326289 863 150 874 169
person 0.306911 1210 195 1234 242
person 0.294984 490 158 504 183
person 0.282772 691 157 702 181
person 0.266473 1271 138 1296 186
person 0.266388 1485 168 1510 226
person 0.256113 1446 155 1466 194
person 0.971522 92 273 135 382
person 0.968684 713 349 787 516
person 0.959985 781 224 823 310
person 0.953207 1113 205 1148 287
person 0.936786 285 286 343 435
person 0.909360 1605 271 1657 378
person 0.905293 719 242 769 357
person 0.905441 645 220 675 303
person 0.763722 572 213 595 271
person 0.736030 1592 168 1622 229
person 0.709450 1199 192 1226 248
person 0.697645 246 130 1919 276
person 0.691425 1772 210 1815 303
person 0.565947 1 262 25 289
person 0.552087 455 161 474 191
person 0.496303 1210 194 1234 245
person 0.438324 1736 197 1763 231
person 0.420311 1635 209 1678 301
person 0.350219 599 157 614 182
person 0.339493 490 158 505 185
person 0.317398 690 157 702 182
person 0.302731 862 149 873 169
person 0.302421 1272 146 1296 194
person 0.289576 821 165 831 179
person 0.288559 526 158 541 183
person 0.273646 1550 166 1574 223
person 0.255435 1446 156 1466 196
