person 0.975653 94 275 137 381
person 0.960436 287 285 345 437
person 0.957554 1113 205 1148 287
person 0.952133 718 348 788 518
person 0.927796 782 229 825 316
person 0.892884 1617 273 1668 379
person 0.891556 650 219 682 302
person 0.854958 724 234 760 333
person 0.774630 1593 168 1623 228
person 0.696898 1210 190 1236 247
person 0.669282 231 131 1919 277
person 0.631272 574 230 599 276
person 0.621734 1769 241 1819 311
person 0.590281 1647 209 1685 302
person 0.547779 1 263 24 290
person 0.497041 454 162 475 193
person 0.422043 1778 197 1820 290
person 0.401925 1736 196 1763 229
person 0.372443 1549 164 1575 228
person 0.340152 1443 156 1464 197
person 0.330625 861 148 873 170
person 0.315419 1382 172 1407 228
person 0.314274 724 264 781 375
person 0.302479 525 157 541 183
person 0.301117 491 158 507 184
person 0.295136 600 158 615 182
person 0.276906 823 164 832 180
person 0.266856 1485 171 1511 226
person 0.262420 1271 138 1294 186
person 0.983865 94 275 141 380
person 0.955303 1113 206 1148 286
person 0.937321 289 292 346 432
person 0.936537 783 228 826 315
person 0.936937 723 341 785 516
person 0.936851 650 219 683 302
person 0.915248 1623 269 1675 380
person 0.904695 727 241 773 361
person 0.746321 1212 189 1236 247
person 0.737063 1592 167 1623 231
person 0.732176 1651 211 1689 306
person 0.674362 574 213 597 270
person 0.670991 1778 193 1823 295
person 0.624904 252 130 1919 278
person 0.559799 1 263 25 289
person 0.467035 453 162 473 192
person 0.356621 1737 197 1765 230
person 0.354415 526 157 542 183
person 0.340846 1444 158 1463 195
person 0.331832 861 148 872 170
person 0.329281 824 164 833 179
person 0.328834 1383 172 1408 227
person 0.324214 1549 165 1574 226
person 0.321235 601 157 616 182
person 0.302756 490 158 505 184
person 0.294043 1272 140 1292 184
person 0.288142 1485 171 1510 227
person 0.267405 1155 145 1168 169
person 0.263354 1491 192 1515 231
person 0.253247 1851 199 1883 227
