person 0.972964 97 277 142 379
person 0.972676 728 344 790 515
person 0.963766 1113 206 1150 285
person 0.944459 729 239 774 359
person 0.923491 787 225 827 308
person 0.923170 295 262 342 425
person 0.914833 653 217 683 301
person 0.820275 1628 262 1683 385
person 0.792044 1213 185 1238 245
person 0.768373 1595 167 1626 232
person 0.714900 200 133 1919 271
person 0.692051 452 163 472 193
person 0.624219 1551 164 1579 231
person 0.598957 1776 205 1827 305
person 0.559350 574 212 598 272
person 0.539285 1658 204 1696 286
person 0.523083 0 263 22 288
person 0.442160 530 159 544 182
person 0.426103 600 157 613 180
person 0.417924 1443 156 1463 196
person 0.395230 492 159 507 184
person 0.364098 1486 170 1512 227
person 0.357564 1383 169 1408 227
person 0.335446 1271 138 1292 185
person 0.328913 861 146 872 169
person 0.306949 585 215 611 268
person 0.299083 820 164 829 178
person 0.296062 1737 196 1765 228
person 0.255459 689 157 700 182
person 0.987611 97 277 144 379
person 0.969637 1113 205 1150 286
person 0.936328 655 217 685 300
person 0.930625 296 270 345 421
person 0.928649 731 234 768 333
person 0.920988 786 227 827 307
person 0.892579 734 339 797 516
person 0.794717 1215 183 1238 244
person 0.764080 1637 260 1691 385
person 0.706033 1596 166 1627 231
person 0.700010 452 163 471 192
person 0.661339 218 131 1919 272
person 0.571518 0 263 22 289
person 0.494818 1663 203 1701 288
person 0.480930 574 215 597 269
person 0.481755 1778 194 1828 292
person 0.479297 1551 161 1580 231
person 0.416927 530 158 544 182
person 0.404769 585 217 610 268
person 0.414178 1271 137 1292 186
person 0.406042 491 159 506 183
person 0.401688 1737 196 1765 229
person 0.400301 602 157 614 180
person 0.393953 862 147 873 169
person 0.393137 1383 169 1408 227
person 0.384901 688 157 700 183
person 0.380538 1442 153 1463 195
person 0.339605 820 164 830 179
person 0.304938 1484 168 1512 227
person 0.262948 1157 145 1170 167
