person 0.986430 100 279 146 378
person 0.960283 1113 206 1149 285
person 0.949228 294 295 351 423
person 0.928410 654 218 685 303
person 0.918074 733 234 768 334
person 0.910477 788 226 825 307
person 0.783453 1596 165 1627 231
person 0.678482 1549 163 1578 232
person 0.678512 734 269 794 510
person 0.665439 584 213 609 269
person 0.665389 1218 186 1240 241
person 0.661633 452 163 471 192
person 0.652657 1792 212 1835 302
person 0.630363 233 130 1919 271
person 0.615555 1632 211 1703 394
person 0.569574 0 263 21 288
person 0.538998 1271 135 1294 188
person 0.449332 575 214 599 270
person 0.447130 1484 164 1511 229
person 0.433967 688 157 701 183
person 0.414384 532 158 545 181
person 0.412896 1441 153 1463 197
person 0.396365 494 159 508 183
person 0.375200 1737 195 1766 230
person 0.357104 861 147 872 168
person 0.348877 1384 168 1408 227
person 0.325175 1157 144 1171 168
person 0.301277 820 164 830 179
person 0.276351 1670 201 1706 284
person 0.255117 605 157 617 179
person 0.983278 102 278 151 379
person 0.968487 1111 205 1149 286
person 0.962475 300 288 351 426
person 0.952515 658 218 688 300
person 0.929271 738 233 775 330
person 0.812768 1219 187 1242 245
person 0.814401 797 223 837 310
person 0.783947 1595 167 1626 231
person 0.773319 739 343 809 512
person 0.768338 578 204 611 281
person 0.736223 1795 210 1835 301
person 0.671916 453 162 472 192
person 0.652971 1549 164 1576 229
person 0.642798 1635 214 1715 393
person 0.651755 234 135 1919 270
person 0.553932 0 263 23 289
person 0.488148 1484 164 1509 228
person 0.429935 494 159 507 184
person 0.423964 531 158 545 181
person 0.401962 1384 169 1408 229
person 0.401583 862 146 874 169
person 0.368483 601 157 614 181
person 0.357842 1443 154 1464 195
person 0.333459 688 157 701 182
person 0.329239 1736 195 1765 228
person 0.258164 1271 139 1289 183
