person 0.984376 107 280 156 375
person 0.972520 658 220 690 301
person 0.962455 1111 206 1150 286
person 0.958558 742 233 777 329
person 0.938286 301 290 355 422
person 0.856472 797 223 838 310
person 0.821310 580 202 612 279
person 0.816148 1218 190 1243 246
person 0.814245 1796 210 1834 299
person 0.772346 1594 166 1624 232
person 0.720924 746 341 813 514
person 0.696982 1637 218 1722 395
person 0.649948 153 133 1812 278
person 0.636377 452 162 473 194
person 0.610039 1549 161 1576 233
person 0.509957 688 157 701 183
person 0.467839 0 248 27 359
person 0.466900 600 157 613 181
person 0.453386 1380 171 1407 230
person 0.438408 533 159 547 183
person 0.423792 1736 195 1765 231
person 0.419097 1675 205 1713 283
person 0.385820 666 235 687 284
person 0.378800 1482 166 1508 228
person 0.348489 1269 149 1289 191
person 0.321198 496 158 510 184
person 0.316964 862 147 873 169
person 0.265491 1156 146 1170 168
person 0.989283 307 291 367 424
person 0.986020 116 278 161 377
person 0.973203 659 220 692 303
person 0.939874 1113 206 1148 286
person 0.903483 749 234 781 334
person 0.892212 801 223 839 310
person 0.858921 584 203 616 283
person 0.852944 1798 211 1836 300
person 0.777887 1219 192 1244 245
person 0.771298 1639 216 1733 395
person 0.699082 258 135 1919 271
person 0.666171 1591 166 1622 233
person 0.641966 754 343 821 512
person 0.629978 1379 173 1406 233
person 0.543334 1547 162 1575 235
person 0.538705 453 162 473 192
person 0.529720 0 250 28 359
person 0.528229 599 157 614 184
person 0.461363 1475 155 1508 235
person 0.450990 788 227 823 321
person 0.446681 1735 196 1766 233
person 0.384889 495 160 511 185
person 0.367448 862 149 872 170
person 0.364940 687 157 699 183
person 0.335837 667 235 688 285
person 0.338723 1156 146 1170 169
person 0.308136 1850 198 1880 228
person 0.299047 557 157 572 183
person 0.298930 1201 141 1214 168
person 0.292897 1266 147 1289 192
person 0.291081 1681 205 1724 310
