person 0.984339 307 292 369 422
person 0.983632 118 278 159 373
person 0.976905 661 219 692 301
person 0.955738 1112 206 1149 286
person 0.937880 748 231 783 338
person 0.926475 1802 207 1840 299
person 0.897084 803 222 838 310
person 0.889280 1216 182 1249 260
person 0.827788 756 348 825 514
person 0.787314 591 212 615 265
person 0.746478 1591 167 1623 233
person 0.681993 0 250 29 357
person 0.658265 245 136 1919 273
person 0.568247 1688 203 1725 285
person 0.513856 1548 162 1576 234
person 0.505457 454 162 473 192
person 0.481043 601 157 615 182
person 0.475441 1380 173 1407 231
person 0.422454 1480 167 1507 230
person 0.422628 1644 222 1734 395
person 0.409089 788 226 822 323
person 0.397159 1736 196 1764 231
person 0.375459 688 159 700 182
person 0.312377 561 158 575 182
person 0.268908 1663 262 1719 384
person 0.251173 1157 146 1172 168
person 0.995484 306 294 372 423
person 0.979843 121 276 161 374
person 0.969594 660 219 693 304
person 0.969494 756 343 835 513
person 0.940590 751 234 784 335
person 0.940401 1113 206 1148 285
person 0.877563 592 207 616 269
person 0.834345 1809 208 1844 298
person 0.810759 806 224 838 308
person 0.733695 1223 192 1247 245
person 0.710921 1677 260 1727 389
person 0.700572 0 251 33 354
person 0.696716 1691 205 1729 284
person 0.666432 1591 167 1623 233
person 0.635172 231 135 1919 277
person 0.500631 1379 172 1406 231
person 0.409484 1547 163 1575 234
person 0.391626 1738 195 1764 230
person 0.371573 1480 167 1507 231
person 0.352665 453 163 473 193
person 0.343883 600 157 614 182
person 0.338678 687 159 700 182
person 0.256458 862 147 873 168
