person 0.992890 307 297 374 423
person 0.981016 122 277 165 376
person 0.974866 664 219 694 303
person 0.970198 761 344 842 512
person 0.962258 752 231 786 336
person 0.956262 805 223 839 309
person 0.939014 1112 206 1149 286
person 0.867014 1810 209 1848 298
person 0.852066 595 210 617 267
person 0.851618 1225 190 1250 248
person 0.846429 0 254 36 353
person 0.778017 1694 201 1735 285
person 0.715874 1592 166 1623 234
person 0.703684 232 135 1919 273
person 0.699691 1686 263 1739 383
person 0.560076 1379 170 1407 231
person 0.474951 670 233 690 286
person 0.449992 601 158 614 182
person 0.431102 1475 153 1508 233
person 0.423144 1547 163 1575 233
person 0.418282 687 160 698 182
person 0.307815 327 265 351 302
person 0.311879 1740 195 1765 229
person 0.307591 453 163 472 194
person 0.282377 782 225 813 327
person 0.272126 531 160 545 183
person 0.253110 565 159 579 182
person 0.990097 312 291 375 427
person 0.985094 761 348 851 512
person 0.978838 667 218 694 303
person 0.974911 128 272 173 379
person 0.951465 1112 206 1149 285
person 0.925548 1813 207 1852 298
person 0.922451 805 223 840 310
person 0.918032 754 232 787 337
person 0.900389 1692 267 1742 379
person 0.824300 599 213 619 264
person 0.819543 1226 193 1252 247
person 0.786893 1591 167 1623 234
person 0.782016 0 254 35 354
person 0.734458 1698 200 1742 283
person 0.681006 218 132 1919 276
person 0.539573 600 158 613 182
person 0.524914 1547 163 1575 233
person 0.460032 687 159 699 182
person 0.459513 1475 151 1506 232
person 0.410537 1378 170 1405 231
person 0.409892 761 253 799 349
person 0.366638 591 197 622 280
person 0.338076 455 163 473 192
person 0.327690 1265 149 1286 190
person 0.281421 528 159 542 183
person 0.256863 495 159 510 184
person 0.256353 864 147 874 168
person 0.253956 565 159 579 181
