person 0.985425 763 348 852 512
person 0.984213 316 285 376 433
person 0.982024 670 217 699 300
person 0.972573 131 274 171 376
person 0.950995 1111 206 1150 285
person 0.940259 1814 205 1856 286
person 0.934973 754 232 787 337
person 0.909588 806 225 841 308
person 0.859275 1696 262 1748 381
person 0.816176 600 213 620 265
person 0.814377 0 255 37 354
person 0.750094 1590 166 1622 233
person 0.743051 1227 193 1254 245
person 0.686340 214 135 1919 275
person 0.671274 1704 195 1753 275
person 0.625611 1379 171 1406 232
person 0.612280 763 254 804 348
person 0.563346 1548 159 1576 232
person 0.521708 1473 151 1506 231
person 0.494274 601 158 614 182
person 0.446847 455 163 473 193
person 0.399067 687 157 698 182
person 0.390828 593 198 624 281
person 0.350364 526 159 539 183
person 0.322136 494 159 507 184
person 0.283804 823 164 833 179
person 0.275047 1777 176 1806 228
person 0.252095 1265 152 1285 191
person 0.983906 133 271 172 376
person 0.979474 1702 264 1757 386
person 0.978229 763 348 854 513
person 0.977928 672 217 700 300
person 0.966137 321 292 382 430
person 0.946959 1111 206 1151 285
person 0.908122 1815 202 1862 289
person 0.899327 810 224 842 308
person 0.886330 754 232 788 337
person 0.836211 1713 196 1764 281
person 0.804754 1229 194 1255 246
person 0.784779 1590 166 1622 233
person 0.741179 602 215 622 264
person 0.747276 763 252 805 346
person 0.691660 0 255 36 356
person 0.652423 176 131 1795 288
person 0.639904 1471 151 1506 231
person 0.565033 1547 160 1576 233
person 0.528658 1379 172 1406 231
person 0.447723 325 259 366 388
person 0.418781 456 163 474 192
person 0.407011 687 157 699 183
person 0.356001 527 159 541 184
person 0.338199 602 157 614 181
person 0.301418 595 199 626 281
person 0.262603 493 159 507 184
person 0.255926 862 146 873 167
