person 0.992444 893 232 922 326
person 0.989513 1137 241 1186 356
person 0.978762 982 275 1027 406
person 0.975033 647 271 692 387
person 0.942859 1467 237 1504 320
person 0.942835 1205 231 1241 326
person 0.862570 1617 221 1660 309
person 0.848569 1297 200 1328 284
person 0.817033 670 165 686 193
person 0.777048 489 168 505 195
person 0.737763 1043 210 1067 276
person 0.722852 685 219 707 268
person 0.654208 1654 216 1691 306
person 0.652222 527 165 540 192
person 0.625351 227 125 1716 298
person 0.624477 1332 208 1364 305
person 0.594527 1740 247 1776 306
person 0.579726 1395 208 1420 273
person 0.500457 646 163 660 188
person 0.491952 982 231 1004 283
person 0.442456 439 189 460 210
person 0.440801 1377 207 1399 272
person 0.412040 694 239 717 284
person 0.382761 571 164 584 187
person 0.313306 1 266 21 295
person 0.271486 903 148 916 173
person 0.991981 1139 242 1187 355
person 0.986102 896 232 922 325
person 0.984715 982 274 1027 408
person 0.977508 649 269 694 387
person 0.935946 1469 237 1509 321
person 0.926964 1206 231 1241 329
person 0.877455 1617 222 1659 308
person 0.842082 1297 200 1329 284
person 0.831416 670 165 686 193
person 0.814369 685 220 708 268
person 0.805734 1042 211 1067 274
person 0.771733 488 168 505 194
person 0.772369 1653 218 1691 305
person 0.749072 1397 209 1423 268
person 0.668011 526 164 541 192
person 0.640942 1737 215 1782 309
person 0.627573 277 128 1919 305
person 0.496561 1335 206 1367 306
person 0.480354 982 231 1005 282
person 0.471184 645 163 659 189
person 0.439763 439 189 460 210
person 0.429743 571 163 584 188
person 0.279095 1 266 21 295
person 0.270932 695 242 716 283
person 0.297747 1835 214 1871 265
person 0.266676 904 147 917 173
person 0.262133 1370 209 1393 266
person 0.263375 818 169 828 185
