person 0.979037 773 344 861 516
person 0.979122 135 271 175 376
person 0.964500 673 216 703 298
person 0.953278 1111 207 1150 285
person 0.911586 1706 257 1758 391
person 0.907732 759 251 807 346
person 0.905652 324 296 380 428
person 0.886105 810 225 845 306
person 0.856802 0 255 35 351
person 0.856827 1718 196 1762 278
person 0.856360 1817 202 1864 286
person 0.835675 1590 167 1622 233
person 0.799628 603 214 624 266
person 0.769031 1226 181 1263 259
person 0.671879 1378 173 1407 232
person 0.663894 1471 152 1506 230
person 0.637956 181 130 1785 285
person 0.602916 325 258 366 390
person 0.576890 597 199 628 281
person 0.499304 1547 160 1575 231
person 0.469448 457 162 474 192
person 0.462111 527 158 541 184
person 0.421245 686 157 699 183
person 0.418732 603 157 616 181
person 0.314798 493 159 507 185
person 0.262196 1668 156 1689 195
person 0.259716 1775 178 1806 227
person 0.256220 861 145 872 167
person 0.251988 1895 197 1913 228
person 0.988041 773 338 863 518
person 0.982350 137 274 179 376
person 0.975002 674 218 705 298
person 0.957422 1111 206 1150 285
person 0.930092 812 226 848 306
person 0.906039 761 248 807 349
person 0.904285 328 291 383 432
person 0.896492 1 257 39 351
person 0.877533 1590 168 1623 234
person 0.847520 604 213 624 265
person 0.826136 1830 202 1874 286
person 0.820254 1229 185 1265 259
person 0.764951 1721 197 1764 285
person 0.743908 1716 250 1765 390
person 0.679744 327 261 369 388
person 0.672083 225 133 1919 276
person 0.596243 1379 174 1407 232
person 0.560006 1546 162 1572 231
person 0.489440 527 159 541 184
person 0.441713 457 162 475 191
person 0.436101 686 157 698 183
person 0.429590 1470 153 1505 231
person 0.357739 493 159 506 185
person 0.350692 603 158 616 180
person 0.289329 1774 178 1806 228
person 0.287997 598 199 629 281
person 0.253076 862 146 872 167
