person 0.985571 779 342 864 514
person 0.983554 137 272 182 375
person 0.951877 1111 207 1150 285
person 0.942502 677 216 705 298
person 0.925136 763 240 812 355
person 0.920824 4 258 42 350
person 0.899078 818 227 851 305
person 0.897469 331 291 386 431
person 0.851849 604 215 627 267
person 0.856478 1719 252 1775 392
person 0.851962 1590 168 1623 233
person 0.832394 1834 203 1877 288
person 0.770877 327 263 372 389
person 0.679104 194 132 1919 278
person 0.667278 1231 180 1266 257
person 0.662968 1724 197 1765 287
person 0.552321 456 161 475 192
person 0.531713 686 158 698 183
person 0.524526 526 158 540 185
person 0.515934 600 157 613 182
person 0.492937 1545 160 1572 229
person 0.452761 1471 153 1505 232
person 0.443260 1379 177 1405 229
person 0.422699 493 159 508 185
person 0.336232 562 158 576 182
person 0.304727 1780 195 1810 230
person 0.986980 783 346 866 514
person 0.985527 139 272 186 375
person 0.952283 1112 207 1149 285
person 0.950357 766 238 816 357
person 0.945688 677 218 708 298
person 0.941513 4 258 46 351
person 0.899673 1835 212 1874 293
person 0.867192 816 227 852 305
person 0.866549 1591 167 1622 232
person 0.863428 1729 249 1782 391
person 0.830586 604 215 627 266
person 0.807606 334 298 388 430
person 0.779190 327 264 370 384
person 0.682900 1235 189 1261 248
person 0.672121 216 132 1919 278
person 0.522002 680 234 701 281
person 0.593012 598 202 633 280
person 0.503454 456 161 475 192
person 0.484963 600 157 613 181
person 0.457365 687 158 699 181
person 0.452648 1545 161 1571 229
person 0.446699 526 158 540 184
person 0.374991 1480 168 1505 230
person 0.368875 1380 178 1406 229
person 0.362062 1730 197 1770 284
person 0.318481 563 158 577 183
person 0.293771 492 158 507 185
person 0.260524 859 145 870 167
