person 0.987832 139 275 192 376
person 0.987382 786 344 868 513
person 0.964844 768 236 820 362
person 0.948738 1111 207 1149 285
person 0.943003 678 218 709 302
person 0.939775 328 263 375 387
person 0.919828 818 226 855 305
person 0.906270 5 257 46 351
person 0.882531 1590 166 1621 233
person 0.855954 1839 203 1884 286
person 0.846001 1732 255 1789 387
person 0.817560 601 202 634 280
person 0.689425 226 133 1919 277
person 0.676970 1237 187 1263 248
person 0.564994 456 160 475 193
person 0.496802 1544 162 1570 230
person 0.475903 601 157 615 182
person 0.440833 1477 164 1504 230
person 0.431698 527 158 543 185
person 0.428793 687 157 698 181
person 0.335510 681 237 701 280
person 0.383137 335 301 391 426
person 0.302654 1382 185 1407 235
person 0.293819 862 146 872 167
person 0.260431 1241 177 1275 255
person 0.988021 141 273 194 375
person 0.985815 796 338 866 513
person 0.951151 6 258 49 352
person 0.944685 1112 207 1149 285
person 0.935658 681 218 709 300
person 0.920892 328 263 377 390
person 0.917595 774 245 815 354
person 0.902700 1839 210 1881 298
person 0.889809 1738 255 1794 384
person 0.888427 1591 167 1621 232
person 0.871339 606 214 632 271
person 0.741215 821 225 856 306
person 0.614331 240 135 1919 284
person 0.522622 456 161 475 192
person 0.455187 681 234 702 284
person 0.482920 687 157 699 182
person 0.472747 1545 163 1572 231
person 0.457081 601 157 615 182
person 0.453572 1236 183 1262 245
person 0.426837 526 158 542 184
person 0.420598 348 305 400 420
person 0.396936 1471 151 1505 231
person 0.315971 1382 187 1406 234
person 0.313784 1739 195 1767 233
person 0.267461 566 158 580 182
person 0.262504 1710 200 1743 232
person 0.252495 1782 194 1809 231
