person 0.987500 144 273 199 373
person 0.963414 801 338 864 514
person 0.949575 775 243 822 355
person 0.949508 1111 207 1148 285
person 0.933466 7 258 51 352
person 0.909551 681 218 712 301
person 0.906265 1749 264 1803 378
person 0.883866 331 265 379 388
person 0.870138 1590 167 1620 232
person 0.870023 351 263 394 429
person 0.844169 1843 203 1890 284
person 0.793339 606 214 633 270
person 0.651022 823 225 855 306
person 0.621325 243 133 1919 280
person 0.612165 455 160 476 193
person 0.525866 686 158 699 182
person 0.514784 1248 184 1274 248
person 0.482488 601 158 615 182
person 0.459247 524 157 541 184
person 0.442567 1471 151 1504 231
person 0.370342 819 231 843 290
person 0.360330 1238 185 1262 246
person 0.357685 1543 166 1570 230
person 0.347683 1382 187 1406 235
person 0.318171 836 222 868 309
person 0.310434 1783 193 1809 232
person 0.305569 1710 200 1743 231
person 0.276693 564 158 578 181
person 0.272621 1738 215 1787 295
person 0.262066 1419 151 1439 193
person 0.259018 1737 195 1767 232
person 0.254774 1642 157 1662 197
person 0.985226 149 275 200 372
person 0.953234 780 239 824 359
person 0.951758 1111 207 1148 285
person 0.946473 813 326 862 515
person 0.935214 1754 268 1809 380
person 0.917740 681 216 712 301
person 0.886462 7 257 53 351
person 0.884328 1845 203 1894 282
person 0.871162 1590 167 1621 232
person 0.832310 349 304 405 426
person 0.804736 336 264 380 381
person 0.785780 607 214 633 270
person 0.684471 822 226 856 305
person 0.618380 234 135 1919 279
person 0.617154 601 158 616 183
person 0.552128 836 222 868 305
person 0.543000 456 161 475 192
person 0.506487 525 158 541 185
person 0.500727 1738 201 1786 281
person 0.482477 686 158 699 182
person 0.478718 1383 187 1407 234
person 0.472560 1249 185 1274 247
person 0.466223 1470 151 1504 230
person 0.366091 859 145 870 167
person 0.328835 565 158 579 182
person 0.296241 1783 195 1808 234
person 0.280906 1738 195 1765 233
person 0.270443 821 164 831 178
person 0.265824 1710 201 1741 231
