person 0.986070 154 275 198 374
person 0.957733 1763 270 1813 379
person 0.954880 817 327 867 516
person 0.953123 1111 207 1148 285
person 0.952706 780 243 828 357
person 0.927032 349 302 410 427
person 0.914380 680 217 714 300
person 0.896206 1590 167 1621 232
person 0.857608 20 256 62 354
person 0.826814 606 214 635 270
person 0.760769 340 259 380 387
person 0.629899 225 133 1919 277
person 0.595246 457 161 476 192
person 0.544466 837 223 867 305
person 0.516769 820 229 846 290
person 0.518252 686 157 699 183
person 0.504505 1470 150 1503 231
person 0.475774 600 158 615 183
person 0.470522 1246 170 1277 257
person 0.421214 1382 187 1407 234
person 0.417803 525 158 540 184
person 0.398415 1840 223 1904 295
person 0.359341 860 146 871 168
person 0.344661 1739 194 1764 235
person 0.304683 821 164 832 178
person 0.277720 1785 194 1809 239
person 0.274340 563 159 578 182
person 0.982553 157 275 200 372
person 0.962590 350 294 419 427
person 0.960291 20 257 65 354
person 0.956731 1111 207 1148 285
person 0.927758 788 229 824 339
person 0.915846 687 218 722 303
person 0.896813 1590 167 1621 232
person 0.819804 818 336 879 511
person 0.776883 1770 266 1817 377
person 0.683881 608 215 634 270
person 0.695930 342 261 379 384
person 0.645260 221 133 1919 277
person 0.632816 838 221 867 307
person 0.579942 601 158 616 184
person 0.578728 1381 187 1406 234
person 0.569905 1246 171 1277 255
person 0.541202 456 161 475 192
person 0.534992 811 228 846 330
person 0.475355 1475 165 1502 231
person 0.467132 687 157 700 183
person 0.403227 1738 195 1763 232
person 0.400974 524 158 538 184
person 0.368253 822 225 853 305
person 0.339608 861 146 872 167
person 0.328753 1767 198 1808 277
person 0.324514 1541 166 1569 229
person 0.282648 563 159 577 182
person 0.282426 821 164 831 178
person 0.274332 1854 197 1878 229
person 0.271724 1422 154 1439 190
person 0.260699 1844 225 1908 294
person 0.252396 1782 194 1809 242
