person 0.978398 162 275 200 372
person 0.975811 355 294 425 425
person 0.968133 1770 265 1826 386
person 0.961905 1111 207 1149 286
person 0.947817 688 218 724 304
person 0.946335 787 230 829 365
person 0.942728 24 258 64 355
person 0.891682 1591 168 1621 230
person 0.890621 824 340 891 507
person 0.753736 838 222 869 306
person 0.695576 200 135 1919 274
person 0.690530 1248 171 1280 257
person 0.687113 602 159 617 184
person 0.677404 1381 188 1405 233
person 0.629809 686 157 699 182
person 0.591627 609 216 634 267
person 0.602311 457 161 476 192
person 0.590830 1873 201 1916 282
person 0.524157 1474 166 1500 231
person 0.486074 611 206 648 275
person 0.465767 1738 193 1765 232
person 0.450414 810 230 847 333
person 0.449530 523 158 537 183
person 0.424455 1771 183 1812 261
person 0.419967 1542 167 1569 230
person 0.415485 346 261 381 381
person 0.319481 1533 172 1558 230
person 0.317746 820 164 830 178
person 0.313099 1422 155 1439 192
person 0.305178 1854 196 1879 229
person 0.293605 821 232 847 286
person 0.297599 490 158 505 185
person 0.292594 862 147 872 167
person 0.278279 1453 155 1471 196
person 0.979947 358 291 429 429
person 0.979875 1772 258 1835 391
person 0.975510 688 217 725 303
person 0.958091 163 273 199 372
person 0.954770 24 258 68 355
person 0.952943 1111 207 1149 285
person 0.943996 784 226 831 370
person 0.941815 827 339 894 508
person 0.907076 1590 167 1621 232
person 0.757633 1381 188 1406 233
person 0.723794 612 206 648 276
person 0.688994 839 223 870 306
person 0.686671 602 158 616 184
person 0.675303 201 136 1919 276
person 0.659462 1775 192 1820 277
person 0.642834 456 162 476 192
person 0.607918 804 232 846 334
person 0.598436 686 156 699 183
person 0.594976 1877 208 1919 303
person 0.550205 523 158 537 184
person 0.514004 1473 167 1500 230
person 0.509469 1736 194 1766 232
person 0.495064 1542 167 1570 230
person 0.416001 1533 172 1558 229
person 0.406460 348 263 379 380
person 0.370475 1257 191 1282 237
person 0.339179 1853 197 1879 230
person 0.330861 1422 155 1439 192
person 0.305259 861 146 872 167
person 0.293062 1248 154 1283 241
person 0.286712 490 158 504 184
person 0.261003 822 231 849 282
person 0.269512 820 164 831 178
person 0.263564 1454 156 1471 196
person 0.261349 565 159 578 180
