person 0.987899 362 291 431 425
person 0.965736 691 217 723 304
person 0.962687 1111 207 1149 285
person 0.959423 830 340 901 507
person 0.956374 25 260 71 354
person 0.954660 794 240 841 356
person 0.950541 167 271 208 372
person 0.936106 1782 260 1843 384
person 0.914042 1590 167 1621 230
person 0.788463 841 222 872 305
person 0.722725 614 204 647 277
person 0.718193 1382 189 1406 232
person 0.700323 209 136 1919 275
person 0.678734 1879 199 1919 286
person 0.674625 1782 193 1822 278
person 0.623356 1249 175 1284 259
person 0.605325 686 156 700 183
person 0.593537 601 158 616 184
person 0.592714 1737 195 1767 231
person 0.529540 1257 190 1282 241
person 0.526003 1472 168 1499 230
person 0.498946 458 162 476 190
person 0.493860 523 158 537 183
person 0.473487 1533 171 1558 227
person 0.343494 1854 197 1880 229
person 0.338544 821 164 831 178
person 0.301599 613 215 635 264
person 0.320302 492 158 506 184
person 0.288302 1670 157 1689 194
person 0.284422 1422 154 1438 188
person 0.276983 1702 158 1721 193
person 0.272395 862 147 872 167
person 0.985341 365 289 431 425
person 0.977827 691 217 726 302
person 0.971487 172 268 210 373
person 0.967451 832 339 909 509
person 0.965449 1111 207 1150 285
person 0.958268 26 259 75 354
person 0.953923 796 243 841 356
person 0.941787 1784 260 1847 382
person 0.925799 1590 167 1621 230
person 0.782555 619 213 646 271
person 0.761629 1783 195 1823 280
person 0.748462 1380 189 1406 233
person 0.710587 844 223 874 306
person 0.689168 1258 192 1285 247
person 0.676489 203 138 1919 277
person 0.580995 1739 196 1768 233
person 0.480511 459 161 477 190
person 0.477202 601 158 615 184
person 0.468273 1884 190 1919 293
person 0.459313 1471 168 1498 229
person 0.421015 1534 170 1558 227
person 0.403417 687 156 700 182
person 0.337327 522 158 537 183
person 0.319089 820 164 830 178
person 0.294377 1541 166 1569 227
person 0.289032 1855 197 1882 228
person 0.283403 1421 155 1437 187
person 0.275526 1670 157 1689 195
person 0.271285 1708 202 1741 231
person 0.269717 360 260 384 306
person 0.252507 1242 162 1257 188
