person 0.986750 367 284 431 428
person 0.986187 174 270 213 375
person 0.980065 833 339 914 510
person 0.979085 693 216 727 303
person 0.962575 1788 260 1854 387
person 0.961449 27 259 81 355
person 0.950000 1112 206 1150 285
person 0.940947 801 240 842 357
person 0.915140 1590 166 1620 231
person 0.818293 1795 194 1834 279
person 0.801935 1258 190 1286 249
person 0.751092 622 213 646 270
person 0.738458 1379 189 1405 233
person 0.717816 845 223 875 308
person 0.710100 189 142 1919 278
person 0.548377 1738 197 1766 230
person 0.507988 1472 170 1498 231
person 0.447819 1887 189 1919 292
person 0.439054 601 157 615 184
person 0.411835 458 160 477 191
person 0.392282 1534 170 1557 227
person 0.357446 525 158 540 183
person 0.339012 688 156 700 181
person 0.283147 819 164 830 178
person 0.279330 1670 159 1688 194
person 0.269705 1858 198 1883 228
person 0.252594 1420 155 1436 190
person 0.252195 861 146 872 167
person 0.984709 830 342 917 510
person 0.981413 694 216 726 303
person 0.981017 174 270 216 374
person 0.972463 29 259 86 354
person 0.954963 802 230 842 339
person 0.951974 1798 262 1859 385
person 0.933200 368 290 432 422
person 0.925679 1112 206 1149 285
person 0.912557 847 223 876 307
person 0.884678 1800 194 1839 278
person 0.878942 1591 168 1620 230
person 0.795427 623 215 648 269
person 0.731158 1260 190 1287 246
person 0.703777 210 141 1919 281
person 0.668212 1379 189 1406 233
person 0.584452 359 261 398 389
person 0.496973 458 161 477 191
person 0.490113 1738 196 1765 230
person 0.447154 1892 184 1919 298
person 0.428304 522 157 537 182
person 0.408842 600 157 615 182
person 0.400075 1472 168 1498 230
person 0.367622 689 156 702 181
person 0.361585 862 147 873 167
person 0.334191 820 164 830 179
person 0.281061 704 237 723 280
person 0.296593 1241 159 1257 188
person 0.274764 1420 155 1436 191
person 0.266949 1670 159 1688 195
person 0.258403 486 158 502 184
person 0.258558 1532 172 1556 227
