person 0.981395 175 270 220 373
person 0.981322 695 215 727 302
person 0.981065 807 230 844 334
person 0.975891 835 341 920 511
person 0.969022 32 258 87 354
person 0.947378 383 288 439 425
person 0.936892 1805 273 1862 377
person 0.932129 1112 207 1149 285
person 0.919336 359 267 396 379
person 0.877142 1592 170 1620 229
person 0.858032 626 215 649 269
person 0.792822 1260 190 1288 249
person 0.785541 851 224 879 308
person 0.783533 1803 194 1845 276
person 0.727608 198 141 1919 280
person 0.689336 1379 188 1406 233
person 0.485347 458 161 477 191
person 0.484698 1738 195 1765 230
person 0.482255 600 157 614 183
person 0.405589 524 157 538 183
person 0.367993 863 147 873 167
person 0.331213 1904 225 1918 293
person 0.335611 487 158 503 184
person 0.333566 1240 160 1256 189
person 0.308568 820 164 830 178
person 0.279829 1472 169 1496 230
person 0.250415 1530 175 1554 228
person 0.987292 177 271 225 372
person 0.986026 697 215 728 302
person 0.984370 807 229 847 336
person 0.972807 387 293 438 426
person 0.963321 838 341 922 508
person 0.955808 38 258 87 354
person 0.942682 360 266 397 377
person 0.940267 1112 207 1149 285
person 0.928588 1808 268 1869 376
person 0.896787 851 224 881 307
person 0.878381 626 214 651 269
person 0.880971 1592 170 1621 230
person 0.737868 206 141 1919 278
person 0.722735 1262 191 1289 247
person 0.633842 1379 189 1407 233
person 0.575829 458 161 476 192
person 0.544009 1810 191 1851 273
person 0.522248 599 157 614 184
person 0.464601 1739 195 1765 230
person 0.446265 688 156 701 183
person 0.437556 521 157 534 183
person 0.408308 490 158 505 185
person 0.376802 863 147 873 167
person 0.361937 820 164 830 179
person 0.268560 706 238 724 279
person 0.318140 1240 161 1256 190
person 0.305245 1473 173 1495 229
person 0.293840 1531 176 1553 227
