person 0.991107 262 232 307 319
person 0.986145 695 232 730 329
person 0.981395 1281 208 1321 314
person 0.948169 1564 282 1625 450
person 0.945884 1141 240 1185 350
person 0.942534 770 263 811 369
person 0.942502 1064 292 1117 465
person 0.934927 1037 202 1068 286
person 0.924510 1484 172 1521 258
person 0.875217 836 228 872 344
person 0.844126 1178 215 1212 306
person 0.792608 1564 173 1601 264
person 0.759319 563 156 580 186
person 0.751561 1855 166 1888 223
person 0.687755 312 120 1896 287
person 0.587916 1782 173 1810 228
person 0.519983 498 158 516 187
person 0.466696 519 158 537 190
person 0.451127 859 141 871 164
person 0.448753 442 163 463 196
person 0.415745 325 172 349 206
person 0.381910 1 262 23 289
person 0.402292 425 165 444 194
person 0.351539 316 169 338 200
person 0.345374 1270 140 1287 173
person 0.291924 1706 155 1728 195
person 0.274696 1231 139 1246 166
person 0.267976 1742 196 1771 229
person 0.259686 1200 139 1213 164
person 0.990718 264 231 308 319
person 0.979176 701 232 733 326
person 0.975714 1281 209 1322 315
person 0.956948 1039 202 1071 287
person 0.949407 1564 283 1624 449
person 0.948245 1066 286 1118 469
person 0.946741 775 265 811 370
person 0.928629 1142 241 1182 350
person 0.916209 1485 172 1521 259
person 0.916119 836 242 872 346
person 0.896684 1182 217 1214 308
person 0.821395 562 155 579 187
person 0.780630 1564 176 1601 264
person 0.694146 1856 164 1888 223
person 0.681080 311 122 1897 287
person 0.670690 497 157 515 188
person 0.624125 315 168 339 208
person 0.555657 517 157 535 190
person 0.549241 1782 172 1810 228
person 0.531994 441 161 464 196
person 0.507110 860 142 871 165
person 0.435350 1 262 22 289
person 0.377118 425 164 444 194
person 0.330162 1270 141 1288 174
person 0.273313 327 173 348 205
person 0.272835 1199 139 1212 164
person 0.257767 1739 197 1769 229
person 0.251304 1230 140 1245 167
