person 0.991961 1139 242 1191 355
person 0.987551 896 232 923 326
person 0.977321 985 272 1030 409
person 0.942216 645 283 693 388
person 0.923923 1474 236 1511 321
person 0.888861 1208 232 1239 328
person 0.856584 1617 222 1658 308
person 0.847352 670 164 685 192
person 0.792264 685 220 707 267
person 0.768555 1042 210 1065 275
person 0.767998 1653 220 1691 305
person 0.748289 488 167 505 194
person 0.734560 526 164 541 192
person 0.708142 1744 247 1781 305
person 0.697627 1336 207 1366 305
person 0.681905 1298 199 1328 283
person 0.599891 1401 207 1427 266
person 0.591721 302 126 1904 308
person 0.570497 569 162 583 188
person 0.526123 645 162 658 189
person 0.440910 438 189 460 210
person 0.363110 987 229 1013 285
person 0.271788 1 266 21 296
person 0.281525 1837 215 1871 265
person 0.263392 1363 205 1388 264
person 0.253224 702 161 714 186
person 0.993464 984 275 1032 406
person 0.993220 1142 242 1188 354
person 0.976780 900 233 926 324
person 0.958963 1477 235 1518 320
person 0.942930 652 271 695 384
person 0.938030 1210 231 1238 326
person 0.889141 1616 222 1659 310
person 0.864381 685 220 708 267
person 0.845502 671 163 687 191
person 0.821056 1039 210 1065 275
person 0.821800 1655 216 1691 305
person 0.808507 487 167 503 195
person 0.804378 525 163 539 192
person 0.737739 1299 199 1328 283
person 0.728490 1742 211 1784 309
person 0.725932 1336 209 1368 305
person 0.699555 287 125 1918 306
person 0.596862 569 162 583 187
person 0.586397 1406 208 1432 265
person 0.531090 643 162 657 188
person 0.415115 438 189 460 210
person 0.372308 988 230 1012 284
person 0.283757 1 266 20 296
person 0.287940 862 151 872 170
