person 0.988889 264 230 311 318
person 0.973684 1283 209 1322 314
person 0.956038 1563 283 1625 449
person 0.949798 704 230 732 325
person 0.942038 1071 283 1122 472
person 0.939328 1141 240 1181 351
person 0.929272 838 241 875 347
person 0.923975 1041 203 1072 286
person 0.914678 1183 217 1215 308
person 0.903070 1485 172 1521 259
person 0.902561 781 257 811 354
person 0.814348 562 155 580 187
person 0.722015 1573 165 1608 265
person 0.721515 319 122 1889 291
person 0.696565 498 157 516 189
person 0.656232 313 169 337 208
person 0.634264 1856 166 1889 223
person 0.533291 516 156 534 190
person 0.468387 860 141 871 164
person 0.465655 1783 173 1810 229
person 0.444606 441 162 464 196
person 0.416643 1 262 22 290
person 0.342333 423 164 442 193
person 0.334953 1270 141 1287 173
person 0.991534 263 230 312 319
person 0.987967 1284 210 1323 311
person 0.974891 836 240 879 346
person 0.958394 1563 283 1625 449
person 0.948426 711 229 735 328
person 0.939413 1040 203 1073 286
person 0.919706 1484 172 1521 259
person 0.919363 1073 282 1121 472
person 0.909626 1186 217 1218 309
person 0.905273 780 264 815 370
person 0.891351 1150 233 1187 337
person 0.808617 562 155 579 188
person 0.796792 1573 165 1609 262
person 0.765805 301 124 1906 287
person 0.704456 1856 165 1889 223
person 0.659693 312 169 336 209
person 0.583565 498 157 515 188
person 0.515982 519 157 536 191
person 0.494990 443 162 464 196
person 0.466307 1782 173 1811 228
person 0.449078 859 142 870 165
person 0.409354 1 261 22 289
person 0.335857 1270 141 1287 173
person 0.272959 424 164 442 193
person 0.260060 1230 140 1244 167
