person 0.986776 1285 209 1324 313
person 0.985585 263 230 311 317
person 0.976168 836 240 880 347
person 0.974614 1563 285 1625 448
person 0.942143 1042 202 1073 286
person 0.941662 714 229 738 326
person 0.940599 1077 291 1121 449
person 0.928692 782 261 818 372
person 0.917103 1187 218 1219 307
person 0.913974 1483 173 1520 259
person 0.904975 1150 235 1185 334
person 0.854266 309 174 330 208
person 0.820855 1572 165 1610 263
person 0.786982 561 155 578 188
person 0.750999 306 121 1900 291
person 0.665146 1857 165 1889 223
person 0.587886 445 163 465 196
person 0.582938 519 157 536 191
person 0.555925 498 158 514 188
person 0.466191 1 261 24 288
person 0.448499 1782 173 1810 228
person 0.438330 860 143 871 164
person 0.421270 712 233 734 288
person 0.348626 1269 141 1286 173
person 0.299265 822 203 859 279
person 0.276752 425 165 442 193
person 0.263513 1200 139 1213 163
person 0.257006 1230 139 1245 167
person 0.988851 1283 208 1325 312
person 0.971842 265 230 313 316
person 0.971250 836 234 883 341
person 0.968135 1564 284 1624 447
person 0.964723 717 230 743 325
person 0.942197 1482 172 1521 260
person 0.942031 1045 202 1073 286
person 0.935538 1190 219 1223 307
person 0.925312 1144 242 1182 348
person 0.918988 1079 287 1121 452
person 0.880477 785 263 819 372
person 0.861890 1571 166 1610 264
person 0.724419 561 156 578 188
person 0.699826 310 119 1898 289
person 0.694012 1857 166 1889 223
person 0.661993 309 174 328 206
person 0.616265 445 163 466 195
person 0.575525 518 158 535 192
person 0.559042 498 160 514 189
person 0.495670 859 144 870 165
person 0.474168 1 261 24 288
person 0.432808 1781 173 1810 227
person 0.382371 1270 141 1287 174
person 0.344159 815 159 830 179
person 0.293747 1200 139 1213 163
person 0.268446 825 213 853 259
