person 0.989137 837 235 885 341
person 0.987682 1284 208 1326 312
person 0.973932 719 231 747 325
person 0.971453 267 230 313 316
person 0.956539 1564 283 1625 446
person 0.950746 1482 171 1521 260
person 0.945831 1187 219 1225 307
person 0.943364 1079 286 1122 452
person 0.909585 1045 202 1074 286
person 0.890177 1149 238 1185 331
person 0.875645 1572 168 1610 263
person 0.862951 788 265 822 370
person 0.860818 304 175 324 208
person 0.749174 318 120 1895 291
person 0.723292 561 155 577 187
person 0.690357 1857 165 1889 223
person 0.591146 446 162 466 194
person 0.567674 499 159 516 189
person 0.541174 859 144 870 165
person 0.534527 824 211 851 259
person 0.530808 516 158 534 191
person 0.472058 1 262 24 289
person 0.469709 1781 173 1810 228
person 0.381940 1270 142 1286 174
person 0.362681 815 159 830 178
person 0.301706 1200 140 1213 164
person 0.257767 1704 151 1727 196
person 0.254296 761 144 772 162
person 0.252805 1230 140 1244 166
person 0.989192 1284 207 1326 313
person 0.979987 838 242 884 346
person 0.952844 719 231 749 324
person 0.951640 267 229 314 317
person 0.946452 1482 170 1521 260
person 0.942313 1193 219 1225 306
person 0.941459 1080 286 1124 451
person 0.935931 1564 282 1625 448
person 0.922662 1150 236 1185 332
person 0.910358 1048 201 1075 286
person 0.862420 1573 166 1610 264
person 0.840165 302 174 322 207
person 0.833369 791 271 824 370
person 0.733031 560 155 577 187
person 0.715273 335 120 1884 296
person 0.694603 1857 165 1890 223
person 0.600917 446 161 467 194
person 0.549864 515 158 532 191
person 0.530219 500 159 517 190
person 0.486877 1 262 25 289
person 0.470655 1781 174 1809 228
person 0.430142 859 143 870 165
person 0.418249 826 213 852 260
person 0.357649 815 159 830 179
person 0.326403 1705 153 1727 196
person 0.322264 1269 142 1286 174
person 0.283770 823 202 858 282
person 0.256484 1201 139 1213 164
