person 0.989557 1285 208 1326 312
person 0.985639 841 243 882 347
person 0.971231 722 232 760 326
person 0.967504 277 228 321 318
person 0.963250 1564 282 1624 446
person 0.943538 1483 170 1520 260
person 0.929879 1192 219 1226 306
person 0.927907 1150 237 1185 330
person 0.911208 1082 287 1124 449
person 0.908121 789 266 827 370
person 0.862769 1573 166 1610 265
person 0.859877 299 173 321 210
person 0.814936 1052 200 1077 285
person 0.763430 560 155 576 186
person 0.741820 1857 164 1890 223
person 0.668780 448 160 469 194
person 0.657111 325 123 1893 294
person 0.639813 826 213 851 262
person 0.640889 516 157 533 191
person 0.592648 498 159 516 190
person 0.479884 1 262 25 289
person 0.447706 1781 174 1809 227
person 0.413015 858 144 869 165
person 0.352244 815 159 829 178
person 0.334861 1269 142 1286 174
person 0.306072 1705 154 1726 197
person 0.269577 1201 140 1213 164
person 0.263713 421 163 440 192
person 0.991886 1285 207 1325 310
person 0.984144 723 232 761 327
person 0.981168 843 245 884 344
person 0.971364 279 228 321 318
person 0.968398 1563 285 1626 444
person 0.960023 1193 220 1227 306
person 0.955891 791 273 838 371
person 0.945457 1483 171 1520 259
person 0.924421 1148 238 1183 330
person 0.891579 299 174 319 210
person 0.876777 1081 289 1125 447
person 0.846043 1574 166 1609 264
person 0.827828 560 155 578 189
person 0.738611 517 158 535 192
person 0.734468 1858 163 1891 224
person 0.699838 1052 202 1079 283
person 0.682726 332 119 1884 296
person 0.665139 825 212 850 263
person 0.639329 448 160 468 193
person 0.503260 1 262 25 289
person 0.513965 1782 174 1810 227
person 0.483938 497 159 514 190
person 0.464329 859 142 871 165
person 0.382857 1269 143 1285 174
person 0.371938 817 159 831 178
person 0.350393 1201 139 1213 163
person 0.324678 1704 154 1727 196
person 0.281251 419 162 436 190
person 0.269363 1741 197 1770 229
person 0.257952 1230 140 1243 166
