person 0.991083 1288 207 1325 310
person 0.981244 281 228 321 319
person 0.977522 848 245 889 345
person 0.976753 724 232 762 327
person 0.972364 1195 219 1228 306
person 0.945139 1562 290 1628 439
person 0.942844 1483 173 1518 259
person 0.932746 794 270 837 368
person 0.928422 1147 236 1183 334
person 0.892445 295 173 317 210
person 0.877426 1575 167 1609 263
person 0.853160 1087 285 1131 450
person 0.811700 560 156 577 189
person 0.768156 1857 163 1891 224
person 0.738412 447 160 468 194
person 0.725284 519 157 535 191
person 0.660104 330 122 1890 292
person 0.642089 825 211 851 267
person 0.630540 1053 204 1080 282
person 0.495794 1 262 23 289
person 0.473997 496 158 513 188
person 0.455050 1783 175 1811 227
person 0.400075 859 144 870 166
person 0.395450 816 159 830 178
person 0.373731 1704 154 1726 195
person 0.373366 420 161 439 192
person 0.356631 1740 197 1770 229
person 0.305450 1269 144 1285 174
person 0.278451 1200 139 1213 164
person 0.991050 1289 207 1325 311
person 0.987800 283 229 321 317
person 0.985421 725 233 764 326
person 0.973627 849 243 887 346
person 0.958694 1196 220 1229 305
person 0.941156 1483 173 1518 259
person 0.899474 795 273 838 370
person 0.896786 1146 237 1181 335
person 0.895735 1558 280 1637 443
person 0.870532 1575 168 1610 262
person 0.838173 561 157 578 188
person 0.802765 1088 283 1131 452
person 0.733236 293 173 314 207
person 0.719576 1858 163 1891 224
person 0.705171 447 161 468 194
person 0.679886 316 119 1897 293
person 0.667325 520 157 536 188
person 0.637988 824 210 850 266
person 0.591256 1054 202 1080 283
person 0.465839 1 262 24 289
person 0.476580 1783 174 1810 227
person 0.466578 859 143 869 165
person 0.444018 817 159 831 178
person 0.404225 1702 153 1725 195
person 0.388860 496 158 512 186
person 0.321899 1270 143 1286 173
person 0.299230 1201 138 1213 163
person 0.296216 1741 196 1771 229
person 0.283595 421 162 438 191
person 0.253013 1066 211 1088 270
