person 0.992247 1290 207 1326 312
person 0.986574 284 229 322 317
person 0.985434 726 234 765 328
person 0.979213 857 235 893 340
person 0.972102 796 266 840 370
person 0.964568 1196 220 1230 304
person 0.940385 1481 174 1517 259
person 0.940092 1088 282 1132 456
person 0.898788 1559 280 1636 439
person 0.883442 1146 238 1181 334
person 0.855947 1575 168 1609 262
person 0.775175 560 156 576 186
person 0.751437 521 157 538 191
person 0.703041 1857 163 1890 224
person 0.680418 447 161 468 195
person 0.679495 318 119 1891 291
person 0.665884 291 173 314 207
person 0.625840 825 211 850 267
person 0.579908 1061 200 1088 284
person 0.463322 1782 174 1810 227
person 0.445351 859 144 870 166
person 0.413074 816 160 830 177
person 0.384670 1 261 23 289
person 0.362841 497 158 513 188
person 0.349800 1704 154 1726 195
person 0.348391 1270 143 1286 173
person 0.334479 1201 138 1213 163
person 0.293331 1055 210 1078 274
person 0.260220 1741 196 1771 229
person 0.252839 420 161 437 190
person 0.992088 1291 207 1327 311
person 0.989774 728 233 767 325
person 0.986691 860 235 892 338
person 0.983129 283 229 324 319
person 0.967340 801 267 842 372
person 0.963726 1087 280 1133 476
person 0.954525 1197 221 1231 304
person 0.934848 1481 175 1517 258
person 0.919890 1148 236 1183 334
person 0.895899 1556 282 1635 438
person 0.871193 1578 168 1610 262
person 0.842683 560 155 578 188
person 0.815247 520 156 538 192
person 0.720285 1060 202 1088 285
person 0.703462 447 161 470 196
person 0.700766 289 173 313 208
person 0.691233 1859 162 1891 224
person 0.663901 323 121 1890 290
person 0.554631 824 202 854 286
person 0.440588 1782 174 1809 226
person 0.412068 1270 143 1286 173
person 0.410416 494 158 510 188
person 0.398588 1705 156 1724 194
person 0.368224 1 261 23 290
person 0.361790 817 160 831 178
person 0.347591 1201 138 1214 163
person 0.340948 856 142 867 166
person 0.321529 1743 196 1772 228
person 0.306018 280 172 303 207
person 0.285171 1230 140 1244 166
