person 0.992148 1293 207 1327 311
person 0.987883 730 234 769 327
person 0.986863 857 235 894 339
person 0.976727 1089 290 1133 465
person 0.975488 283 229 325 320
person 0.943305 1198 220 1231 305
person 0.940610 804 267 844 370
person 0.932785 1480 175 1517 259
person 0.898460 1561 289 1626 435
person 0.885308 1148 237 1182 334
person 0.846887 1578 166 1610 263
person 0.834981 560 155 578 190
person 0.794207 522 157 539 191
person 0.765325 446 163 470 197
person 0.704595 1062 202 1089 284
person 0.682556 1857 164 1889 224
person 0.628155 317 119 1889 290
person 0.613989 278 171 302 209
person 0.569982 823 209 851 304
person 0.483786 1782 174 1810 227
person 0.422122 816 160 830 177
person 0.408987 495 159 512 188
person 0.389027 289 173 312 208
person 0.346517 1 261 22 289
person 0.363763 1704 155 1724 194
person 0.352310 856 144 867 166
person 0.338641 1269 143 1286 174
person 0.334231 1200 138 1213 163
person 0.308807 1741 196 1770 229
person 0.258688 825 215 849 267
person 0.991641 1293 206 1327 310
person 0.990486 1090 290 1135 466
person 0.987703 732 232 770 324
person 0.979690 860 236 894 337
person 0.973029 284 229 328 319
person 0.968461 805 266 848 371
person 0.955366 1197 220 1233 306
person 0.926863 1481 175 1517 258
person 0.902251 1148 236 1182 333
person 0.883486 1558 279 1634 437
person 0.831034 1579 168 1611 262
person 0.799125 522 157 539 190
person 0.789918 560 155 577 187
person 0.725695 1061 201 1089 284
person 0.710259 448 162 470 194
person 0.661722 278 172 302 208
person 0.648271 1858 164 1889 224
person 0.620647 315 121 1892 289
person 0.486601 825 214 850 266
person 0.433387 1783 175 1809 226
person 0.395343 817 160 831 177
person 0.379032 853 142 865 166
person 0.326184 1 261 23 290
person 0.343954 1705 156 1725 194
person 0.337860 1742 196 1769 229
person 0.333425 494 158 510 186
person 0.312514 1269 142 1286 173
person 0.298760 1200 138 1213 163
