person 0.992571 1090 291 1135 465
person 0.992556 1294 206 1327 312
person 0.988757 739 230 771 324
person 0.981569 861 235 895 336
person 0.969562 284 228 330 320
person 0.939489 1202 216 1238 305
person 0.924696 808 267 849 369
person 0.920692 1149 235 1182 334
person 0.906007 1480 174 1514 258
person 0.897058 1557 280 1633 437
person 0.853741 275 170 301 213
person 0.830003 560 155 576 187
person 0.820454 1580 169 1611 261
person 0.802336 522 157 539 191
person 0.728514 448 161 470 195
person 0.696538 1063 202 1092 284
person 0.681363 1857 164 1889 223
person 0.621059 318 121 1898 289
person 0.446611 823 210 852 302
person 0.426939 817 160 831 177
person 0.420587 1783 175 1809 226
person 0.381773 1704 154 1724 194
person 0.372540 854 143 865 166
person 0.356164 1742 197 1769 229
person 0.312972 493 158 508 186
person 0.281254 1 261 22 290
person 0.289009 1269 142 1287 174
person 0.272431 1200 138 1213 163
person 0.257823 418 162 437 191
person 0.993324 1294 207 1328 312
person 0.991939 1091 288 1137 467
person 0.982449 740 229 772 326
person 0.975374 862 236 896 334
person 0.975075 284 229 334 320
person 0.950922 1204 215 1240 304
person 0.925680 1150 236 1182 334
person 0.913995 1556 281 1634 436
person 0.907813 1480 174 1514 259
person 0.872290 810 267 851 368
person 0.793180 559 154 576 187
person 0.790611 521 157 539 191
person 0.786224 1580 170 1612 262
person 0.753996 273 170 299 211
person 0.735484 448 162 470 195
person 0.735158 1064 202 1092 284
person 0.685753 1858 164 1889 223
person 0.634896 324 121 1881 287
person 0.533036 824 210 852 303
person 0.458770 1782 175 1809 227
person 0.433553 818 160 832 178
person 0.390503 853 142 864 166
person 0.344616 1705 155 1724 194
person 0.338747 415 162 432 189
person 0.313199 1 261 23 289
person 0.333943 1742 196 1769 229
person 0.289096 1270 142 1286 174
person 0.274333 493 158 508 186
