person 0.992649 1095 285 1140 472
person 0.992287 1297 207 1328 312
person 0.981058 745 229 773 325
person 0.978664 284 230 337 320
person 0.971452 1204 216 1242 305
person 0.959748 864 235 897 333
person 0.921165 1149 236 1182 334
person 0.914636 1559 290 1628 429
person 0.896057 1479 175 1512 259
person 0.869129 817 254 854 359
person 0.813476 1064 202 1093 284
person 0.779582 525 157 542 190
person 0.768597 558 155 575 186
person 0.752172 272 170 298 212
person 0.728572 1580 172 1613 262
person 0.710544 448 162 470 194
person 0.631647 1859 166 1889 225
person 0.611333 335 122 1877 289
person 0.437948 824 214 850 265
person 0.403473 1741 196 1768 229
person 0.375458 852 141 863 166
person 0.342585 1 262 23 290
person 0.323746 819 160 832 177
person 0.322708 1781 195 1808 230
person 0.307690 494 158 509 185
person 0.303823 1270 142 1287 174
person 0.272806 1201 139 1214 163
person 0.260806 420 163 438 191
person 0.992814 1297 207 1328 312
person 0.987617 1096 287 1140 469
person 0.983202 286 231 338 320
person 0.972065 1206 216 1244 305
person 0.969067 748 228 775 325
person 0.938299 863 234 897 335
person 0.910002 1149 235 1181 335
person 0.905966 1478 176 1512 260
person 0.864357 1559 290 1629 428
person 0.849249 1066 202 1095 285
person 0.813540 819 249 854 360
person 0.801829 268 171 293 211
person 0.791600 525 157 543 191
person 0.786970 558 155 575 187
person 0.782371 448 162 470 195
person 0.774869 1580 172 1614 263
person 0.641869 1859 164 1889 225
person 0.630177 326 124 1890 287
person 0.499248 824 209 853 304
person 0.353176 852 141 863 166
person 0.346501 1740 196 1767 228
person 0.310051 1 262 23 290
person 0.333226 1705 156 1725 194
person 0.311439 1784 176 1809 225
person 0.308359 819 161 832 177
person 0.293660 492 158 507 186
person 0.293026 416 162 434 190
person 0.286333 1270 142 1286 174
