person 0.992698 1095 286 1141 469
person 0.990763 1297 207 1328 311
person 0.984011 288 231 338 320
person 0.982727 1207 216 1247 306
person 0.972166 750 231 779 326
person 0.927517 1149 235 1182 336
person 0.912292 869 235 909 336
person 0.904787 817 264 853 368
person 0.867660 1068 203 1098 284
person 0.854134 1556 281 1634 437
person 0.828559 1476 174 1511 257
person 0.827115 557 154 576 189
person 0.804145 448 161 471 194
person 0.802407 523 157 542 191
person 0.788610 266 172 291 211
person 0.776993 1581 169 1614 263
person 0.643980 1859 167 1888 223
person 0.638207 330 123 1876 285
person 0.504997 823 202 855 288
person 0.412316 856 143 867 165
person 0.342253 1 262 23 289
person 0.357915 1740 196 1766 228
person 0.351245 1784 176 1808 226
person 0.327505 818 160 832 177
person 0.327381 1706 156 1725 193
person 0.317775 416 162 435 189
person 0.314785 490 157 506 185
person 0.297547 1270 143 1286 174
person 0.290886 1437 164 1462 227
person 0.990897 1095 284 1141 471
person 0.990507 1298 208 1328 311
person 0.986924 1208 215 1249 306
person 0.986271 288 230 338 320
person 0.975447 754 229 781 327
person 0.946470 870 236 909 337
person 0.939170 1149 236 1181 334
person 0.905021 264 170 288 213
person 0.864401 1474 172 1510 257
person 0.859253 1069 202 1098 285
person 0.842676 1582 167 1616 261
person 0.816880 557 155 576 189
person 0.752744 1559 280 1634 439
person 0.729022 521 156 541 190
person 0.684930 449 161 471 194
person 0.666100 1859 166 1888 224
person 0.660150 822 241 855 367
person 0.622372 360 123 1853 289
person 0.583728 825 207 854 311
person 0.440496 856 143 867 165
person 0.381063 1783 175 1809 226
person 0.308813 1 262 23 290
person 0.331987 1740 197 1766 228
person 0.321190 416 162 434 190
person 0.315384 491 157 507 186
person 0.308023 1271 143 1286 173
person 0.301208 1706 157 1725 193
person 0.288997 818 160 831 177
