person 0.992422 1145 241 1193 354
person 0.991944 986 271 1037 409
person 0.969024 902 234 927 324
person 0.967081 1479 235 1521 322
person 0.924823 1211 231 1240 330
person 0.924178 1616 221 1660 311
person 0.923070 655 271 698 382
person 0.850561 488 168 504 195
person 0.825284 525 163 540 194
person 0.814759 1657 214 1692 306
person 0.804403 685 220 707 266
person 0.780708 672 162 687 191
person 0.774041 1300 201 1330 283
person 0.767425 1038 210 1063 275
person 0.761438 1340 206 1374 306
person 0.702559 288 125 1919 307
person 0.584226 1407 198 1440 283
person 0.583140 1742 205 1785 311
person 0.579967 570 162 583 186
person 0.442112 988 230 1012 285
person 0.446147 439 189 459 210
person 0.447265 643 162 657 188
person 0.319167 1 266 21 296
person 0.343404 1411 212 1436 259
person 0.279538 1836 201 1884 277
person 0.270984 861 150 871 170
person 0.253550 1751 246 1780 305
person 0.992511 1151 241 1193 353
person 0.990744 986 271 1040 410
person 0.987025 902 237 929 325
person 0.955050 1483 234 1524 324
person 0.934921 659 270 697 383
person 0.919602 1213 231 1240 331
person 0.917795 1615 221 1658 310
person 0.858310 486 168 503 195
person 0.850985 1414 199 1447 280
person 0.825000 1657 214 1693 305
person 0.822511 1341 207 1374 306
person 0.788132 524 163 539 193
person 0.779035 685 220 707 265
person 0.744769 670 163 684 191
person 0.742176 1301 200 1331 283
person 0.675560 290 125 1919 306
person 0.670504 1034 206 1065 282
person 0.626233 1742 206 1786 309
person 0.567291 570 162 584 186
person 0.444905 643 163 656 188
person 0.434985 988 226 1013 285
person 0.422538 439 190 459 211
person 0.322744 1 267 21 296
person 0.302228 1417 213 1441 260
person 0.325877 1837 200 1887 277
person 0.271971 820 169 830 185
