person 0.990312 1095 289 1141 467
person 0.989782 1298 207 1328 311
person 0.985231 286 230 340 319
person 0.982474 1209 215 1249 306
person 0.955983 874 234 906 335
person 0.947428 755 233 784 324
person 0.935180 1150 236 1181 334
person 0.905549 261 169 285 213
person 0.865319 1582 165 1616 260
person 0.843225 1475 172 1510 257
person 0.836377 558 156 577 190
person 0.813405 1072 200 1099 285
person 0.801896 1554 273 1611 443
person 0.751234 824 243 856 365
person 0.727054 521 156 541 192
person 0.688596 1859 165 1889 224
person 0.619743 450 163 471 195
person 0.609925 361 121 1863 293
person 0.452328 858 143 869 165
person 0.437189 826 207 854 308
person 0.419283 1782 175 1808 226
person 0.365883 1706 155 1726 194
person 0.310361 1 262 23 290
person 0.335461 1740 197 1767 228
person 0.298408 818 160 831 177
person 0.266993 1270 143 1286 173
person 0.262542 417 162 434 190
person 0.251539 491 158 507 187
person 0.990158 1211 215 1250 307
person 0.989420 1094 286 1142 471
person 0.989376 1298 207 1328 311
person 0.984727 291 231 340 318
person 0.968474 874 235 908 337
person 0.951951 756 232 786 325
person 0.914505 259 169 283 214
person 0.896434 1152 235 1182 333
person 0.857593 559 156 577 190
person 0.840078 1582 165 1617 261
person 0.818686 1073 201 1100 285
person 0.764554 1554 277 1611 440
person 0.760069 823 218 856 342
person 0.737094 1476 173 1511 257
person 0.692764 523 156 541 189
person 0.631584 1859 167 1888 223
person 0.578882 450 163 471 195
person 0.545487 355 123 1864 291
person 0.482704 857 143 868 165
person 0.359786 1783 175 1809 226
person 0.342503 1706 156 1725 193
person 0.333041 1738 197 1767 228
person 0.302596 1 262 23 289
person 0.270301 817 160 831 177
person 0.270035 490 157 506 186
person 0.264364 417 162 434 191
