person 0.993001 1211 214 1251 307
person 0.991164 1299 207 1329 312
person 0.989503 1094 287 1141 470
person 0.985062 290 229 344 318
person 0.975795 874 235 913 338
person 0.916783 756 234 787 323
person 0.916011 1153 234 1182 335
person 0.884749 257 172 282 212
person 0.858961 1582 166 1618 259
person 0.846864 1554 274 1610 442
person 0.820490 826 248 860 362
person 0.817797 559 155 577 186
person 0.762706 1076 200 1102 287
person 0.754325 521 156 540 190
person 0.724859 451 162 472 194
person 0.694355 1475 172 1510 258
person 0.682156 1860 166 1888 224
person 0.542073 349 124 1875 287
person 0.437712 857 141 868 165
person 0.411631 826 205 856 314
person 0.397917 1707 154 1726 193
person 0.346506 1781 195 1809 230
person 0.310337 1 262 23 289
person 0.326372 1270 142 1286 174
person 0.317071 1740 196 1767 228
person 0.310586 1480 187 1506 239
person 0.280083 1440 163 1464 227
person 0.277447 817 160 830 177
person 0.276338 1202 140 1213 163
person 0.991283 1212 215 1252 307
person 0.988062 1094 287 1141 470
person 0.988132 1300 208 1330 311
person 0.982843 295 228 343 319
person 0.974755 762 233 798 326
person 0.967817 876 235 911 335
person 0.912666 1152 235 1182 333
person 0.884888 1580 167 1619 261
person 0.864614 1473 173 1510 258
person 0.819446 255 170 280 213
person 0.815045 824 264 863 367
person 0.813092 558 155 576 186
person 0.799858 1554 272 1609 444
person 0.760282 1079 198 1104 289
person 0.695836 1859 166 1888 224
person 0.675437 522 156 539 187
person 0.591607 449 162 471 194
person 0.543625 357 123 1865 285
person 0.493192 827 207 858 314
person 0.465477 856 140 868 165
person 0.397554 1706 155 1726 193
person 0.392641 1782 176 1809 226
person 0.391753 1270 142 1286 174
person 0.382892 837 249 875 356
person 0.331621 1437 162 1462 227
person 0.327442 1739 196 1768 228
person 0.309870 1479 187 1505 241
person 0.286872 1 262 23 289
person 0.294409 1202 140 1214 163
person 0.268037 816 160 830 178
