person 0.990086 1213 216 1253 307
person 0.987752 877 236 913 338
person 0.985083 1301 208 1329 310
person 0.982987 298 228 345 318
person 0.982378 1095 286 1142 471
person 0.980141 761 236 802 325
person 0.926777 1151 235 1181 332
person 0.915303 1582 166 1618 261
person 0.853617 253 170 279 212
person 0.812354 558 155 576 186
person 0.808316 523 156 542 190
person 0.804850 1473 172 1510 257
person 0.798514 1554 270 1610 445
person 0.775225 1083 197 1107 290
person 0.744489 825 254 866 358
person 0.730155 449 162 471 193
person 0.679663 1859 166 1888 224
person 0.566658 825 208 861 312
person 0.558013 341 124 1881 286
person 0.464644 857 141 869 165
person 0.378375 1783 176 1809 225
person 0.373079 1479 187 1505 241
person 0.348715 1741 196 1769 228
person 0.336146 1270 142 1286 174
person 0.333946 815 160 828 178
person 0.264626 1156 254 1174 303
person 0.318743 1706 155 1725 193
person 0.287550 1 262 23 289
person 0.292814 1201 140 1213 163
person 0.280407 1437 162 1461 227
person 0.992879 1214 215 1253 307
person 0.989640 762 235 801 324
person 0.984354 1300 208 1329 310
person 0.975819 302 227 345 319
person 0.973480 1096 285 1141 473
person 0.970680 879 236 913 337
person 0.926469 1152 233 1181 333
person 0.922827 831 264 873 370
person 0.903330 1582 166 1618 260
person 0.856275 522 156 541 191
person 0.848568 1554 269 1609 444
person 0.847221 559 155 576 189
person 0.845338 1470 175 1510 256
person 0.779530 251 169 277 212
person 0.776184 448 162 471 194
person 0.740293 1084 196 1108 290
person 0.665100 1859 167 1888 224
person 0.541822 336 123 1877 287
person 0.492184 823 203 858 287
person 0.372628 856 141 867 165
person 0.368162 1783 176 1809 225
person 0.352380 1739 196 1768 228
person 0.347615 816 159 829 177
person 0.331162 1476 189 1505 241
person 0.315579 1705 155 1726 194
person 0.298350 1270 142 1286 173
person 0.271318 1201 140 1212 163
