person 0.991066 1216 215 1254 305
person 0.990255 762 236 804 327
person 0.984578 1301 208 1330 311
person 0.978244 304 226 345 320
person 0.970971 881 237 914 337
person 0.939884 1095 285 1142 472
person 0.922078 1152 234 1181 333
person 0.876863 1582 169 1618 261
person 0.839064 522 156 543 191
person 0.816468 832 264 873 371
person 0.790812 558 154 574 186
person 0.763634 1470 179 1510 261
person 0.744292 450 162 473 195
person 0.710666 1556 267 1607 446
person 0.661726 250 170 275 212
person 0.640169 1859 167 1888 224
person 0.626985 1085 194 1109 292
person 0.530505 353 124 1863 290
person 0.496429 826 212 862 305
person 0.439484 816 160 830 178
person 0.432999 854 141 866 165
person 0.366187 242 171 266 211
person 0.332813 1269 142 1286 174
person 0.320920 1783 177 1809 225
person 0.315379 1740 196 1768 228
person 0.307156 1200 140 1212 163
person 0.292448 1476 190 1504 241
person 0.258871 1231 143 1244 166
person 0.992698 768 234 805 327
person 0.989252 1220 214 1255 306
person 0.984054 1301 208 1329 311
person 0.973980 307 226 345 320
person 0.958542 882 235 914 338
person 0.952074 1094 285 1142 475
person 0.937974 833 262 873 371
person 0.933502 1152 235 1181 331
person 0.874658 1584 168 1619 263
person 0.849435 522 155 543 191
person 0.800987 558 154 575 187
person 0.784346 452 163 473 195
person 0.771496 1556 282 1610 413
person 0.755671 1469 180 1510 260
person 0.648878 1859 167 1888 224
person 0.605228 241 168 267 213
person 0.532485 1085 195 1110 318
person 0.500601 361 122 1859 294
person 0.476543 823 204 858 285
person 0.401205 817 160 831 178
person 0.360113 852 141 863 165
person 0.334224 1740 196 1768 229
person 0.282646 1156 253 1173 304
person 0.323838 1476 192 1505 241
person 0.326686 1200 140 1212 164
person 0.315112 1270 142 1286 173
person 0.307809 1781 195 1810 230
person 0.251508 1 262 22 288
person 0.268821 1706 157 1725 194
person 0.250231 419 161 434 187
