person 0.990957 767 235 806 326
person 0.984206 1300 208 1330 311
person 0.983826 1220 215 1257 303
person 0.975873 1093 285 1144 477
person 0.968498 884 236 917 336
person 0.952621 310 226 344 319
person 0.942331 834 262 876 370
person 0.928612 1152 235 1181 333
person 0.822930 1586 167 1618 263
person 0.819049 1556 280 1609 416
person 0.815608 523 156 544 191
person 0.808945 558 154 576 188
person 0.714822 452 163 473 195
person 0.709794 1087 195 1111 291
person 0.674946 1859 169 1888 224
person 0.639369 241 173 264 213
person 0.626321 1469 178 1509 258
person 0.521474 362 124 1866 293
person 0.443988 817 160 831 178
person 0.375807 1781 177 1808 226
person 0.375156 852 141 864 165
person 0.366209 824 217 853 263
person 0.338665 1739 195 1767 228
person 0.250738 1156 255 1173 302
person 0.294780 1706 156 1725 194
person 0.286765 824 214 861 299
person 0.276886 1200 140 1212 163
person 0.276090 1271 143 1287 174
person 0.251041 1438 166 1462 228
person 0.989097 770 233 807 326
person 0.981236 887 236 919 337
person 0.980407 1221 215 1258 304
person 0.980296 1300 209 1329 311
person 0.971900 1091 283 1143 480
person 0.942458 311 226 344 319
person 0.928731 1153 234 1180 332
person 0.922730 836 263 877 371
person 0.891569 1555 279 1610 414
person 0.822593 558 155 575 187
person 0.818836 523 156 545 191
person 0.782323 1588 168 1620 262
person 0.756835 239 171 263 217
person 0.746140 1086 197 1112 288
person 0.715010 451 163 473 195
person 0.650431 1858 167 1889 224
person 0.517889 359 122 1868 293
person 0.492315 1475 185 1503 242
person 0.422174 817 160 831 178
person 0.392813 826 212 862 305
person 0.312433 1156 251 1174 305
person 0.329949 1739 195 1767 229
person 0.305240 1780 194 1809 230
person 0.299253 1707 156 1727 194
person 0.275236 1200 140 1212 163
person 0.272598 854 141 865 164
person 0.260837 416 161 432 187
