person 0.984194 1090 286 1144 480
person 0.981663 772 236 808 324
person 0.981211 1225 216 1260 306
person 0.980534 891 236 924 337
person 0.980175 1301 210 1330 311
person 0.968173 840 264 878 371
person 0.939583 312 226 345 320
person 0.931460 1153 235 1181 334
person 0.921719 1555 277 1610 418
person 0.841268 525 158 545 192
person 0.807116 558 155 575 188
person 0.778045 1588 169 1622 262
person 0.759957 239 173 261 214
person 0.703566 1088 199 1114 287
person 0.679086 451 162 473 194
person 0.628619 1858 168 1889 224
person 0.586870 1468 180 1507 259
person 0.545390 824 215 853 267
person 0.540657 365 121 1867 296
person 0.456881 817 160 831 178
person 0.349285 1739 196 1768 229
person 0.339963 1780 194 1810 230
person 0.295045 1 261 23 288
person 0.296927 1707 156 1727 195
person 0.287589 852 141 864 164
person 0.264612 417 161 432 187
person 0.256785 1439 168 1463 228
person 0.254527 1271 144 1287 174
person 0.983902 892 235 926 336
person 0.978611 1301 210 1330 311
person 0.977564 1227 216 1263 305
person 0.974242 1091 288 1145 479
person 0.969231 776 232 808 325
person 0.941002 316 226 353 321
person 0.934036 1153 235 1181 334
person 0.929184 840 264 878 371
person 0.927005 1554 274 1609 421
person 0.792337 524 156 545 191
person 0.776142 1590 169 1623 263
person 0.751266 557 154 576 188
person 0.731041 1466 180 1506 259
person 0.713753 238 173 261 212
person 0.666141 1089 199 1116 286
person 0.625724 1858 168 1889 224
person 0.610426 454 162 475 193
person 0.535686 375 122 1855 297
person 0.497689 825 216 853 265
person 0.388788 818 161 832 177
person 0.358558 1739 196 1768 229
person 0.355788 853 142 864 165
person 0.326935 1780 194 1810 230
person 0.277233 1707 155 1727 195
person 0.253712 1 261 23 288
