person 0.974658 315 226 355 321
person 0.974663 1302 210 1330 311
person 0.971904 1229 216 1263 305
person 0.963549 896 235 927 335
person 0.962795 845 267 881 371
person 0.954013 1089 289 1145 477
person 0.947329 778 234 809 326
person 0.932973 1152 236 1180 334
person 0.929096 1555 270 1608 425
person 0.782537 1465 181 1505 260
person 0.771921 1590 168 1622 264
person 0.768654 523 156 544 192
person 0.760655 557 154 576 189
person 0.741760 237 171 261 211
person 0.728153 1090 200 1115 285
person 0.600270 453 162 474 194
person 0.593202 1858 168 1889 223
person 0.561013 372 123 1862 297
person 0.431035 825 216 852 268
person 0.377375 818 160 832 177
person 0.326171 1740 195 1768 229
person 0.323968 481 157 498 188
person 0.304640 855 143 866 164
person 0.291327 1779 193 1809 230
person 0.256609 1231 142 1244 166
person 0.251828 1272 144 1287 174
person 0.984111 315 226 356 322
person 0.978390 1230 216 1265 306
person 0.976924 897 235 929 333
person 0.968625 1302 211 1330 310
person 0.965743 846 265 884 370
person 0.961899 784 232 813 328
person 0.949193 1080 300 1148 467
person 0.942180 1553 272 1608 422
person 0.932202 1152 236 1181 331
person 0.888332 1463 182 1505 262
person 0.823352 236 169 260 214
person 0.750961 456 161 476 193
person 0.735784 557 153 576 188
person 0.727780 524 155 544 189
person 0.694695 1593 169 1623 264
person 0.633726 1090 197 1116 287
person 0.597096 1858 169 1888 223
person 0.587238 378 122 1851 297
person 0.559068 824 215 852 268
person 0.385074 480 157 496 188
person 0.343304 1155 252 1174 304
person 0.307878 1741 195 1769 229
person 0.303781 817 161 832 177
person 0.296909 417 160 432 185
person 0.286780 1781 177 1808 226
person 0.283428 855 143 866 164
