person 0.982146 316 226 356 321
person 0.981446 895 237 931 333
person 0.976725 784 232 815 326
person 0.973207 1231 218 1267 304
person 0.965534 1303 211 1331 310
person 0.963318 1552 273 1608 421
person 0.948037 1078 300 1147 468
person 0.935200 1152 237 1181 329
person 0.898506 847 268 884 371
person 0.879894 1465 182 1504 262
person 0.781529 524 155 543 190
person 0.776047 556 152 575 190
person 0.773965 456 162 476 193
person 0.706604 1593 171 1623 265
person 0.699961 234 168 256 212
person 0.650987 357 123 1863 295
person 0.590743 1091 199 1116 286
person 0.568609 1858 166 1888 222
person 0.525060 825 215 852 268
person 0.423289 1154 248 1174 308
person 0.352568 480 158 496 188
person 0.341032 855 144 867 165
person 0.328671 1742 195 1769 229
person 0.304042 416 160 431 185
person 0.298633 818 162 832 177
person 0.287404 1779 194 1808 230
person 0.267095 1897 201 1919 310
person 0.982278 896 237 933 332
person 0.981097 317 227 357 321
person 0.973312 1231 218 1268 305
person 0.971275 788 234 817 325
person 0.965543 1084 294 1144 474
person 0.963168 1303 212 1332 310
person 0.950465 1551 276 1609 419
person 0.932177 1152 235 1182 330
person 0.884119 852 269 888 370
person 0.881191 233 166 256 214
person 0.866499 1464 183 1504 261
person 0.799332 556 153 575 190
person 0.799051 455 162 475 194
person 0.753261 525 155 544 190
person 0.698289 1595 173 1626 264
person 0.669467 369 123 1854 299
person 0.554544 1858 166 1888 221
person 0.505165 1095 200 1125 285
person 0.441313 1898 200 1919 309
person 0.435915 825 215 852 268
person 0.349827 1154 249 1174 305
person 0.369235 480 158 495 188
person 0.341997 417 160 432 186
person 0.309862 856 143 867 164
person 0.307412 1743 196 1769 228
person 0.285607 1781 194 1809 230
person 0.273285 1439 168 1462 227
person 0.258117 1271 144 1286 173
