person 0.987483 317 229 359 321
person 0.983252 898 236 933 331
person 0.968806 1085 289 1144 476
person 0.961533 1551 274 1609 421
person 0.960360 789 234 819 327
person 0.957012 1302 211 1331 310
person 0.941420 1234 216 1267 304
person 0.928666 1153 234 1182 329
person 0.908514 852 268 888 372
person 0.831949 231 166 254 213
person 0.818336 557 154 576 190
person 0.804265 455 161 475 194
person 0.766959 1464 181 1503 262
person 0.751185 524 155 543 190
person 0.669964 1095 200 1125 286
person 0.667247 1595 172 1625 264
person 0.666067 354 122 1865 300
person 0.579538 825 215 853 268
person 0.503784 1857 167 1888 222
person 0.428500 1897 200 1919 309
person 0.414800 417 159 433 187
person 0.405858 480 157 495 188
person 0.338366 1154 247 1175 307
person 0.329154 1439 166 1461 228
person 0.303689 859 145 869 164
person 0.287468 1742 196 1769 228
person 0.253161 1272 144 1286 173
person 0.989088 318 229 359 321
person 0.982333 899 235 935 331
person 0.961109 1550 275 1608 420
person 0.954976 1301 211 1331 310
person 0.949968 1085 292 1143 476
person 0.934685 1154 234 1182 330
person 0.934312 791 237 821 324
person 0.912618 1234 217 1267 305
person 0.895161 230 168 253 212
person 0.837670 556 153 576 191
person 0.806333 854 267 888 371
person 0.794424 1095 201 1125 285
person 0.769405 1464 183 1503 263
person 0.761979 451 162 473 195
person 0.754939 525 155 543 189
person 0.705649 351 123 1874 298
person 0.700307 1595 173 1627 265
person 0.581829 1895 202 1919 306
person 0.520350 1857 166 1888 222
person 0.487522 825 214 853 267
person 0.413331 481 157 496 188
person 0.380755 417 159 432 187
person 0.317687 808 226 839 326
person 0.307823 1743 195 1769 228
person 0.305117 859 143 870 164
person 0.280577 1155 248 1174 307
person 0.258937 1781 194 1809 230
