person 0.989615 319 229 359 322
person 0.969173 1549 271 1608 424
person 0.968612 1083 292 1144 474
person 0.967261 901 234 935 331
person 0.956241 1300 210 1331 310
person 0.926537 1234 217 1269 306
person 0.920499 1154 235 1183 328
person 0.878120 792 234 822 323
person 0.866730 228 168 252 212
person 0.840803 556 154 576 192
person 0.789678 525 156 544 191
person 0.777450 855 267 890 372
person 0.740918 451 162 472 195
person 0.725809 1463 184 1502 261
person 0.717260 1892 203 1919 305
person 0.709813 1096 202 1126 285
person 0.701587 360 123 1872 303
person 0.643020 808 228 839 326
person 0.577634 826 214 854 266
person 0.549065 1596 172 1627 264
person 0.497465 1857 165 1888 222
person 0.456328 479 158 495 189
person 0.373798 417 160 433 187
person 0.289394 1743 195 1769 228
person 0.262108 817 161 832 177
person 0.261238 858 144 869 165
person 0.250740 1781 194 1809 230
person 0.988109 320 231 361 321
person 0.983271 1082 292 1144 474
person 0.976104 1549 275 1608 417
person 0.963056 901 236 936 332
person 0.954993 1300 210 1332 310
person 0.941083 1239 216 1278 307
person 0.934426 1154 234 1183 327
person 0.842794 227 169 249 212
person 0.804547 524 156 543 191
person 0.799454 791 237 823 324
person 0.797879 556 153 575 192
person 0.738055 1889 205 1919 304
person 0.701776 452 163 473 195
person 0.697721 806 231 841 327
person 0.679313 1463 185 1501 262
person 0.673635 350 121 1879 306
person 0.603466 1098 202 1127 285
person 0.593923 856 270 892 368
person 0.515330 1598 173 1628 266
person 0.454065 481 158 497 189
person 0.440841 1857 166 1888 221
person 0.381917 826 215 854 266
person 0.368221 1607 202 1631 263
person 0.360630 415 160 432 188
person 0.349877 860 269 886 321
person 0.325685 817 213 850 307
person 0.321232 1742 195 1769 229
person 0.257450 858 142 869 164
person 0.251473 1781 194 1809 230
