person 0.991295 1153 239 1195 353
person 0.990760 903 237 931 324
person 0.976012 987 272 1043 412
person 0.958327 661 268 700 383
person 0.950143 1482 232 1527 325
person 0.942525 1214 231 1241 333
person 0.901411 1614 221 1657 311
person 0.847376 1342 208 1376 305
person 0.832379 486 168 502 194
person 0.810204 1655 214 1694 305
person 0.781120 669 163 685 192
person 0.779779 1304 201 1333 283
person 0.776932 524 163 538 192
person 0.769084 1030 207 1063 283
person 0.728655 1744 206 1787 308
person 0.685052 1419 207 1448 261
person 0.661141 685 221 706 267
person 0.644278 282 125 1919 303
person 0.562940 570 163 584 186
person 0.475603 988 226 1013 285
person 0.472739 645 163 659 189
person 0.452580 439 189 459 211
person 0.251128 1 266 20 296
person 0.266094 1843 214 1879 262
person 0.251112 818 169 828 185
person 0.988496 1156 237 1196 354
person 0.984585 904 236 932 323
person 0.980007 989 277 1047 411
person 0.954464 662 269 703 383
person 0.950848 1215 230 1243 333
person 0.932525 1482 233 1528 325
person 0.927674 1614 222 1656 311
person 0.825277 1304 201 1334 284
person 0.816211 684 221 706 265
person 0.815022 485 167 501 193
person 0.809149 524 163 538 191
person 0.805201 1659 215 1695 305
person 0.799056 1343 208 1377 305
person 0.768684 1428 199 1462 274
person 0.756174 671 164 687 192
person 0.740311 1027 208 1062 282
person 0.678283 276 127 1919 300
person 0.647614 1755 208 1795 311
person 0.536558 646 164 660 190
person 0.482028 569 162 582 184
person 0.412727 438 189 459 211
person 0.394467 1354 193 1391 291
person 0.377248 988 227 1012 285
person 0.287735 1172 235 1206 340
