person 0.991282 321 230 362 321
person 0.976873 1548 276 1608 417
person 0.962977 1082 288 1140 479
person 0.959559 1300 209 1332 309
person 0.956586 900 237 937 333
person 0.942008 1240 215 1278 308
person 0.937297 1154 234 1183 328
person 0.923995 224 170 248 214
person 0.835521 805 228 843 328
person 0.774950 1460 185 1502 261
person 0.762149 1097 202 1128 284
person 0.751341 525 157 545 192
person 0.744544 556 154 576 191
person 0.720917 1885 207 1918 301
person 0.704263 334 121 1892 302
person 0.699654 790 230 825 326
person 0.637318 856 270 894 370
person 0.581343 451 163 473 196
person 0.486406 1858 166 1888 221
person 0.415121 1598 173 1628 266
person 0.371586 1743 196 1771 229
person 0.367683 1458 207 1487 260
person 0.359136 1607 201 1631 265
person 0.354983 483 158 499 188
person 0.303823 1781 194 1810 230
person 0.294986 1590 170 1613 222
person 0.285786 415 160 431 188
person 0.990421 322 230 362 321
person 0.977610 1547 273 1607 420
person 0.962118 1300 208 1331 309
person 0.953973 906 234 946 336
person 0.940360 1242 215 1277 308
person 0.928670 1154 234 1183 329
person 0.918516 224 171 248 213
person 0.911837 1082 291 1139 476
person 0.850402 805 232 843 325
person 0.792066 858 270 896 370
person 0.771458 1454 186 1489 263
person 0.755867 555 153 575 192
person 0.735289 525 157 545 192
person 0.703455 357 120 1875 303
person 0.652198 1884 206 1918 301
person 0.623765 1097 202 1128 284
person 0.543475 452 163 474 195
person 0.486386 1597 172 1627 268
person 0.468398 791 234 825 324
person 0.452160 1858 166 1888 221
person 0.364178 414 159 430 187
person 0.344244 1743 195 1770 229
person 0.342881 1607 201 1631 266
person 0.309744 483 158 499 188
person 0.289680 1781 194 1809 230
person 0.287696 1589 170 1612 222
person 0.250794 856 142 868 164
