person 0.990053 322 229 362 321
person 0.982929 1547 270 1607 421
person 0.980514 908 234 946 336
person 0.968682 1300 208 1332 309
person 0.960110 1242 216 1279 308
person 0.951460 1076 301 1147 470
person 0.940470 1154 234 1184 330
person 0.937681 801 226 849 327
person 0.882248 223 170 247 213
person 0.839551 555 154 575 194
person 0.790928 862 268 898 372
person 0.776140 526 157 545 192
person 0.728650 346 120 1886 302
person 0.692679 1454 183 1489 265
person 0.664588 1101 202 1130 285
person 0.533369 1596 171 1626 267
person 0.520032 1885 206 1919 301
person 0.504768 452 163 475 195
person 0.470676 1858 166 1889 221
person 0.337271 414 159 430 187
person 0.310677 1743 195 1770 229
person 0.291219 1588 170 1612 222
person 0.288301 892 236 933 356
person 0.278957 484 158 500 188
person 0.275860 1781 194 1809 230
person 0.270794 1201 140 1213 164
person 0.266804 1271 142 1286 173
person 0.991511 324 228 363 320
person 0.982092 907 234 947 336
person 0.981537 1547 269 1605 420
person 0.965455 1241 217 1281 307
person 0.960622 1301 209 1333 310
person 0.954946 1153 234 1185 333
person 0.947354 1076 302 1145 471
person 0.932679 803 228 849 326
person 0.877382 862 270 902 369
person 0.807626 223 171 247 211
person 0.803646 526 157 545 192
person 0.797349 555 155 575 192
person 0.743641 1454 181 1489 265
person 0.663972 1108 209 1133 272
person 0.665245 346 120 1876 303
person 0.648706 1880 208 1917 299
person 0.553170 1596 172 1627 267
person 0.461435 452 163 475 195
person 0.418036 483 158 499 190
person 0.414262 1612 180 1644 268
person 0.337582 1858 166 1888 221
person 0.318458 1743 195 1770 229
person 0.299688 1781 193 1810 230
person 0.281767 415 160 431 187
person 0.268737 1588 170 1611 222
person 0.268657 885 240 930 358
person 0.263813 815 161 830 177
