person 0.991195 325 229 364 321
person 0.987075 1546 267 1605 422
person 0.986974 910 234 947 336
person 0.970471 808 206 858 323
person 0.965653 1243 216 1280 306
person 0.960618 1301 208 1332 310
person 0.935028 1153 233 1185 337
person 0.920902 1075 303 1145 471
person 0.913225 862 270 902 370
person 0.866135 221 171 245 212
person 0.767706 526 157 546 192
person 0.763441 554 155 574 192
person 0.688770 340 120 1882 303
person 0.687837 1105 201 1135 285
person 0.681002 1453 185 1489 264
person 0.622816 1879 209 1916 300
person 0.465856 1612 182 1643 267
person 0.441241 481 157 499 190
person 0.426127 452 163 476 196
person 0.405293 1597 173 1627 266
person 0.342114 1743 195 1770 229
person 0.319265 1588 170 1611 223
person 0.311915 1781 193 1810 230
person 0.268232 815 161 829 178
person 0.257577 1858 167 1888 221
person 0.252789 415 159 432 187
person 0.991391 912 234 948 337
person 0.990274 326 228 368 321
person 0.987422 1546 264 1604 421
person 0.971116 864 267 914 374
person 0.964369 1300 208 1332 310
person 0.962692 1245 215 1280 307
person 0.946839 1152 234 1185 336
person 0.938914 811 210 857 317
person 0.815629 1072 288 1132 485
person 0.767069 555 154 575 192
person 0.761246 527 157 547 192
person 0.720871 1876 209 1916 301
person 0.678572 336 120 1888 305
person 0.668686 222 171 246 209
person 0.581112 1454 185 1489 262
person 0.575799 1108 201 1137 286
person 0.568865 453 161 477 196
person 0.480573 1612 184 1644 266
person 0.391048 478 157 497 191
person 0.331679 419 159 437 190
person 0.327998 1597 173 1628 266
person 0.316966 1743 195 1771 229
person 0.305733 1588 171 1611 223
person 0.276266 1 261 23 290
person 0.288347 1781 193 1810 230
