person 0.991684 1546 261 1602 424
person 0.986473 913 233 947 338
person 0.982634 329 228 367 320
person 0.968846 868 267 910 373
person 0.961291 1152 236 1184 331
person 0.960556 812 211 857 316
person 0.959951 1302 210 1334 310
person 0.951832 1245 216 1281 307
person 0.822022 1877 207 1914 299
person 0.797104 527 158 548 193
person 0.773082 555 154 575 192
person 0.719177 220 169 245 212
person 0.694958 353 120 1870 303
person 0.683734 454 161 475 196
person 0.622391 477 158 495 192
person 0.612353 1115 207 1138 273
person 0.597784 1453 186 1488 263
person 0.586155 1070 303 1139 474
person 0.528290 418 160 438 192
person 0.490025 1611 184 1644 266
person 0.357182 1743 195 1770 229
person 0.347261 1598 175 1628 267
person 0.343919 1782 194 1811 230
person 0.292540 1 261 22 290
person 0.293141 1589 173 1610 221
person 0.994724 1547 259 1601 428
person 0.987847 333 228 371 322
person 0.984097 915 233 946 335
person 0.959781 1152 235 1184 334
person 0.953925 1302 210 1334 311
person 0.952289 1245 215 1281 306
person 0.952066 871 267 910 375
person 0.917171 818 211 856 312
person 0.909020 1069 278 1129 487
person 0.809336 526 157 546 194
person 0.796872 1876 208 1914 299
person 0.738174 219 169 243 211
person 0.734511 555 154 575 192
person 0.723937 365 119 1863 303
person 0.676789 478 158 495 191
person 0.661627 1451 187 1489 263
person 0.577049 1609 195 1647 266
person 0.565525 1117 208 1138 274
person 0.529214 455 161 476 194
person 0.496469 418 160 437 192
person 0.387375 1781 194 1811 231
person 0.328654 1 261 22 290
person 0.348001 1742 196 1770 229
person 0.306157 1589 174 1611 219
person 0.253015 1599 178 1630 266
