person 0.992828 1546 261 1601 424
person 0.987473 915 232 947 336
person 0.986975 334 228 371 321
person 0.980299 871 264 911 374
person 0.973035 1245 215 1283 305
person 0.957067 1302 211 1335 311
person 0.955276 1152 235 1184 336
person 0.923237 819 212 857 315
person 0.867046 1066 303 1139 475
person 0.838562 217 168 244 213
person 0.789795 527 157 547 193
person 0.754563 554 153 574 192
person 0.753570 371 118 1857 301
person 0.734229 1115 199 1140 286
person 0.705016 1876 209 1913 299
person 0.692110 1451 188 1489 263
person 0.648470 478 157 495 191
person 0.646694 1609 195 1647 265
person 0.529470 419 159 437 192
person 0.503736 456 160 476 194
person 0.361301 1781 194 1811 231
person 0.320757 1 261 22 290
person 0.341500 1588 173 1610 219
person 0.326922 1743 197 1770 229
person 0.284855 1599 178 1630 266
person 0.991268 1545 262 1600 424
person 0.987689 336 228 373 320
person 0.986148 916 232 948 335
person 0.971516 875 267 912 373
person 0.958046 1247 215 1284 307
person 0.947696 1152 235 1185 337
person 0.946450 1301 212 1333 310
person 0.913964 1064 302 1138 474
person 0.866509 821 222 854 328
person 0.767651 528 157 547 192
person 0.744965 375 118 1848 301
person 0.728925 554 151 574 193
person 0.694166 1450 186 1487 264
person 0.686051 1115 199 1142 286
person 0.652281 219 169 244 210
person 0.642433 1868 201 1912 285
person 0.589204 1610 187 1645 264
person 0.537382 478 158 495 191
person 0.505120 417 160 436 191
person 0.465420 456 160 476 195
person 0.389026 1 261 22 290
person 0.391415 1781 193 1812 231
person 0.343440 1742 196 1770 228
person 0.285446 1598 179 1629 265
