person 0.993367 1544 261 1600 423
person 0.985681 337 228 375 321
person 0.981082 918 233 949 333
person 0.974107 877 265 914 371
person 0.947686 1248 217 1288 307
person 0.947170 1063 301 1137 475
person 0.943549 1152 235 1185 337
person 0.933601 1301 211 1334 310
person 0.887074 822 221 855 328
person 0.733098 528 157 547 192
person 0.722600 553 151 573 193
person 0.719050 364 119 1858 302
person 0.607391 1611 187 1645 264
person 0.578121 1449 185 1488 264
person 0.562478 478 158 495 191
person 0.541016 1869 197 1911 287
person 0.504544 222 163 242 201
person 0.492744 417 160 434 191
person 0.470712 1120 208 1142 272
person 0.456556 455 161 476 195
person 0.432703 1781 193 1811 231
person 0.385291 1743 196 1770 229
person 0.348657 1 261 22 290
person 0.312322 815 162 829 178
person 0.282304 1587 172 1609 219
person 0.993523 1544 263 1598 423
person 0.988594 337 229 377 320
person 0.984708 879 264 917 372
person 0.982263 921 232 951 330
person 0.953004 1248 216 1289 307
person 0.939067 1153 235 1185 337
person 0.935984 1301 211 1334 310
person 0.916035 1063 302 1137 478
person 0.887950 823 222 856 327
person 0.790825 219 169 242 213
person 0.752853 528 156 548 193
person 0.735024 553 151 573 193
person 0.701924 1447 186 1487 264
person 0.698573 373 118 1850 305
person 0.612415 478 157 496 191
person 0.605084 1612 187 1646 264
person 0.536230 1117 199 1144 286
person 0.524366 417 160 435 192
person 0.511947 1857 192 1899 284
person 0.454181 455 160 476 194
person 0.400024 1781 194 1811 230
person 0.350602 1 261 22 290
person 0.352070 1586 171 1608 221
person 0.313420 1744 197 1770 229
person 0.297778 815 161 830 178
