person 0.991834 1544 266 1595 421
person 0.991793 338 229 380 320
person 0.978150 880 262 917 372
person 0.958054 924 232 954 332
person 0.943029 1250 214 1287 306
person 0.933938 1062 300 1133 480
person 0.925387 1152 234 1186 337
person 0.920979 1299 210 1329 310
person 0.901907 825 208 860 319
person 0.749321 219 169 242 211
person 0.734159 529 156 548 192
person 0.723198 553 152 573 192
person 0.701173 1445 182 1484 264
person 0.692229 1858 192 1896 284
person 0.691827 363 119 1862 304
person 0.683354 1611 194 1646 266
person 0.658270 477 158 497 192
person 0.587376 1118 199 1147 287
person 0.556000 416 160 434 192
person 0.473510 455 161 476 195
person 0.395662 1586 170 1608 223
person 0.352064 1 261 22 289
person 0.356986 1780 193 1812 230
person 0.325661 815 161 829 178
person 0.312610 1743 197 1770 228
person 0.280077 206 171 227 209
person 0.267610 1449 191 1475 243
person 0.993615 1544 265 1595 424
person 0.989059 340 228 381 320
person 0.975748 927 232 958 330
person 0.968958 879 257 920 374
person 0.942550 1252 214 1288 307
person 0.924043 1061 301 1130 486
person 0.922819 1297 211 1326 309
person 0.915263 1152 234 1185 339
person 0.886395 827 208 861 318
person 0.754814 1855 188 1897 286
person 0.751415 1445 182 1483 265
person 0.747064 553 152 574 193
person 0.728579 1611 194 1646 266
person 0.708103 529 156 549 193
person 0.707447 368 119 1859 303
person 0.679062 219 170 243 210
person 0.644256 1120 199 1148 285
person 0.527469 415 160 433 191
person 0.524619 477 157 497 191
person 0.415735 1585 168 1607 223
person 0.390112 455 161 477 195
person 0.370819 1780 194 1812 230
person 0.370686 814 161 829 178
person 0.292972 1 260 22 290
person 0.307238 206 171 228 209
person 0.289993 1742 198 1771 228
