person 0.994874 1544 261 1593 426
person 0.988726 340 230 384 320
person 0.979480 879 257 921 373
person 0.959981 930 232 963 334
person 0.929619 1060 300 1131 489
person 0.924830 1151 234 1186 338
person 0.924611 1254 215 1289 306
person 0.914500 1296 211 1327 309
person 0.836276 1611 194 1648 267
person 0.829892 1853 189 1896 289
person 0.822350 826 209 863 316
person 0.771134 1445 182 1483 264
person 0.752873 554 152 573 192
person 0.698626 480 158 497 191
person 0.686663 529 156 548 192
person 0.660155 218 169 241 210
person 0.632362 376 118 1860 308
person 0.570240 1122 197 1149 287
person 0.566086 415 160 432 192
person 0.452803 1584 169 1607 223
person 0.383527 1780 192 1814 230
person 0.336720 456 161 474 193
person 0.325568 815 161 829 178
person 0.293216 1 261 22 290
person 0.313482 1742 197 1771 228
person 0.291650 207 172 228 209
person 0.252407 858 143 870 164
person 0.994650 1543 265 1593 420
person 0.987363 340 229 386 320
person 0.966514 884 258 927 375
person 0.965973 934 231 964 328
person 0.924856 1296 211 1328 309
person 0.923475 1153 234 1186 337
person 0.917164 1061 302 1129 482
person 0.910490 1850 188 1895 293
person 0.909934 1253 215 1292 306
person 0.847518 1611 195 1649 267
person 0.845233 825 208 863 318
person 0.733882 217 170 241 211
person 0.734100 553 151 573 191
person 0.721324 480 158 497 190
person 0.719302 1444 183 1483 264
person 0.706957 1122 198 1150 286
person 0.679042 531 156 549 191
person 0.639892 379 119 1859 304
person 0.539195 414 160 432 191
person 0.494156 1584 168 1607 223
person 0.383692 1779 193 1813 230
person 0.376281 814 161 829 178
person 0.373227 206 171 228 210
person 0.310637 1 261 22 290
person 0.324842 454 162 472 193
person 0.291521 859 143 870 165
person 0.271883 1742 198 1771 228
