person 0.994434 1543 265 1593 419
person 0.984116 340 229 387 320
person 0.975609 937 231 966 332
person 0.962626 887 261 927 372
person 0.953962 835 223 871 326
person 0.932633 1296 211 1327 309
person 0.920973 1253 214 1289 305
person 0.917626 1849 192 1894 294
person 0.914905 1151 233 1186 338
person 0.914018 1060 303 1128 480
person 0.795611 1612 194 1649 268
person 0.742761 1122 199 1151 288
person 0.726754 530 156 548 190
person 0.721534 480 158 496 190
person 0.709005 375 122 1863 302
person 0.708412 1442 181 1478 265
person 0.675208 554 151 572 189
person 0.629440 218 169 241 211
person 0.529012 414 161 432 191
person 0.478879 1584 168 1607 224
person 0.388275 815 161 829 178
person 0.361166 1780 193 1812 230
person 0.338267 452 162 471 193
person 0.326575 206 172 227 209
person 0.305559 1 261 22 290
person 0.311986 1742 197 1770 228
person 0.995683 1543 261 1592 421
person 0.981110 342 231 386 321
person 0.979837 937 233 970 332
person 0.944594 1294 212 1327 310
person 0.933020 886 264 927 369
person 0.928619 1255 215 1291 305
person 0.913383 833 220 873 328
person 0.897569 1846 196 1894 292
person 0.896804 1151 235 1185 337
person 0.882398 1060 300 1128 483
person 0.794182 480 158 498 191
person 0.779861 1612 194 1650 268
person 0.722262 376 122 1864 301
person 0.717336 1123 198 1151 285
person 0.698285 532 156 549 190
person 0.666076 1441 179 1477 266
person 0.634775 554 151 572 189
person 0.584374 218 170 241 210
person 0.562228 414 161 433 191
person 0.500198 1584 169 1607 225
person 0.407325 814 161 828 177
person 0.399656 450 162 470 194
person 0.365417 1779 193 1812 231
person 0.345432 206 172 227 209
person 0.296643 1 261 22 290
person 0.301899 1742 198 1770 229
person 0.281162 857 145 869 166
