person 0.995865 1541 263 1589 420
person 0.972993 342 231 388 320
person 0.972847 938 233 971 335
person 0.948381 1296 212 1327 310
person 0.947508 836 222 873 328
person 0.944130 1257 215 1292 306
person 0.908155 1149 231 1184 341
person 0.905146 890 262 930 371
person 0.903123 1848 188 1894 294
person 0.856207 1061 299 1126 483
person 0.845129 1613 194 1651 267
person 0.797585 479 157 498 191
person 0.696485 533 156 550 190
person 0.657266 553 151 571 189
person 0.654284 379 119 1859 302
person 0.647187 415 160 435 192
person 0.625727 1440 179 1477 265
person 0.532980 1584 168 1607 225
person 0.525092 205 169 229 212
person 0.507786 1125 198 1153 287
person 0.472667 216 169 241 211
person 0.439636 1780 193 1813 230
person 0.409410 814 162 828 177
person 0.353924 1743 198 1771 228
person 0.348960 1446 189 1472 243
person 0.338201 452 162 472 193
person 0.275021 859 146 870 167
person 0.255864 1711 205 1738 229
person 0.251248 1083 145 1095 165
person 0.995633 1542 264 1588 415
person 0.981651 938 233 974 335
person 0.967821 348 232 396 322
person 0.966513 835 224 875 327
person 0.951860 1296 213 1326 310
person 0.936038 1258 215 1289 306
person 0.922017 1146 226 1182 343
person 0.912985 891 265 933 370
person 0.893102 1060 302 1125 483
person 0.878974 1614 193 1653 267
person 0.820469 1846 191 1892 294
person 0.714803 479 158 498 192
person 0.674683 553 150 572 189
person 0.667360 1440 181 1476 265
person 0.654915 372 121 1863 300
person 0.651660 414 160 434 192
person 0.585693 217 168 241 212
person 0.581422 204 169 228 213
person 0.544905 533 156 550 189
person 0.479102 1583 168 1606 226
person 0.441720 815 161 828 177
person 0.388038 1125 198 1154 285
person 0.369578 1781 193 1813 231
person 0.333305 1742 197 1770 228
person 0.298312 858 147 869 167
person 0.273625 1 261 23 290
