person 0.980926 989 275 1049 412
person 0.976560 1156 237 1197 355
person 0.967707 905 238 933 323
person 0.952872 1214 230 1245 333
person 0.922647 1613 222 1655 311
person 0.909977 664 267 709 384
person 0.867372 1498 234 1538 320
person 0.832708 486 168 502 194
person 0.816153 1660 215 1696 305
person 0.797187 526 164 540 193
person 0.793962 1303 202 1334 284
person 0.770106 1340 208 1379 305
person 0.677312 670 165 686 192
person 0.626985 1755 208 1795 310
person 0.623699 1029 208 1058 298
person 0.615016 267 129 1919 302
person 0.599369 685 221 707 266
person 0.542885 646 165 660 189
person 0.473277 1438 206 1462 260
person 0.461277 439 190 459 211
person 0.370617 989 229 1012 285
person 0.385896 682 220 712 301
person 0.378293 569 163 580 184
person 0.351176 1014 281 1060 402
person 0.321510 1354 194 1391 292
person 0.289722 1840 201 1890 275
person 0.251297 818 169 829 186
person 0.965536 989 280 1044 407
person 0.962312 1167 240 1207 352
person 0.955458 905 240 934 324
person 0.938205 1498 234 1540 323
person 0.927270 668 267 708 386
person 0.912789 1611 221 1656 311
person 0.899773 1219 230 1247 334
person 0.844756 1349 204 1391 305
person 0.841301 486 168 503 195
person 0.811532 1660 215 1697 305
person 0.797262 1441 205 1467 262
person 0.764969 1756 208 1796 313
person 0.747800 1028 208 1059 301
person 0.713060 526 165 539 192
person 0.709437 672 164 687 192
person 0.658805 1303 202 1336 286
person 0.649272 645 164 658 189
person 0.641062 1015 284 1062 403
person 0.640417 262 131 1919 305
person 0.627255 685 221 707 266
person 0.474131 439 190 459 211
person 0.380920 989 231 1012 285
person 0.369353 682 220 711 301
person 0.325187 568 164 579 184
person 0.252472 1 267 21 296
person 0.283213 1847 214 1882 263
person 0.254751 820 169 831 186
