person 0.996337 1541 262 1588 417
person 0.980772 348 232 396 321
person 0.968827 938 234 975 337
person 0.968398 837 223 877 329
person 0.956394 890 265 933 371
person 0.930982 1146 223 1182 346
person 0.922195 1613 194 1655 267
person 0.918363 1292 212 1326 313
person 0.882626 1260 215 1290 308
person 0.882567 1061 303 1125 482
person 0.860225 1842 204 1889 300
person 0.775191 1437 179 1472 264
person 0.701007 480 158 498 193
person 0.686639 416 160 435 192
person 0.683447 204 169 228 213
person 0.652259 823 209 865 319
person 0.651689 554 151 572 188
person 0.631514 382 120 1842 302
person 0.622357 217 168 240 213
person 0.580175 531 156 548 189
person 0.539621 1583 168 1606 226
person 0.432590 1781 193 1813 231
person 0.430868 814 161 828 178
person 0.352858 1126 198 1155 285
person 0.343065 856 145 867 166
person 0.325336 455 161 474 194
person 0.325202 1741 197 1770 228
person 0.317035 1858 169 1889 220
person 0.289223 1 261 22 290
person 0.992406 1540 262 1588 415
person 0.985072 348 230 397 322
person 0.958076 892 266 934 371
person 0.946084 1062 295 1115 471
person 0.945081 939 234 974 333
person 0.928110 1145 220 1181 344
person 0.925129 1294 213 1327 312
person 0.875229 1261 216 1291 304
person 0.867237 842 222 881 329
person 0.845403 1842 195 1887 294
person 0.835817 1614 193 1653 268
person 0.736662 204 170 227 213
person 0.652922 415 160 434 192
person 0.643835 480 159 498 192
person 0.634313 218 168 241 213
person 0.629321 368 119 1853 304
person 0.607799 554 152 572 188
person 0.581584 823 208 864 316
person 0.575441 531 157 547 189
person 0.526917 1435 178 1470 264
person 0.515602 1583 168 1607 226
person 0.444441 814 161 828 178
person 0.393537 1781 194 1812 231
person 0.354333 1 261 23 290
person 0.363743 855 144 867 167
person 0.315919 1441 190 1466 243
person 0.282351 1496 170 1519 222
person 0.280496 1741 197 1769 229
