person 0.996603 1538 258 1588 418
person 0.985946 348 228 396 321
person 0.972882 1142 207 1181 350
person 0.962902 940 232 988 334
person 0.950844 895 266 935 373
person 0.943323 1062 297 1115 471
person 0.923311 846 228 882 326
person 0.903440 1293 214 1326 311
person 0.875587 1261 218 1292 304
person 0.832626 1840 195 1888 294
person 0.798818 1615 193 1654 269
person 0.767114 204 169 229 213
person 0.675984 531 157 547 190
person 0.674105 479 159 497 192
person 0.652605 374 120 1852 303
person 0.613119 416 160 436 192
person 0.591166 554 151 572 188
person 0.539922 217 168 241 213
person 0.499642 1584 168 1607 226
person 0.435976 814 161 828 178
person 0.432940 1440 189 1466 244
person 0.339524 1 261 23 290
person 0.355676 1780 193 1812 231
person 0.323922 456 162 475 193
person 0.317724 824 210 862 312
person 0.295169 854 143 865 166
person 0.270056 1743 196 1770 229
person 0.994849 1535 260 1587 416
person 0.976085 1142 210 1180 348
person 0.973775 896 267 936 375
person 0.972167 352 228 394 319
person 0.970408 945 234 984 334
person 0.954017 1060 303 1114 466
person 0.941624 1294 213 1327 311
person 0.919444 1839 198 1885 294
person 0.887250 1260 217 1292 306
person 0.846947 851 227 886 327
person 0.775062 1615 193 1654 269
person 0.677231 366 117 1865 301
person 0.658198 531 158 548 189
person 0.650686 479 159 498 192
person 0.602214 415 161 435 192
person 0.593179 205 170 228 210
person 0.585025 554 152 572 187
person 0.486898 218 169 241 212
person 0.485534 1433 177 1467 264
person 0.476570 1583 167 1607 226
person 0.404926 815 161 828 177
person 0.367543 1779 194 1811 231
person 0.312699 1 261 23 289
person 0.322701 854 143 865 165
person 0.308910 1439 191 1464 244
person 0.303815 456 163 476 193
person 0.299636 1495 170 1519 224
person 0.288054 1742 198 1770 229
person 0.257832 825 211 862 303
