person 0.994937 1534 260 1585 414
person 0.984791 353 227 394 319
person 0.979811 894 268 938 376
person 0.971386 945 234 985 335
person 0.959593 1142 211 1180 347
person 0.942499 1837 203 1877 300
person 0.939835 1295 212 1328 310
person 0.929326 1059 301 1114 467
person 0.921160 1260 216 1293 305
person 0.812926 1615 193 1655 269
person 0.696017 479 159 497 193
person 0.690866 204 170 229 211
person 0.674708 854 228 888 327
person 0.619143 375 117 1863 301
person 0.599173 1433 175 1466 265
person 0.573540 415 161 435 192
person 0.549196 531 157 547 187
person 0.523003 1584 168 1607 225
person 0.499660 217 168 241 212
person 0.491064 554 151 572 186
person 0.455560 856 230 880 284
person 0.399027 815 161 828 177
person 0.387564 825 210 861 300
person 0.375776 1780 194 1811 231
person 0.351850 455 163 475 194
person 0.316242 1 261 23 289
person 0.329163 853 142 865 165
person 0.275203 1742 197 1769 229
person 0.271217 1495 168 1519 224
person 0.255706 1084 145 1096 166
person 0.991709 1531 256 1584 417
person 0.983673 354 228 394 318
person 0.977947 896 268 939 374
person 0.976478 949 235 985 336
person 0.976229 1140 204 1180 350
person 0.956741 1297 211 1329 310
person 0.938001 1060 302 1113 468
person 0.933359 1837 204 1875 299
person 0.926823 1262 216 1294 305
person 0.822965 1616 193 1655 269
person 0.696298 381 117 1858 301
person 0.693867 480 159 498 191
person 0.642424 856 229 881 284
person 0.623497 205 170 228 210
person 0.598215 531 158 548 189
person 0.591393 553 151 572 188
person 0.589867 1433 178 1466 265
person 0.569949 415 161 435 192
person 0.527390 857 230 889 324
person 0.494611 1583 167 1607 226
person 0.462938 826 211 859 295
person 0.462069 218 169 241 211
person 0.434130 854 141 866 166
person 0.368718 816 160 829 178
person 0.341022 1780 195 1811 231
person 0.323721 1 261 23 289
person 0.326855 1439 192 1463 245
person 0.323667 455 163 475 194
person 0.285650 1741 197 1769 229
