person 0.992393 1530 257 1584 416
person 0.981281 354 227 394 318
person 0.975770 951 234 983 337
person 0.971085 1141 208 1178 348
person 0.969747 898 266 939 373
person 0.950978 1298 212 1328 309
person 0.914235 1265 217 1294 305
person 0.905923 1061 299 1114 472
person 0.874643 1835 205 1874 299
person 0.796956 1615 193 1656 268
person 0.742248 204 168 230 212
person 0.673091 377 118 1855 304
person 0.667173 530 157 549 190
person 0.661849 858 229 882 283
person 0.638250 478 159 497 193
person 0.580029 827 211 859 295
person 0.559642 553 152 572 187
person 0.536741 1583 167 1607 227
person 0.518777 1432 177 1467 265
person 0.473783 860 275 889 322
person 0.492624 414 161 435 193
person 0.429513 216 167 241 213
person 0.390007 855 141 867 166
person 0.349636 455 163 476 195
person 0.320353 1 261 23 290
person 0.334409 1781 195 1811 231
person 0.324407 861 229 892 325
person 0.323429 814 160 828 178
person 0.283497 1495 167 1520 225
person 0.271891 1439 192 1464 244
person 0.993591 1525 257 1585 415
person 0.987495 356 227 396 319
person 0.985910 952 234 982 337
person 0.971759 897 268 941 373
person 0.971188 1143 206 1178 350
person 0.949582 1298 211 1328 310
person 0.926148 1265 215 1294 304
person 0.923302 1060 297 1113 472
person 0.908664 1833 208 1871 298
person 0.819794 1615 193 1657 269
person 0.749197 372 119 1876 302
person 0.722492 479 159 499 193
person 0.691219 859 228 883 283
person 0.682804 204 170 228 211
person 0.632607 1584 169 1608 228
person 0.610969 531 157 550 188
person 0.607007 553 153 572 186
person 0.535078 826 206 858 286
person 0.489121 414 162 434 192
person 0.468181 1430 180 1465 265
person 0.459759 219 170 242 212
person 0.402094 863 272 891 323
person 0.389357 855 142 866 166
person 0.333212 815 160 828 178
person 0.304149 1779 196 1810 231
person 0.283517 1 261 22 290
person 0.297283 456 164 477 195
