person 0.995328 1523 256 1585 417
person 0.985996 357 228 398 318
person 0.983336 1143 205 1179 350
person 0.969403 953 234 981 336
person 0.939640 1298 211 1329 309
person 0.931869 905 269 946 374
person 0.928428 1061 290 1113 480
person 0.910563 1266 214 1297 305
person 0.860244 1832 208 1868 297
person 0.857411 1615 193 1658 269
person 0.758421 393 118 1852 303
person 0.738315 1584 167 1608 229
person 0.735577 532 157 553 191
person 0.700910 204 169 229 211
person 0.676423 480 160 500 192
person 0.669248 550 152 571 189
person 0.660715 860 229 885 283
person 0.629977 1429 174 1463 264
person 0.582839 217 167 242 214
person 0.583140 827 214 860 293
person 0.466525 864 267 894 325
person 0.449797 414 163 434 193
person 0.390490 853 140 865 166
person 0.301904 456 164 477 195
person 0.291567 815 160 829 178
person 0.267937 1 260 22 290
person 0.260091 1200 140 1213 166
person 0.253008 1233 144 1246 168
person 0.992992 1525 255 1585 416
person 0.988986 953 233 982 335
person 0.986772 358 227 399 318
person 0.958216 1146 210 1179 347
person 0.951597 910 268 943 376
person 0.936213 1298 212 1329 309
person 0.907084 1061 290 1113 477
person 0.903004 1267 214 1297 306
person 0.837090 1615 193 1657 269
person 0.755853 203 170 228 211
person 0.755516 483 159 502 192
person 0.735187 532 157 552 190
person 0.724979 383 119 1868 310
person 0.654999 551 153 572 189
person 0.609873 1584 169 1608 228
person 0.584816 414 163 434 193
person 0.564611 1826 211 1858 297
person 0.551460 859 230 883 283
person 0.490522 827 214 861 292
person 0.449949 218 169 242 213
person 0.426808 868 264 895 326
person 0.403622 1429 174 1464 266
person 0.357467 852 140 865 165
person 0.307665 457 164 477 195
person 0.280715 815 161 829 178
