person 0.990303 359 227 399 318
person 0.988613 1526 257 1583 413
person 0.985166 910 264 946 380
person 0.965658 956 231 983 334
person 0.963148 1144 206 1178 350
person 0.948166 1267 215 1299 306
person 0.933993 1300 213 1332 309
person 0.915788 1060 292 1112 477
person 0.848479 1825 209 1856 298
person 0.847974 1616 193 1658 268
person 0.750164 532 158 551 191
person 0.743644 203 169 229 211
person 0.735006 373 119 1874 306
person 0.724565 484 158 503 191
person 0.704655 1583 168 1608 227
person 0.634588 552 154 571 189
person 0.583415 828 214 861 292
person 0.552244 414 162 432 193
person 0.550505 871 228 906 321
person 0.448057 217 169 242 213
person 0.417347 1428 174 1464 265
person 0.377985 855 230 880 284
person 0.359907 457 163 476 194
person 0.280715 815 161 829 178
person 0.988839 1525 261 1583 411
person 0.988298 358 227 400 319
person 0.984798 959 231 985 331
person 0.957233 1145 204 1179 352
person 0.947478 913 269 946 376
person 0.933962 1268 214 1300 306
person 0.911404 1060 294 1113 475
person 0.906024 1301 213 1332 307
person 0.884068 1825 210 1856 295
person 0.844490 1616 193 1658 269
person 0.756603 486 158 503 190
person 0.746736 204 169 229 212
person 0.746889 368 121 1877 306
person 0.734189 533 157 551 191
person 0.724609 1584 169 1608 227
person 0.601726 551 153 570 189
person 0.541948 873 231 906 320
person 0.531403 415 162 432 191
person 0.522800 216 169 242 214
person 0.465208 850 232 875 285
person 0.396555 1427 170 1464 263
person 0.379335 828 215 862 291
person 0.371765 457 162 475 193
person 0.353954 881 269 907 322
person 0.303054 815 161 828 178
