person 0.988748 959 230 987 333
person 0.988003 358 227 404 321
person 0.985697 1524 262 1583 411
person 0.965954 913 268 945 376
person 0.956041 1145 203 1179 352
person 0.924825 1060 296 1113 474
person 0.916355 1269 213 1300 305
person 0.898233 1825 209 1855 295
person 0.896004 1301 212 1331 308
person 0.878388 1616 193 1657 268
person 0.744857 874 230 906 320
person 0.724020 1583 168 1607 229
person 0.722219 378 120 1864 307
person 0.715804 203 169 229 211
person 0.664671 551 152 571 189
person 0.651324 487 158 504 190
person 0.633004 535 157 553 190
person 0.557461 414 160 432 192
person 0.498229 1425 169 1465 266
person 0.451934 845 233 870 285
person 0.427489 216 169 242 212
person 0.369209 828 215 863 292
person 0.368010 456 161 475 195
person 0.307331 853 141 865 164
person 0.268185 815 161 829 178
person 0.256624 1861 168 1889 219
person 0.992788 960 228 988 331
person 0.991980 358 226 404 321
person 0.984527 912 266 948 377
person 0.976286 1516 256 1573 414
person 0.973498 1143 202 1179 354
person 0.935804 1823 208 1853 298
person 0.902357 1060 297 1113 472
person 0.890867 1270 215 1300 304
person 0.889661 1616 193 1657 268
person 0.869207 1300 214 1330 307
person 0.771817 875 229 906 320
person 0.749674 394 120 1850 304
person 0.731965 1583 169 1608 227
person 0.714334 203 169 229 211
person 0.657744 487 159 504 191
person 0.656067 551 152 570 189
person 0.651074 535 157 553 191
person 0.543651 414 160 432 192
person 0.487837 843 233 867 286
person 0.359501 216 168 242 212
person 0.358403 1425 171 1463 264
person 0.343843 828 214 863 291
person 0.334236 1860 165 1891 220
person 0.304614 854 140 866 164
person 0.300526 456 163 475 194
person 0.261541 815 162 829 178
