person 0.992632 359 227 405 321
person 0.982813 1514 254 1572 415
person 0.978936 964 229 990 329
person 0.973594 1144 200 1180 354
person 0.953459 1820 208 1851 298
person 0.923221 1060 293 1113 473
person 0.919318 913 268 950 376
person 0.889607 1616 193 1657 268
person 0.880848 1270 215 1301 306
person 0.875259 876 231 909 319
person 0.849261 1300 213 1330 306
person 0.744776 1583 168 1608 228
person 0.742655 389 120 1859 307
person 0.712326 486 159 505 191
person 0.673695 536 158 554 191
person 0.641203 551 153 570 189
person 0.621335 203 169 229 211
person 0.563813 414 161 433 192
person 0.410618 841 233 866 286
person 0.375483 454 163 473 195
person 0.362908 828 215 863 290
person 0.348609 855 141 867 162
person 0.347242 1861 164 1891 221
person 0.302609 921 308 946 368
person 0.303649 217 168 242 212
person 0.273930 815 162 829 179
person 0.991593 361 227 405 321
person 0.990806 964 229 995 334
person 0.979181 1145 202 1179 354
person 0.978271 1515 254 1571 414
person 0.971070 1815 210 1848 299
person 0.955283 913 269 949 377
person 0.934112 1060 294 1113 471
person 0.910607 1271 215 1301 305
person 0.905563 1616 193 1657 268
person 0.877456 1301 214 1333 306
person 0.776725 877 231 911 321
person 0.740215 395 120 1854 306
person 0.703853 1583 168 1608 228
person 0.701349 487 160 505 191
person 0.651730 536 158 553 192
person 0.616120 552 153 570 189
person 0.605624 1416 183 1451 263
person 0.601330 203 169 228 211
person 0.526093 841 232 866 287
person 0.481324 414 161 432 191
person 0.401169 1860 165 1891 221
person 0.332550 220 159 243 204
person 0.326450 455 163 474 195
person 0.295920 828 214 864 290
person 0.287564 1446 167 1471 227
person 0.268275 856 141 867 162
