person 0.993379 962 229 998 333
person 0.988751 362 227 408 319
person 0.984019 912 269 953 378
person 0.979882 1513 252 1571 415
person 0.963544 1146 201 1180 353
person 0.951849 1811 212 1847 300
person 0.908141 1298 212 1332 306
person 0.880353 1617 193 1657 268
person 0.876588 1060 297 1113 466
person 0.873643 878 231 913 321
person 0.871970 1271 214 1301 304
person 0.750950 394 120 1854 303
person 0.724418 1583 169 1607 226
person 0.719882 1412 183 1450 263
person 0.690646 535 158 553 192
person 0.643147 488 160 505 192
person 0.642153 552 152 571 189
person 0.573969 833 206 868 284
person 0.471083 1449 165 1473 226
person 0.391473 204 165 228 202
person 0.367888 1861 167 1892 221
person 0.341251 857 141 869 163
person 0.303650 415 163 432 192
person 0.299846 220 161 242 201
person 0.259492 1 260 21 290
person 0.268056 760 143 773 164
person 0.993330 965 231 1002 330
person 0.987959 363 228 410 320
person 0.986396 911 270 957 379
person 0.980040 1513 249 1569 418
person 0.963106 1146 198 1181 356
person 0.958567 1811 213 1846 299
person 0.924596 1616 193 1656 268
person 0.915651 1297 212 1331 307
person 0.843358 1271 214 1303 306
person 0.833119 1054 299 1119 485
person 0.731419 1412 184 1449 264
person 0.730854 393 118 1855 305
person 0.716376 885 226 912 291
person 0.712331 488 159 505 191
person 0.710643 1584 168 1607 226
person 0.677931 551 152 570 189
person 0.676682 534 157 552 192
person 0.659493 203 168 228 211
person 0.616992 835 213 869 296
person 0.444485 1313 208 1350 309
person 0.431058 415 161 432 191
person 0.419345 1861 165 1891 220
person 0.399577 1449 164 1473 226
person 0.349625 456 160 474 193
person 0.348445 857 142 868 163
person 0.332050 221 160 244 204
person 0.310327 817 162 831 179
person 0.250635 1 261 21 291
person 0.252109 761 145 772 164
