person 0.990177 966 231 1005 330
person 0.986460 364 229 410 320
person 0.979415 1515 259 1568 399
person 0.973965 913 274 959 377
person 0.966359 1805 212 1844 301
person 0.965433 1147 202 1181 355
person 0.909836 1617 193 1656 268
person 0.873777 1297 214 1330 308
person 0.863512 1060 294 1113 469
person 0.820396 1272 214 1302 306
person 0.774048 883 230 921 323
person 0.711820 1584 168 1607 225
person 0.704502 551 153 571 190
person 0.686652 834 213 869 294
person 0.681677 393 117 1855 308
person 0.654953 534 158 552 192
person 0.645968 489 159 506 191
person 0.635067 203 168 229 211
person 0.608738 1413 184 1449 264
person 0.506389 888 228 914 290
person 0.464885 1314 210 1349 309
person 0.427732 1861 164 1891 222
person 0.374867 414 161 431 190
person 0.367523 857 142 868 164
person 0.364658 1447 163 1472 225
person 0.307171 220 160 243 203
person 0.298032 818 162 832 179
person 0.273457 761 144 773 164
person 0.257164 1740 198 1764 228
person 0.987353 967 233 1008 330
person 0.986086 366 230 412 320
person 0.980327 1514 260 1567 397
person 0.972127 913 273 962 378
person 0.966940 1802 210 1840 302
person 0.948726 1148 206 1182 352
person 0.921389 1295 212 1329 308
person 0.902309 1617 193 1656 268
person 0.831243 1061 293 1113 471
person 0.780712 1273 214 1303 306
person 0.752920 834 206 870 286
person 0.706970 1584 168 1607 226
person 0.701115 550 153 570 190
person 0.672869 892 227 918 289
person 0.671790 387 119 1856 307
person 0.665938 1411 184 1446 264
person 0.660980 204 166 230 212
person 0.618289 1316 208 1349 309
person 0.613636 490 160 506 190
person 0.564845 534 159 553 192
person 0.455355 889 232 927 325
person 0.407562 216 166 241 213
person 0.393931 414 161 430 190
person 0.379728 857 142 868 163
person 0.353828 1450 163 1474 222
person 0.344339 1861 162 1892 221
person 0.299682 457 162 475 192
person 0.299403 816 161 831 179
person 0.286224 761 144 773 164
person 0.254871 1741 197 1765 228
