person 0.978843 1167 240 1209 352
person 0.971744 985 280 1037 405
person 0.961639 1504 236 1544 322
person 0.949717 911 237 942 324
person 0.933012 669 270 709 384
person 0.905213 1611 223 1655 310
person 0.897736 1220 229 1246 334
person 0.847901 1659 218 1697 305
person 0.840330 1447 206 1470 262
person 0.832828 486 168 503 196
person 0.809412 1350 202 1390 306
person 0.801395 1020 285 1063 403
person 0.794525 1026 207 1057 300
person 0.767445 684 221 706 265
person 0.763896 526 165 539 194
person 0.753308 1757 209 1796 312
person 0.705925 1304 203 1338 285
person 0.701940 255 130 1919 301
person 0.686798 644 163 657 189
person 0.685356 673 163 688 191
person 0.620280 1336 205 1373 304
person 0.453851 439 189 459 211
person 0.434811 991 228 1013 285
person 0.413188 569 164 580 185
person 0.279812 1 267 21 295
person 0.328254 1847 214 1881 262
person 0.981148 1171 240 1207 353
person 0.977755 985 280 1025 404
person 0.965545 1506 238 1546 322
person 0.959295 910 237 942 324
person 0.937232 1022 286 1065 404
person 0.921281 1221 230 1247 332
person 0.862032 1611 223 1654 310
person 0.818657 671 270 710 382
person 0.806414 1659 219 1696 304
person 0.800593 1449 206 1474 263
person 0.797729 487 168 502 194
person 0.795591 1351 206 1389 305
person 0.761713 1759 212 1797 310
person 0.739466 646 162 659 191
person 0.712047 526 164 539 191
person 0.690442 267 131 1919 307
person 0.678916 685 220 706 264
person 0.638952 1304 204 1338 284
person 0.611545 1025 209 1058 282
person 0.561684 674 163 688 191
person 0.543158 1335 207 1373 304
person 0.471825 438 189 459 211
person 0.421456 567 163 578 184
person 0.369694 990 228 1013 283
person 0.287186 0 267 21 295
person 0.312326 1848 215 1883 262
