person 0.985691 968 233 1009 328
person 0.984289 369 229 412 320
person 0.979960 1513 259 1566 398
person 0.969663 1802 209 1838 301
person 0.969655 913 274 963 377
person 0.929874 1148 205 1183 353
person 0.916602 1295 212 1329 309
person 0.909817 1617 192 1655 268
person 0.806011 1054 299 1119 491
person 0.741689 1315 209 1350 309
person 0.739172 893 226 921 285
person 0.735824 551 153 571 190
person 0.723224 1584 167 1607 227
person 0.710759 1273 214 1303 305
person 0.697014 371 120 1868 306
person 0.690045 836 213 871 292
person 0.670632 490 160 506 189
person 0.646050 204 167 229 212
person 0.511064 1413 190 1440 250
person 0.501009 534 157 553 190
person 0.451959 414 160 431 190
person 0.439789 216 166 241 213
person 0.418170 458 161 476 191
person 0.408933 891 230 928 324
person 0.256075 887 278 916 317
person 0.358525 1860 163 1892 221
person 0.351680 1450 163 1474 223
person 0.306484 856 143 867 165
person 0.265193 1 261 22 290
person 0.271723 817 161 832 178
person 0.986032 1512 258 1563 399
person 0.985369 371 228 413 320
person 0.983110 970 234 1009 330
person 0.973932 913 268 964 377
person 0.964023 1802 208 1837 303
person 0.955358 1149 203 1186 353
person 0.908516 1617 192 1655 267
person 0.899446 1293 211 1327 308
person 0.835504 1052 303 1118 484
person 0.752715 1317 210 1350 308
person 0.722325 836 206 870 286
person 0.710370 1584 168 1607 226
person 0.693364 552 153 571 189
person 0.691016 1273 213 1304 307
person 0.680326 376 119 1861 306
person 0.633802 204 167 228 212
person 0.614242 490 160 505 190
person 0.594301 896 227 923 288
person 0.542355 217 167 241 213
person 0.540424 533 158 552 191
person 0.508853 1413 193 1438 250
person 0.468431 413 160 430 190
person 0.366821 457 161 475 191
person 0.316527 1860 164 1891 220
person 0.307771 818 161 832 178
person 0.304719 1451 167 1474 218
person 0.268119 1 261 22 290
person 0.290122 858 145 869 165
