person 0.985329 373 228 415 320
person 0.984204 915 268 965 376
person 0.980493 1512 261 1563 395
person 0.974469 969 235 1010 330
person 0.964209 1148 203 1185 350
person 0.915892 1292 210 1324 308
person 0.911365 1799 209 1834 301
person 0.901171 1617 190 1657 263
person 0.878135 1321 211 1351 306
person 0.788196 835 206 871 285
person 0.777805 1053 303 1117 489
person 0.734171 551 153 572 189
person 0.712328 376 117 1863 302
person 0.707478 1584 167 1607 226
person 0.629981 1273 212 1304 305
person 0.625923 204 168 228 211
person 0.622423 532 158 551 191
person 0.607901 897 228 925 288
person 0.556528 490 159 505 189
person 0.524723 1413 191 1436 250
person 0.425117 217 168 241 210
person 0.407278 458 160 476 190
person 0.393731 1452 165 1474 219
person 0.375335 854 141 866 165
person 0.367244 414 160 430 189
person 0.348932 1861 163 1892 220
person 0.297208 818 161 832 178
person 0.254865 1 261 23 289
person 0.251967 760 144 772 164
person 0.250820 1507 166 1528 220
person 0.978668 376 228 415 320
person 0.974593 1511 259 1560 396
person 0.973085 974 234 1009 328
person 0.968175 922 267 969 377
person 0.949967 1148 205 1187 350
person 0.916211 1290 209 1326 308
person 0.900563 1617 189 1656 263
person 0.898708 1322 211 1353 306
person 0.878356 1798 210 1831 300
person 0.873776 836 206 871 287
person 0.806997 1051 301 1118 491
person 0.718459 552 153 572 189
person 0.687315 395 119 1845 305
person 0.681038 1584 167 1607 226
person 0.590115 532 157 551 190
person 0.562900 204 169 227 210
person 0.477165 1411 191 1436 251
person 0.464670 488 159 504 187
person 0.441134 901 227 925 287
person 0.428726 1451 164 1474 220
person 0.415666 218 169 240 210
person 0.362852 1272 208 1306 307
person 0.340777 1860 163 1892 220
person 0.318181 853 140 865 163
person 0.290877 458 160 477 190
person 0.260705 1 261 23 289
person 0.280545 414 161 429 188
person 0.251618 818 161 832 178
