person 0.984240 1509 260 1561 396
person 0.984380 922 263 971 377
person 0.975454 378 227 417 319
person 0.961993 975 236 1011 329
person 0.929305 1147 211 1187 344
person 0.912393 1290 209 1324 307
person 0.897249 1323 211 1353 305
person 0.883748 1617 189 1656 263
person 0.873205 1796 211 1830 300
person 0.847362 1050 302 1120 485
person 0.843748 836 207 871 286
person 0.752541 371 119 1861 304
person 0.709376 532 158 550 191
person 0.696489 553 154 572 189
person 0.668566 1583 165 1606 227
person 0.588744 1410 194 1435 250
person 0.578613 903 228 928 284
person 0.553647 204 169 227 210
person 0.525255 493 163 507 190
person 0.483897 1452 167 1475 217
person 0.476267 217 169 240 210
person 0.403516 1861 163 1892 220
person 0.377927 414 161 430 188
person 0.316648 852 140 865 165
person 0.258744 1 261 23 288
person 0.273516 1507 166 1528 221
person 0.262310 458 161 476 189
person 0.987085 1507 259 1558 396
person 0.985063 922 263 972 378
person 0.972405 379 227 417 319
person 0.936772 982 232 1017 330
person 0.933017 1289 209 1323 308
person 0.910407 1324 212 1355 305
person 0.898997 1148 212 1188 346
person 0.879912 836 207 870 286
person 0.875002 1617 189 1655 263
person 0.828682 1050 301 1120 480
person 0.813376 1795 210 1829 299
person 0.724119 367 116 1861 305
person 0.714057 531 159 549 190
person 0.669503 1583 166 1607 226
person 0.656781 553 155 571 188
person 0.610251 1410 191 1435 251
person 0.603248 493 162 509 190
person 0.527133 1451 165 1475 220
person 0.502723 204 169 227 210
person 0.432702 218 169 240 210
person 0.394321 1861 163 1892 221
person 0.387432 904 229 930 283
person 0.348570 457 161 475 191
person 0.333711 414 162 430 189
person 0.307781 1 261 24 289
person 0.280711 851 140 864 165
person 0.255606 1496 166 1516 224
