person 0.983691 1508 263 1556 392
person 0.979542 982 232 1017 331
person 0.978366 928 262 972 377
person 0.956826 383 227 418 320
person 0.924169 1148 211 1189 345
person 0.917323 1291 210 1325 308
person 0.890896 1617 190 1655 262
person 0.886349 1325 211 1357 308
person 0.884542 1062 300 1113 462
person 0.879045 839 212 876 291
person 0.800187 1786 208 1820 300
person 0.761049 531 158 549 190
person 0.737219 362 116 1863 305
person 0.657837 1584 165 1606 226
person 0.632936 553 155 571 187
person 0.596781 1410 192 1434 249
person 0.551179 204 168 228 211
person 0.514489 1861 162 1892 223
person 0.496494 1451 166 1475 220
person 0.494309 218 168 241 211
person 0.426854 491 161 506 189
person 0.382463 905 228 932 324
person 0.349005 414 161 431 189
person 0.342669 458 161 476 190
person 0.306014 1 261 24 288
person 0.292327 851 139 864 165
person 0.984471 984 231 1017 330
person 0.983520 1507 260 1555 396
person 0.971613 928 264 972 377
person 0.969942 384 228 419 320
person 0.935159 1289 210 1323 309
person 0.912701 1061 299 1113 462
person 0.906714 1325 212 1358 308
person 0.895755 1147 214 1189 345
person 0.877248 1785 206 1819 302
person 0.874252 1616 189 1654 263
person 0.861432 837 207 871 286
person 0.768318 364 117 1873 305
person 0.746753 531 158 549 190
person 0.720490 1408 195 1433 247
person 0.636075 553 154 572 188
person 0.620872 1583 167 1606 226
person 0.487393 1860 162 1892 223
person 0.483897 488 159 503 188
person 0.468780 219 169 241 210
person 0.460347 205 170 227 209
person 0.419435 1451 167 1474 218
person 0.391751 413 161 430 190
person 0.386491 458 161 477 191
person 0.332483 2 261 24 289
person 0.314573 851 141 864 166
person 0.306312 816 160 830 179
person 0.255605 916 227 942 281
