person 0.987388 1505 259 1553 397
person 0.970067 931 269 974 376
person 0.968658 988 230 1016 330
person 0.962759 385 228 419 321
person 0.944497 1060 298 1113 464
person 0.934645 1289 210 1324 309
person 0.925739 1783 206 1819 304
person 0.910972 1328 213 1361 308
person 0.895720 1147 212 1190 347
person 0.884094 1616 189 1655 263
person 0.787632 838 208 870 285
person 0.759438 372 117 1864 306
person 0.717760 530 159 548 190
person 0.630232 1407 194 1433 249
person 0.625308 1584 167 1606 225
person 0.617829 554 155 572 187
person 0.521431 1861 164 1891 223
person 0.484875 915 226 942 284
person 0.457786 1451 165 1474 220
person 0.452975 219 169 241 209
person 0.420574 488 160 503 188
person 0.381382 1 261 24 289
person 0.387822 205 170 226 209
person 0.372252 459 161 477 192
person 0.339076 414 161 430 189
person 0.333873 816 161 830 179
person 0.285834 851 140 864 164
person 0.263745 1398 186 1439 264
person 0.992283 1505 260 1552 396
person 0.986889 988 229 1017 331
person 0.968538 932 267 975 374
person 0.959997 1060 297 1113 465
person 0.956707 1781 208 1820 304
person 0.935328 385 230 421 319
person 0.927497 1290 210 1324 309
person 0.926825 1331 213 1365 309
person 0.916506 1148 214 1191 348
person 0.877062 1616 189 1654 263
person 0.847433 841 212 876 291
person 0.792930 358 117 1875 304
person 0.706879 529 158 547 189
person 0.609483 1584 167 1606 225
person 0.604149 554 155 572 186
person 0.584980 1861 164 1892 223
person 0.513994 1403 205 1432 260
person 0.507831 1451 166 1474 220
person 0.476882 459 162 477 192
person 0.470813 219 161 243 205
person 0.427980 916 228 943 286
person 0.427685 489 160 504 188
person 0.407091 204 169 227 209
person 0.378793 1 261 24 289
person 0.375645 413 161 430 190
person 0.366169 851 140 864 165
person 0.318288 816 161 830 178
person 0.254964 1744 194 1769 231
