person 0.992642 1504 262 1553 392
person 0.989945 988 229 1019 330
person 0.963694 932 265 975 374
person 0.957275 1060 297 1113 466
person 0.949104 1335 213 1366 307
person 0.944725 1779 207 1820 305
person 0.940962 1292 210 1324 308
person 0.899711 386 231 421 320
person 0.898399 1147 219 1187 344
person 0.882801 1616 189 1654 263
person 0.813224 842 212 875 291
person 0.786805 354 118 1878 306
person 0.636569 529 160 547 189
person 0.623268 1860 162 1893 224
person 0.574388 555 155 572 185
person 0.569927 1402 207 1431 260
person 0.542914 1584 166 1606 225
person 0.537205 1450 165 1474 222
person 0.526633 918 226 946 287
person 0.508846 458 162 477 193
person 0.495249 219 161 243 205
person 0.371759 1 262 24 289
person 0.383344 491 162 506 188
person 0.361327 850 141 864 166
person 0.336891 414 161 430 189
person 0.286830 205 170 227 208
person 0.285127 1168 201 1200 283
person 0.283249 816 161 830 178
person 0.252480 760 144 771 164
person 0.995656 1502 263 1552 391
person 0.985244 989 228 1019 328
person 0.960861 1060 296 1111 466
person 0.948851 1336 215 1369 308
person 0.947059 1293 210 1324 309
person 0.941384 1776 207 1820 305
person 0.937466 933 267 976 375
person 0.926157 1145 242 1181 351
person 0.913755 842 213 876 290
person 0.910265 389 230 428 317
person 0.881790 1616 190 1654 262
person 0.742068 359 118 1874 310
person 0.645133 1859 162 1893 224
person 0.603154 1583 168 1606 225
person 0.600810 1405 193 1430 249
person 0.581212 529 161 546 189
person 0.531546 554 156 571 185
person 0.522909 1451 165 1475 222
person 0.483854 1169 202 1201 285
person 0.480458 915 232 947 322
person 0.460000 457 163 477 194
person 0.453933 219 162 242 204
person 0.384449 850 141 864 167
person 0.373328 494 163 509 189
person 0.330621 1 261 24 290
person 0.314185 815 160 829 178
person 0.279249 206 164 228 204
person 0.254070 759 144 771 164
