person 0.994783 1501 262 1552 390
person 0.985942 990 229 1020 332
person 0.967826 389 230 430 319
person 0.958217 1292 209 1325 308
person 0.956851 1060 297 1109 465
person 0.949864 1338 216 1372 307
person 0.937743 1773 207 1818 304
person 0.927312 842 212 877 292
person 0.920298 1148 227 1187 341
person 0.912657 941 268 986 376
person 0.865012 1616 190 1654 262
person 0.728802 348 118 1881 310
person 0.660377 529 160 547 190
person 0.620365 1860 161 1891 224
person 0.590529 916 231 949 324
person 0.583333 553 155 571 186
person 0.572245 1583 167 1606 225
person 0.529151 1450 165 1473 223
person 0.505746 1397 183 1432 264
person 0.488969 456 162 476 194
person 0.472285 1168 201 1201 284
person 0.456726 217 169 241 210
person 0.426368 851 142 864 167
person 0.390126 494 162 510 190
person 0.341370 816 160 830 178
person 0.293995 1 261 24 290
person 0.287611 205 170 228 208
person 0.254710 760 144 771 164
person 0.992891 1502 262 1550 388
person 0.970928 1060 294 1108 467
person 0.970260 991 229 1023 332
person 0.970201 391 230 428 319
person 0.964953 1768 213 1819 304
person 0.959038 1292 209 1326 308
person 0.953193 1338 218 1374 307
person 0.950768 943 265 986 377
person 0.938001 1144 240 1180 351
person 0.918578 842 211 877 292
person 0.860662 1616 190 1653 262
person 0.724889 355 118 1878 311
person 0.703581 915 233 952 324
person 0.578430 528 160 547 190
person 0.566971 1448 164 1473 225
person 0.538837 218 168 242 211
person 0.522947 1859 163 1892 224
person 0.519344 1583 168 1606 226
person 0.502319 1170 201 1203 284
person 0.495412 1401 192 1427 248
person 0.484111 553 155 572 186
person 0.466477 456 162 477 193
person 0.385524 492 160 508 188
person 0.352968 815 160 830 178
person 0.350625 851 142 864 167
person 0.288926 1 261 24 290
person 0.267239 759 145 770 164
person 0.255727 206 171 227 208
