person 0.994381 1501 261 1549 389
person 0.983894 994 228 1024 331
person 0.973246 391 230 430 319
person 0.969016 1765 214 1817 304
person 0.967394 1291 208 1326 307
person 0.950003 943 265 984 379
person 0.946641 1057 298 1107 463
person 0.940015 842 210 878 292
person 0.935953 1340 215 1376 306
person 0.926362 1148 232 1184 340
person 0.866123 1616 190 1654 263
person 0.658777 368 118 1870 312
person 0.652011 916 233 955 322
person 0.601561 528 160 546 190
person 0.557971 1449 164 1472 223
person 0.516297 1400 190 1426 250
person 0.509282 1171 200 1203 285
person 0.500203 1858 162 1892 224
person 0.492261 1583 169 1606 225
person 0.472256 219 161 243 204
person 0.445329 553 155 571 185
person 0.381002 850 140 863 167
person 0.376773 456 162 475 192
person 0.348985 492 161 507 188
person 0.345234 815 160 829 179
person 0.300780 925 231 953 286
person 0.279696 1742 196 1771 233
person 0.257185 1 261 23 290
person 0.266321 831 147 844 172
person 0.254191 414 163 430 190
person 0.996070 1495 261 1550 391
person 0.985286 997 229 1027 334
person 0.983901 392 229 431 320
person 0.962995 1293 208 1326 308
person 0.956377 1764 211 1817 305
person 0.948809 944 264 983 381
person 0.936251 842 212 878 291
person 0.936059 1341 216 1378 306
person 0.932727 1148 231 1184 340
person 0.908400 1056 298 1106 462
person 0.870632 1616 190 1653 263
person 0.686257 528 161 547 190
person 0.652809 376 118 1863 312
person 0.578691 554 155 572 186
person 0.545204 1447 165 1470 222
person 0.544335 919 234 958 324
person 0.521849 1858 162 1893 225
person 0.506748 219 168 243 211
person 0.492943 1583 168 1606 225
person 0.463771 1172 201 1206 286
person 0.429851 926 227 954 283
person 0.413093 457 162 477 192
person 0.405818 850 140 863 168
person 0.401126 1399 192 1424 246
person 0.354915 815 160 829 178
person 0.287791 486 160 501 187
person 0.275975 831 147 844 172
