person 0.996438 1491 260 1548 391
person 0.988185 392 227 432 321
person 0.985228 999 229 1031 335
person 0.964925 1293 209 1327 308
person 0.963195 942 263 984 381
person 0.955832 1762 211 1813 304
person 0.949814 1145 239 1179 350
person 0.941568 842 211 879 292
person 0.929253 1342 216 1379 305
person 0.899078 1057 299 1105 463
person 0.891064 1616 189 1653 263
person 0.764849 1177 200 1210 286
person 0.710449 528 160 547 189
person 0.708630 374 119 1863 308
person 0.592098 1859 162 1892 226
person 0.587113 931 227 957 286
person 0.541068 1450 166 1472 223
person 0.519840 553 155 572 185
person 0.513733 1583 168 1606 226
person 0.496154 1397 191 1423 247
person 0.458155 218 168 242 211
person 0.385503 924 233 960 323
person 0.372996 815 160 830 179
person 0.324194 849 141 863 168
person 0.314663 457 162 476 191
person 0.289101 484 160 500 187
person 0.269413 831 147 844 171
person 0.266334 206 164 228 203
person 0.996174 1489 257 1549 395
person 0.987532 392 228 431 322
person 0.986626 1001 229 1033 333
person 0.974686 941 262 985 380
person 0.963678 1295 209 1328 309
person 0.952040 1144 238 1180 350
person 0.940879 1760 209 1810 303
person 0.911839 842 212 879 291
person 0.897032 1616 189 1653 263
person 0.895223 1343 217 1379 306
person 0.893387 1056 299 1105 462
person 0.737944 1177 201 1211 285
person 0.662512 527 159 547 189
person 0.657449 383 118 1859 307
person 0.645199 1449 166 1473 224
person 0.636798 220 167 243 212
person 0.619259 931 224 957 288
person 0.612510 1860 160 1892 226
person 0.576940 553 154 572 186
person 0.552301 1582 167 1606 227
person 0.435393 813 161 829 180
person 0.360046 1397 192 1422 245
person 0.342067 411 162 427 190
person 0.319068 1494 165 1514 224
person 0.288110 1 261 22 290
person 0.302784 849 140 862 166
person 0.255333 458 163 478 191
