person 0.992870 1489 255 1546 393
person 0.988271 393 228 433 320
person 0.986964 1004 231 1040 333
person 0.974804 941 264 985 380
person 0.972482 1144 237 1182 350
person 0.957031 1296 209 1329 309
person 0.938386 1056 298 1105 462
person 0.930586 1760 213 1804 301
person 0.920116 842 210 879 292
person 0.896887 1616 189 1652 263
person 0.847884 1344 217 1379 305
person 0.727129 527 159 546 190
person 0.721883 368 117 1873 305
person 0.703431 1179 201 1212 284
person 0.671199 1448 168 1471 223
person 0.598293 1582 167 1606 227
person 0.593505 1860 161 1892 226
person 0.550812 937 227 962 285
person 0.521419 220 167 242 211
person 0.516408 552 154 571 186
person 0.442602 412 161 429 191
person 0.402088 813 161 829 179
person 0.392162 1493 166 1512 224
person 0.307704 1 261 23 290
person 0.255682 1114 150 1132 191
person 0.993053 1487 257 1546 392
person 0.992417 392 228 437 322
person 0.982541 1004 231 1039 331
person 0.971764 942 266 987 379
person 0.967294 1145 239 1180 350
person 0.957214 1056 293 1104 467
person 0.938094 1297 211 1329 309
person 0.928569 1759 211 1801 303
person 0.881175 842 211 880 292
person 0.865709 1616 188 1653 264
person 0.820109 1354 220 1393 303
person 0.715636 526 160 546 190
person 0.715553 937 225 964 284
person 0.709096 1182 199 1213 283
person 0.701858 386 118 1857 310
person 0.647068 1449 168 1473 225
person 0.622692 220 166 242 212
person 0.545975 1861 161 1892 227
person 0.512596 1582 166 1606 228
person 0.483043 411 161 427 191
person 0.468498 553 155 571 185
person 0.417618 814 162 828 178
person 0.326307 1 261 22 290
person 0.332967 1491 166 1511 225
person 0.252066 1113 150 1132 191
