person 0.992748 1172 239 1211 356
person 0.984885 986 280 1028 404
person 0.968655 1510 240 1552 325
person 0.957809 911 235 942 324
person 0.935928 672 270 712 385
person 0.919998 1025 287 1068 403
person 0.913726 1224 229 1248 331
person 0.881723 1612 223 1654 308
person 0.808266 1658 221 1695 304
person 0.789114 486 167 502 193
person 0.782709 524 163 539 192
person 0.777958 1455 208 1481 262
person 0.750425 1760 213 1799 309
person 0.713924 1306 204 1341 284
person 0.707152 1352 208 1390 305
person 0.703991 265 128 1919 308
person 0.665245 645 162 659 190
person 0.628445 1029 212 1056 275
person 0.525689 685 220 706 265
person 0.497279 674 164 689 190
person 0.495415 566 163 578 186
person 0.487902 438 189 460 212
person 0.361618 990 227 1014 283
person 0.341688 683 220 711 301
person 0.318299 1321 202 1355 286
person 0.255426 1 267 20 296
person 0.280355 1851 213 1883 262
person 0.994513 1174 238 1213 356
person 0.986227 985 282 1026 402
person 0.983126 911 236 946 325
person 0.953948 1512 238 1557 325
person 0.936975 1224 229 1249 332
person 0.932540 668 281 711 390
person 0.920042 1034 288 1073 403
person 0.899476 1611 222 1654 307
person 0.841127 1657 220 1696 303
person 0.802742 1351 207 1392 305
person 0.799516 485 167 501 194
person 0.798355 1761 213 1802 309
person 0.785695 685 221 706 264
person 0.755844 523 164 537 192
person 0.732704 646 163 659 189
person 0.709428 1307 205 1342 283
person 0.639203 1455 201 1487 277
person 0.625401 1029 211 1054 276
person 0.582510 264 127 1919 305
person 0.577042 675 165 688 190
person 0.477649 568 164 580 185
person 0.450912 439 188 461 211
person 0.372914 992 227 1016 282
person 0.260824 1 266 21 296
person 0.316603 1850 200 1893 274
person 0.253483 822 169 833 186
