person 0.993136 393 227 437 322
person 0.987108 1487 259 1545 392
person 0.985388 1006 230 1041 328
person 0.976069 943 263 987 380
person 0.950844 1145 238 1179 350
person 0.942995 1056 296 1104 467
person 0.930988 1297 210 1329 309
person 0.914280 843 210 881 292
person 0.902758 1759 210 1797 304
person 0.872736 1616 188 1653 264
person 0.827671 1182 201 1214 287
person 0.812645 1353 218 1392 303
person 0.729666 529 160 548 190
person 0.702591 219 167 242 212
person 0.702588 390 117 1848 305
person 0.679641 1449 168 1474 225
person 0.665827 940 226 965 289
person 0.567450 1861 160 1893 226
person 0.522008 1582 167 1607 228
person 0.501875 553 155 572 185
person 0.483235 411 161 427 191
person 0.436638 815 162 829 178
person 0.344813 1492 167 1513 225
person 0.300604 1113 150 1132 191
person 0.286079 457 162 476 191
person 0.257438 207 170 227 209
person 0.992650 394 228 439 322
person 0.989886 1482 255 1536 396
person 0.983066 945 264 988 380
person 0.977347 1008 230 1044 329
person 0.961016 1144 238 1179 350
person 0.915123 1296 211 1329 309
person 0.908485 846 210 881 292
person 0.907158 1055 300 1104 466
person 0.887852 1354 220 1393 302
person 0.858271 1758 210 1796 305
person 0.857571 1184 200 1217 286
person 0.849185 1616 191 1652 269
person 0.747514 398 116 1846 305
person 0.729656 940 227 967 288
person 0.723183 529 158 549 190
person 0.639665 219 167 243 211
person 0.622758 1449 167 1472 225
person 0.551287 553 154 572 186
person 0.508714 853 228 878 280
person 0.505010 1862 161 1893 226
person 0.486565 1582 168 1606 228
person 0.411440 411 161 427 191
person 0.385541 815 161 829 178
person 0.303301 1491 166 1512 225
person 0.271474 2 261 23 290
person 0.282223 831 147 843 170
person 0.280911 1113 150 1132 191
person 0.276124 456 163 477 192
person 0.267580 482 158 498 186
