person 0.993698 395 228 440 322
person 0.991979 1484 259 1534 390
person 0.991420 948 264 989 381
person 0.976437 1012 232 1043 330
person 0.970079 1145 239 1178 350
person 0.927593 1295 209 1327 309
person 0.904878 1054 297 1103 466
person 0.889206 848 207 881 294
person 0.872569 1357 221 1394 302
person 0.837505 1757 211 1793 303
person 0.834360 1616 192 1652 269
person 0.818887 1188 201 1219 284
person 0.765571 395 116 1846 305
person 0.680147 526 158 546 190
person 0.630575 1449 167 1473 226
person 0.619770 219 169 242 210
person 0.585604 555 153 573 186
person 0.522810 1862 161 1893 225
person 0.488566 1582 168 1607 227
person 0.486331 943 229 969 282
person 0.412870 856 229 878 279
person 0.423970 815 161 829 178
person 0.348650 412 161 428 189
person 0.306417 1490 167 1511 226
person 0.283482 1 261 23 290
person 0.287326 759 145 770 164
person 0.264008 458 162 477 191
person 0.256744 830 148 841 170
person 0.993944 1481 259 1534 390
person 0.991042 397 228 442 321
person 0.988691 950 262 992 381
person 0.979377 1012 231 1043 330
person 0.968049 1145 239 1178 350
person 0.940292 1055 295 1103 465
person 0.903555 1189 201 1222 286
person 0.899554 1295 209 1326 309
person 0.891148 1746 210 1784 304
person 0.871255 846 206 881 286
person 0.863721 1616 191 1651 270
person 0.841889 1361 218 1396 305
person 0.746092 399 116 1846 305
person 0.664793 527 159 547 190
person 0.599402 555 154 572 186
person 0.581579 1450 167 1473 223
person 0.553546 219 169 242 210
person 0.539494 1583 169 1607 227
person 0.532725 1861 162 1892 226
person 0.418194 815 161 830 179
person 0.359168 943 230 969 280
person 0.328956 1491 167 1512 225
person 0.319916 413 162 429 190
person 0.301066 1883 164 1906 223
person 0.295713 830 147 842 171
person 0.265087 1 261 22 291
person 0.271238 484 159 499 185
person 0.256689 758 145 769 164
