person 0.992515 398 228 442 320
person 0.992305 1480 259 1534 391
person 0.980148 949 264 994 381
person 0.975573 1013 233 1044 331
person 0.959393 1146 239 1178 349
person 0.955511 1054 291 1103 469
person 0.925560 1747 211 1784 303
person 0.913716 1191 202 1225 287
person 0.884564 1294 209 1326 308
person 0.856451 847 208 883 293
person 0.834821 1616 188 1652 264
person 0.785260 1363 218 1398 306
person 0.738215 396 116 1847 307
person 0.668247 527 160 548 191
person 0.575337 1449 167 1472 224
person 0.542598 219 169 242 210
person 0.494358 1861 161 1891 225
person 0.488297 1583 168 1607 228
person 0.411843 555 155 572 184
person 0.347862 855 228 879 280
person 0.357673 814 161 829 179
person 0.321124 1 261 23 290
person 0.310222 1490 165 1512 226
person 0.304071 947 224 978 301
person 0.301895 829 146 841 171
person 0.275385 1886 164 1907 223
person 0.995489 1480 261 1533 391
person 0.990039 949 261 995 381
person 0.990029 399 228 441 320
person 0.970536 1146 239 1179 349
person 0.967097 1744 212 1783 304
person 0.964468 1013 234 1045 329
person 0.963849 1055 292 1104 467
person 0.902411 1295 209 1326 309
person 0.899492 1193 203 1225 285
person 0.899076 1365 220 1400 308
person 0.867474 1616 192 1652 269
person 0.793451 380 117 1860 305
person 0.791946 849 206 882 286
person 0.655695 528 159 548 191
person 0.562069 1583 168 1607 227
person 0.539804 1862 158 1892 226
person 0.525628 1450 168 1472 223
person 0.517851 219 169 241 209
person 0.474451 554 154 572 186
person 0.369891 814 161 829 179
person 0.365423 951 224 979 288
person 0.339421 1 261 23 290
person 0.320337 1492 168 1512 226
person 0.302706 1380 193 1404 237
person 0.291763 1888 162 1908 223
person 0.275018 829 146 842 170
person 0.265924 482 159 498 187
person 0.257236 457 164 476 191
