person 0.996814 1477 261 1533 391
person 0.986199 949 264 998 379
person 0.980296 399 229 444 321
person 0.971104 1742 211 1782 306
person 0.967114 1147 238 1179 349
person 0.963613 1055 297 1105 464
person 0.921577 1295 208 1326 309
person 0.892922 1015 234 1045 327
person 0.881205 1366 215 1402 308
person 0.869566 1194 203 1226 286
person 0.846423 850 208 884 294
person 0.797650 1616 188 1651 264
person 0.770561 550 119 1915 301
person 0.740832 527 159 550 192
person 0.574463 220 168 244 211
person 0.559052 1583 169 1607 227
person 0.520280 1861 159 1890 224
person 0.495815 1451 167 1472 222
person 0.438002 554 155 572 185
person 0.421031 856 228 880 281
person 0.385330 814 161 829 179
person 0.365400 1891 162 1911 221
person 0.359857 1377 190 1401 239
person 0.349612 953 226 981 286
person 0.325631 2 262 23 290
person 0.337553 1493 167 1513 224
person 0.313102 481 159 496 185
person 0.269581 456 164 475 192
person 0.260371 829 146 842 171
person 0.996803 1476 260 1531 391
person 0.984057 950 261 998 378
person 0.979745 400 228 443 321
person 0.963676 1737 211 1782 305
person 0.963635 1147 239 1179 349
person 0.955180 1055 292 1106 467
person 0.891186 850 209 884 294
person 0.888747 1295 208 1326 308
person 0.843453 1196 202 1227 286
person 0.824135 1615 192 1652 270
person 0.796016 1015 233 1045 325
person 0.745801 1368 218 1403 306
person 0.743134 527 159 549 192
person 0.741246 372 118 1870 306
person 0.662208 220 169 244 211
person 0.543180 553 154 572 187
person 0.480442 1583 169 1607 227
person 0.476723 1861 158 1890 225
person 0.460316 1452 167 1472 222
person 0.447267 815 161 830 179
person 0.359816 1 261 24 290
person 0.369043 1890 161 1911 223
person 0.333285 481 159 496 185
person 0.311278 955 225 983 284
person 0.284978 457 164 476 191
person 0.279526 1378 190 1402 240
person 0.271196 1494 170 1513 221
person 0.256150 1088 145 1101 168
