person 0.997896 1475 260 1530 389
person 0.972450 1144 238 1179 349
person 0.968771 1733 213 1783 304
person 0.964509 402 226 444 321
person 0.960469 952 264 1001 376
person 0.932729 1296 208 1328 309
person 0.918993 1055 291 1108 469
person 0.901489 850 210 886 292
person 0.879124 1020 231 1055 326
person 0.862949 1197 203 1228 287
person 0.858876 1615 192 1652 269
person 0.858436 1370 216 1404 308
person 0.768416 527 159 549 193
person 0.760741 365 117 1875 305
person 0.576026 220 169 243 210
person 0.551311 1583 169 1607 227
person 0.473706 555 154 572 185
person 0.465895 1860 158 1890 225
person 0.422344 1451 167 1472 222
person 0.400311 815 161 830 178
person 0.365314 456 164 475 193
person 0.316080 2 262 24 290
person 0.329740 1890 162 1911 223
person 0.312725 482 160 496 185
person 0.311738 955 231 991 330
person 0.309834 411 163 426 189
person 0.283959 1495 170 1514 222
person 0.251900 1378 192 1400 236
person 0.251698 850 139 862 165
person 0.996683 1474 259 1527 388
person 0.979993 403 225 444 322
person 0.970289 1145 238 1179 349
person 0.963798 1731 212 1781 304
person 0.949285 1295 208 1327 309
person 0.937516 952 265 1002 375
person 0.906896 851 210 886 293
person 0.902637 1021 231 1053 323
person 0.879553 1197 202 1228 288
person 0.867701 1056 293 1108 465
person 0.838233 1615 191 1651 270
person 0.833900 528 159 550 192
person 0.771115 367 116 1870 304
person 0.701379 1371 209 1404 309
person 0.670523 220 169 244 211
person 0.509982 957 229 993 335
person 0.505591 1583 169 1607 226
person 0.501921 554 154 572 186
person 0.435983 455 164 474 193
person 0.428340 411 161 427 191
person 0.409405 816 161 831 178
person 0.357035 1861 158 1890 224
person 0.328488 2 262 24 290
person 0.344817 1452 166 1472 222
person 0.296537 482 160 496 183
person 0.289871 1891 163 1911 222
person 0.270989 1495 170 1514 223
person 0.254688 1375 191 1398 241
