person 0.996997 1474 255 1527 389
person 0.973159 1143 235 1182 341
person 0.971573 1728 210 1779 304
person 0.968192 1295 208 1329 310
person 0.967570 408 225 447 321
person 0.951353 1023 230 1055 324
person 0.935004 951 267 1002 378
person 0.899818 1057 293 1108 466
person 0.894427 1198 204 1229 286
person 0.871481 850 207 886 286
person 0.832855 1372 210 1408 308
person 0.831151 1615 191 1652 270
person 0.796152 529 159 550 191
person 0.775916 367 116 1873 303
person 0.675583 221 168 244 211
person 0.571358 554 154 572 186
person 0.513693 1583 169 1607 225
person 0.433028 455 163 473 193
person 0.428028 411 161 427 190
person 0.410052 1375 193 1397 239
person 0.402850 816 161 831 178
person 0.367895 959 227 992 331
person 0.333513 1454 165 1473 222
person 0.303040 1 262 23 290
person 0.287349 1892 163 1912 221
person 0.282169 482 160 496 184
person 0.269747 856 229 881 279
person 0.269937 1862 159 1890 223
person 0.994210 1473 251 1524 389
person 0.978046 1143 235 1181 341
person 0.968813 1728 212 1776 304
person 0.965877 1295 207 1330 311
person 0.947422 1023 229 1056 327
person 0.942467 410 225 447 320
person 0.918683 954 270 1003 377
person 0.912710 1056 299 1107 459
person 0.902486 849 207 886 286
person 0.888388 1615 191 1652 270
person 0.852671 1198 204 1230 286
person 0.776806 1373 183 1405 304
person 0.775952 360 117 1879 304
person 0.752980 529 160 547 190
person 0.675898 220 168 245 211
person 0.536803 1583 168 1607 225
person 0.520553 557 155 573 183
person 0.495827 962 229 996 330
person 0.460949 412 161 428 191
person 0.453666 455 163 473 193
person 0.427794 816 161 831 178
person 0.379241 2 262 24 289
person 0.370447 1453 166 1473 221
person 0.333935 483 160 497 185
person 0.271564 1861 160 1890 223
