person 0.996064 1472 253 1524 386
person 0.983673 1726 212 1774 304
person 0.979750 1143 235 1181 340
person 0.976521 1295 207 1330 312
person 0.963786 1025 229 1057 328
person 0.959239 413 222 450 311
person 0.950640 955 266 1004 377
person 0.936347 1055 296 1111 442
person 0.911609 848 207 886 286
person 0.889222 1615 191 1652 270
person 0.803467 1198 202 1230 285
person 0.792553 527 159 549 191
person 0.791103 1371 186 1406 300
person 0.780713 353 115 1882 300
person 0.636005 219 168 244 211
person 0.568653 1582 167 1607 226
person 0.547776 553 154 572 185
person 0.502348 817 161 832 179
person 0.456206 452 164 471 194
person 0.413306 1452 165 1472 222
person 0.355740 1 262 23 290
person 0.360939 413 162 429 190
person 0.324741 483 160 497 184
person 0.260146 963 229 995 328
person 0.995508 1471 246 1520 393
person 0.984950 1294 207 1331 312
person 0.984361 1725 212 1770 304
person 0.974451 1144 235 1181 341
person 0.959420 1026 229 1058 328
person 0.935629 1057 296 1110 441
person 0.925875 415 223 450 323
person 0.895518 848 207 887 286
person 0.885992 1615 191 1652 270
person 0.874823 1372 208 1411 306
person 0.858793 961 270 1005 375
person 0.822091 1205 203 1236 284
person 0.722703 351 118 1884 300
person 0.704782 221 160 245 205
person 0.693265 527 160 548 190
person 0.531803 1583 168 1607 225
person 0.520219 553 154 572 185
person 0.468838 816 161 832 179
person 0.456948 968 227 993 290
person 0.375949 1452 166 1473 222
person 0.357974 453 164 471 193
person 0.321451 1 261 23 290
person 0.305336 483 160 497 184
person 0.290930 413 162 429 190
person 0.267200 1892 163 1911 222
person 0.263702 1086 143 1100 167
