person 0.995810 1470 244 1518 394
person 0.984771 1294 207 1331 312
person 0.980529 1725 210 1768 303
person 0.974538 1144 234 1179 341
person 0.963435 1027 229 1060 332
person 0.957526 963 262 1007 377
person 0.947152 416 223 452 323
person 0.939158 1056 297 1108 440
person 0.898789 1207 202 1236 285
person 0.887965 849 206 888 286
person 0.848074 1615 191 1652 270
person 0.758905 1373 211 1410 307
person 0.739475 346 118 1890 301
person 0.727472 221 160 244 204
person 0.587395 527 160 548 190
person 0.552131 970 225 994 284
person 0.544501 1583 168 1607 226
person 0.542335 1390 217 1422 304
person 0.496624 553 154 573 186
person 0.471279 816 161 831 179
person 0.444706 1451 167 1472 222
person 0.324610 1 261 22 290
person 0.350969 453 164 471 193
person 0.307560 483 160 497 184
person 0.286433 413 162 429 189
person 0.272604 1369 193 1393 242
person 0.255358 852 142 864 166
person 0.994642 1470 245 1517 396
person 0.984191 1294 207 1330 313
person 0.976113 1027 229 1061 331
person 0.974783 1725 210 1766 302
person 0.971391 1144 234 1179 341
person 0.964750 417 224 453 322
person 0.933999 1059 303 1104 454
person 0.890538 968 265 1007 377
person 0.884244 1615 191 1651 270
person 0.879241 850 207 888 286
person 0.865076 1208 203 1236 283
person 0.831578 1391 219 1423 302
person 0.772379 221 160 245 203
person 0.715111 358 118 1885 303
person 0.667432 1374 215 1410 304
person 0.666349 527 161 548 190
person 0.565204 1582 168 1607 226
person 0.469850 1451 168 1473 223
person 0.433329 1365 189 1391 243
person 0.427442 553 154 572 184
person 0.401971 816 160 831 178
person 0.371976 972 220 1000 337
person 0.317939 1 261 22 290
person 0.338313 484 159 498 183
person 0.322978 454 164 472 192
person 0.313404 851 141 864 166
person 0.272683 972 229 995 286
person 0.267659 1116 152 1134 191
