person 0.994122 1468 244 1515 399
person 0.986818 1293 207 1330 312
person 0.977953 968 262 1010 377
person 0.974548 1027 231 1063 330
person 0.970189 1724 210 1763 305
person 0.970092 1144 235 1178 340
person 0.963683 417 224 455 322
person 0.902225 1392 220 1425 302
person 0.882956 1061 305 1102 457
person 0.879885 1210 202 1237 285
person 0.877142 850 207 888 285
person 0.871288 1615 191 1651 270
person 0.790368 1364 192 1390 247
person 0.750540 222 160 246 205
person 0.724331 334 118 1908 299
person 0.679789 526 161 545 189
person 0.588791 1583 168 1607 226
person 0.481375 1372 216 1407 306
person 0.454054 554 155 572 184
person 0.444706 1451 168 1472 222
person 0.428641 974 226 1000 282
person 0.367055 455 164 473 192
person 0.346563 483 159 496 184
person 0.326829 816 161 830 177
person 0.300165 1 261 22 289
person 0.281969 851 140 863 166
person 0.274384 1778 196 1809 232
person 0.269929 1117 153 1134 190
person 0.267688 831 147 844 172
person 0.254154 857 231 883 277
person 0.253688 1494 169 1513 219
person 0.994657 1468 246 1515 398
person 0.978394 1294 207 1330 312
person 0.972772 1145 234 1178 341
person 0.958139 1029 230 1063 332
person 0.956279 1722 210 1762 304
person 0.949808 419 225 457 321
person 0.905541 1391 223 1426 301
person 0.887677 851 207 888 285
person 0.876896 1615 192 1652 270
person 0.863508 970 264 1009 377
person 0.855764 1212 202 1239 286
person 0.819272 1061 302 1102 459
person 0.799367 1363 192 1389 248
person 0.749525 526 161 545 191
person 0.716088 223 160 246 204
person 0.697963 332 118 1907 303
person 0.632430 1582 167 1607 227
person 0.507356 554 156 572 185
person 0.484625 976 223 1006 338
person 0.449438 1451 168 1472 223
person 0.382412 816 160 831 178
person 0.351599 455 164 472 192
person 0.313670 1 261 22 290
person 0.308127 1372 218 1410 306
person 0.275771 1494 169 1513 220
person 0.271646 831 148 844 172
person 0.257064 851 141 863 166
person 0.252930 484 160 497 183
