person 0.992684 1469 247 1514 394
person 0.982218 1294 208 1329 312
person 0.971842 1145 233 1177 341
person 0.952140 1722 211 1760 301
person 0.951800 1030 230 1065 334
person 0.925886 849 207 889 286
person 0.923179 418 225 458 320
person 0.913379 1214 202 1241 284
person 0.902026 1394 222 1428 300
person 0.899935 971 261 1008 378
person 0.871629 1615 192 1651 269
person 0.826982 1060 299 1101 460
person 0.802948 1360 190 1387 251
person 0.759997 223 160 247 205
person 0.757765 526 160 545 191
person 0.680090 348 120 1891 301
person 0.570702 1583 167 1606 226
person 0.558759 554 155 572 186
person 0.502348 1452 169 1473 221
person 0.497071 976 223 1007 337
person 0.406070 816 161 830 178
person 0.338317 1 262 23 289
person 0.349581 456 164 473 192
person 0.288890 484 159 497 184
person 0.265245 852 142 864 166
person 0.994689 1468 248 1515 393
person 0.983764 1294 208 1329 313
person 0.972930 1145 233 1177 341
person 0.960792 1213 202 1243 284
person 0.955506 1034 230 1069 334
person 0.943649 971 260 1010 377
person 0.936158 419 227 458 319
person 0.934021 848 206 889 287
person 0.911090 1396 224 1430 301
person 0.865825 1721 211 1759 302
person 0.856797 1059 293 1103 445
person 0.836682 1615 192 1651 269
person 0.765816 1361 191 1386 253
person 0.717383 526 159 546 190
person 0.708206 224 161 248 205
person 0.682978 326 122 1909 299
person 0.554947 1583 167 1607 225
person 0.543496 554 154 573 185
person 0.450879 1452 170 1472 220
person 0.405192 816 161 831 178
person 0.335851 1 262 23 290
person 0.361518 455 163 473 193
person 0.300736 483 159 497 183
person 0.288455 977 222 1009 338
person 0.281052 852 142 864 166
person 0.258739 411 163 428 191
