person 0.989816 1771 261 1824 382
person 0.983857 774 271 822 412
person 0.970359 1037 276 1084 401
person 0.957513 1119 235 1154 332
person 0.953273 1221 203 1253 285
person 0.948846 1438 219 1479 313
person 0.928467 1588 207 1621 305
person 0.924549 954 217 984 295
person 0.897653 491 164 509 197
person 0.894621 631 280 680 393
person 0.882373 1661 220 1706 311
person 0.806870 1304 211 1337 299
person 0.786009 678 160 695 190
person 0.772247 1270 202 1302 280
person 0.724614 664 229 690 281
person 0.595171 598 163 611 191
person 0.592217 251 126 1695 303
person 0.565620 439 186 461 209
person 0.561523 558 164 571 189
person 0.546458 539 164 552 190
person 0.483156 637 161 650 187
person 0.403551 1032 232 1073 374
person 0.337821 785 241 807 284
person 0.332498 817 164 828 183
person 0.314346 1424 193 1449 250
person 0.286775 1785 215 1816 268
person 0.272947 229 162 248 191
person 0.978037 1773 261 1823 379
person 0.973531 1036 274 1085 401
person 0.973125 778 272 820 407
person 0.962719 1439 219 1478 312
person 0.957835 1589 208 1622 304
person 0.957345 1120 235 1155 331
person 0.942150 1221 204 1251 284
person 0.910401 491 164 509 196
person 0.890830 1662 220 1705 311
person 0.889048 954 216 985 294
person 0.880956 631 281 680 392
person 0.788335 1304 210 1335 298
person 0.756364 679 162 695 190
person 0.756825 1270 202 1301 280
person 0.723961 665 229 690 281
person 0.592965 439 186 461 209
person 0.578797 249 127 1696 303
person 0.575553 540 164 552 191
person 0.506599 561 165 573 189
person 0.502679 597 165 609 190
person 0.434647 636 163 649 187
person 0.381610 1423 194 1447 246
person 0.362647 1032 240 1066 321
person 0.357994 787 240 809 285
person 0.355165 817 162 829 183
person 0.286056 230 162 248 193
person 0.263253 1785 215 1816 269
