person 0.991898 985 280 1027 402
person 0.989500 1175 240 1216 353
person 0.986985 913 236 947 324
person 0.965389 1513 238 1563 325
person 0.949711 1043 290 1082 402
person 0.923920 1226 227 1252 334
person 0.900981 1611 222 1653 306
person 0.898507 1655 218 1696 304
person 0.855850 670 284 713 388
person 0.825603 1353 204 1394 306
person 0.762830 485 168 501 195
person 0.758043 1463 198 1497 275
person 0.750305 1027 211 1052 276
person 0.740894 685 221 706 264
person 0.740314 645 163 659 191
person 0.708369 522 165 537 193
person 0.680120 1761 238 1808 315
person 0.630343 1308 206 1343 283
person 0.598309 260 126 1919 308
person 0.550702 676 166 690 191
person 0.438278 439 188 461 211
person 0.396075 565 163 578 185
person 0.340360 1847 198 1891 274
person 0.270934 1 267 20 296
person 0.308973 821 169 831 186
person 0.280961 1324 209 1349 271
person 0.274061 995 232 1017 281
person 0.272067 1002 216 1024 270
person 0.994805 986 276 1029 402
person 0.991494 916 234 947 325
person 0.990998 1177 240 1220 353
person 0.948721 1516 238 1567 327
person 0.942633 674 266 717 386
person 0.928219 1048 291 1083 398
person 0.923509 1609 221 1654 307
person 0.915735 1228 228 1255 333
person 0.905713 1656 215 1697 304
person 0.857836 1467 198 1502 275
person 0.849591 1353 205 1393 305
person 0.814542 1760 236 1812 315
person 0.763199 486 168 501 195
person 0.703688 644 163 659 190
person 0.699207 524 165 538 193
person 0.670844 685 221 707 266
person 0.650858 1316 202 1351 286
person 0.600471 257 123 1919 305
person 0.544632 676 163 691 190
person 0.501357 1027 212 1051 276
person 0.453298 440 188 460 211
person 0.424098 565 163 578 187
person 0.364926 1847 199 1891 274
person 0.261542 1 266 20 296
person 0.309579 1004 215 1026 272
person 0.294932 822 169 833 185
person 0.284655 1708 195 1736 235
person 0.250546 998 230 1020 280
