person 0.991746 1466 251 1513 389
person 0.979704 1293 209 1329 313
person 0.978144 1144 234 1178 341
person 0.953654 1214 203 1245 285
person 0.951737 1035 231 1069 333
person 0.944324 420 226 458 320
person 0.926456 1399 223 1434 303
person 0.918190 972 261 1010 378
person 0.903215 850 206 888 287
person 0.896304 1711 211 1748 304
person 0.879094 1058 289 1102 449
person 0.848236 1615 192 1651 270
person 0.758481 223 160 250 207
person 0.727300 330 121 1913 299
person 0.712882 527 159 547 190
person 0.670750 1359 190 1384 252
person 0.567267 1583 167 1606 226
person 0.552838 554 155 572 185
person 0.475426 816 161 831 179
person 0.470559 1453 171 1473 220
person 0.425547 454 162 473 194
person 0.416507 977 222 1011 340
person 0.329189 1 262 23 289
person 0.330688 411 162 427 192
person 0.304387 484 159 498 184
person 0.301211 853 143 865 166
person 0.286452 1779 194 1811 231
person 0.995193 1465 251 1512 388
person 0.977273 1293 209 1330 313
person 0.976326 973 265 1011 378
person 0.973823 1145 234 1178 341
person 0.965654 1039 231 1071 334
person 0.962329 1217 202 1248 284
person 0.953173 419 226 458 320
person 0.941115 1708 207 1747 304
person 0.922395 850 206 888 287
person 0.904476 1059 290 1103 447
person 0.887413 1403 221 1439 304
person 0.874799 1615 192 1650 270
person 0.819654 224 160 250 206
person 0.769270 527 159 547 190
person 0.687700 339 120 1903 297
person 0.583943 1582 167 1606 227
person 0.550075 554 155 572 186
person 0.544523 1358 191 1384 251
person 0.483574 1453 171 1473 220
person 0.421070 453 164 472 194
person 0.418856 815 161 830 178
person 0.314693 1 262 23 290
person 0.309407 483 159 497 184
person 0.299909 412 163 428 192
person 0.284217 986 225 1014 288
person 0.256477 852 142 864 166
person 0.254851 1779 195 1811 232
