person 0.995123 1464 249 1512 388
person 0.977786 1293 210 1330 312
person 0.975099 1706 206 1744 303
person 0.973928 1145 234 1178 341
person 0.972800 1042 231 1074 331
person 0.961579 1216 202 1248 284
person 0.953752 972 262 1013 379
person 0.913239 1059 289 1103 448
person 0.896684 420 226 459 320
person 0.895228 850 206 888 287
person 0.886490 1615 192 1651 269
person 0.830687 225 160 249 205
person 0.817288 1406 220 1442 302
person 0.756084 528 159 547 190
person 0.687192 341 120 1898 296
person 0.636462 554 155 572 186
person 0.559104 1358 191 1383 252
person 0.554533 1582 168 1606 226
person 0.501616 1403 253 1436 298
person 0.443298 816 161 830 178
person 0.423037 1454 170 1474 220
person 0.375817 453 164 472 195
person 0.363829 982 229 1017 331
person 0.301189 1 262 23 290
person 0.305086 411 163 427 192
person 0.304325 484 160 498 185
person 0.295038 851 141 864 166
person 0.995581 1464 247 1512 391
person 0.978457 1146 233 1178 341
person 0.976161 1707 205 1743 304
person 0.976127 1293 210 1330 312
person 0.974184 1219 202 1251 285
person 0.964595 1044 230 1075 333
person 0.953036 425 223 468 322
person 0.939145 973 265 1013 378
person 0.934563 1406 221 1446 302
person 0.914140 1059 289 1104 448
person 0.878667 1615 193 1652 269
person 0.870679 852 206 888 287
person 0.829315 225 160 251 205
person 0.697229 529 158 548 189
person 0.643737 354 121 1882 298
person 0.636852 553 155 571 187
person 0.539177 1582 168 1606 226
person 0.501648 1357 190 1382 254
person 0.473852 453 163 472 195
person 0.401387 815 160 830 178
person 0.359372 1454 170 1475 220
person 0.359174 985 223 1016 302
person 0.328954 411 163 427 192
person 0.291043 1 262 23 290
person 0.309763 483 160 497 185
person 0.255355 857 229 883 280
person 0.260125 829 147 842 171
person 0.259001 851 141 863 167
