person 0.988932 1464 247 1508 388
person 0.979975 1702 206 1744 304
person 0.978571 1145 234 1178 341
person 0.974121 1294 210 1330 313
person 0.967385 1060 289 1104 448
person 0.964525 1220 202 1251 285
person 0.955774 425 224 468 321
person 0.930043 1047 229 1077 327
person 0.889034 1614 192 1652 269
person 0.871439 1409 222 1451 301
person 0.861240 853 207 888 286
person 0.841250 972 264 1013 378
person 0.805778 225 160 250 204
person 0.762757 529 156 549 190
person 0.629818 552 154 571 187
person 0.625535 366 121 1875 302
person 0.547205 1582 167 1606 226
person 0.527851 451 163 472 195
person 0.397701 1349 188 1376 251
person 0.378364 984 229 1021 328
person 0.370381 815 159 831 179
person 0.355340 482 159 498 185
person 0.311791 1453 169 1474 220
person 0.276454 1 261 23 290
person 0.296324 828 147 842 172
person 0.274245 412 163 430 192
person 0.992249 1464 248 1506 384
person 0.980838 1145 233 1178 342
person 0.980266 1294 210 1330 312
person 0.975121 1696 207 1743 305
person 0.974534 1060 286 1105 449
person 0.959982 425 225 468 321
person 0.958671 1220 202 1253 286
person 0.951360 1046 228 1078 328
person 0.909330 973 265 1012 377
person 0.890123 1615 192 1652 270
person 0.874429 854 207 889 286
person 0.767586 226 160 249 203
person 0.755927 1412 222 1452 306
person 0.753433 530 156 549 189
person 0.702373 358 119 1885 301
person 0.630194 552 154 572 187
person 0.573943 451 163 471 194
person 0.532036 1581 167 1606 226
person 0.471650 1348 188 1376 254
person 0.351533 815 159 831 178
person 0.305633 1 262 23 290
person 0.331706 483 159 498 184
person 0.331530 1452 167 1474 223
person 0.326047 828 147 842 173
person 0.310948 985 230 1024 328
person 0.286131 413 163 430 192
person 0.260411 858 229 883 279
