person 0.991884 1461 248 1506 383
person 0.979668 1146 233 1178 342
person 0.978765 1293 210 1330 311
person 0.977373 1695 209 1742 305
person 0.964528 426 223 467 322
person 0.963267 1061 289 1104 447
person 0.947271 1225 201 1254 286
person 0.917354 1048 227 1078 326
person 0.913179 855 207 890 286
person 0.894958 1615 192 1652 271
person 0.852348 974 271 1011 376
person 0.816893 1412 224 1454 304
person 0.784512 225 160 249 206
person 0.771397 529 157 549 189
person 0.715091 350 119 1891 300
person 0.657144 450 162 471 194
person 0.601309 1348 187 1376 253
person 0.589459 552 154 571 186
person 0.568232 1582 167 1606 226
person 0.466385 987 230 1024 327
person 0.410043 483 159 498 185
person 0.321124 1 262 23 290
person 0.340162 815 160 831 178
person 0.308811 1453 167 1474 221
person 0.301936 829 147 843 172
person 0.250149 415 164 431 191
person 0.990419 1460 245 1505 385
person 0.978760 1293 211 1332 311
person 0.978709 1146 233 1178 342
person 0.973202 1696 208 1737 305
person 0.962801 427 222 467 321
person 0.934914 1060 289 1107 446
person 0.924108 1225 200 1255 285
person 0.911198 1049 228 1078 327
person 0.894735 856 207 890 286
person 0.861172 1616 191 1652 271
person 0.825818 981 264 1022 379
person 0.769822 227 161 250 204
person 0.755516 1413 225 1456 305
person 0.720576 358 119 1880 299
person 0.689224 1348 188 1375 252
person 0.666171 528 157 548 189
person 0.513930 1583 168 1606 226
person 0.511624 452 161 472 193
person 0.462308 552 153 571 185
person 0.444334 989 229 1025 328
person 0.321980 1 261 22 290
person 0.322649 484 158 499 184
person 0.305233 814 160 830 178
person 0.277093 829 146 842 172
