person 0.978269 1692 208 1737 304
person 0.975119 1292 211 1330 311
person 0.968673 1146 234 1177 342
person 0.966761 1458 248 1504 380
person 0.965752 428 223 467 321
person 0.918609 981 263 1023 379
person 0.915889 855 207 891 286
person 0.908579 1227 200 1257 287
person 0.901269 1059 290 1109 440
person 0.896959 1048 229 1079 322
person 0.895039 1616 192 1653 270
person 0.773508 227 160 249 206
person 0.763199 345 122 1879 298
person 0.688856 527 157 547 191
person 0.599887 1346 192 1373 252
person 0.565553 450 162 471 195
person 0.507399 1060 231 1092 322
person 0.500052 1583 170 1606 226
person 0.479677 552 153 572 187
person 0.372053 814 160 830 179
person 0.337502 1 261 23 289
person 0.331524 994 231 1029 327
person 0.307122 1438 249 1486 366
person 0.288044 411 164 427 193
person 0.259437 1424 222 1461 301
person 0.979782 1691 209 1733 304
person 0.977538 1145 237 1178 351
person 0.975097 1291 212 1331 311
person 0.964830 430 224 468 321
person 0.953796 1229 201 1259 286
person 0.933040 856 210 891 291
person 0.920857 1058 292 1111 439
person 0.882368 1616 191 1653 271
person 0.875570 980 261 1026 379
person 0.860901 1048 230 1081 321
person 0.840150 1457 250 1503 379
person 0.774504 228 161 250 205
person 0.771957 334 121 1892 297
person 0.716915 528 158 547 191
person 0.701753 1346 192 1372 250
person 0.645282 1583 170 1606 226
person 0.529172 451 162 472 195
person 0.498308 553 155 572 186
person 0.413127 992 232 1030 334
person 0.316360 1 261 23 289
person 0.329003 1894 162 1914 223
person 0.305812 814 161 829 178
person 0.294071 1861 159 1889 222
person 0.282668 410 164 427 193
