person 0.979469 1691 210 1732 304
person 0.976535 1145 237 1177 351
person 0.976147 980 262 1026 380
person 0.974406 431 223 468 321
person 0.968450 1290 213 1330 311
person 0.952670 1057 294 1112 438
person 0.922992 1232 200 1260 287
person 0.914688 857 210 891 291
person 0.911098 1456 249 1505 379
person 0.878857 1617 191 1653 271
person 0.801534 350 121 1882 299
person 0.801661 1059 233 1094 321
person 0.775328 228 160 252 206
person 0.700053 528 158 547 190
person 0.658306 1583 170 1606 226
person 0.643404 1345 193 1370 251
person 0.584512 1005 226 1031 286
person 0.521067 451 161 472 195
person 0.483833 552 153 572 187
person 0.316983 1 261 23 290
person 0.309776 1862 160 1888 220
person 0.305575 411 164 427 194
person 0.297488 1894 162 1913 221
person 0.275504 814 161 830 177
person 0.264753 1449 167 1473 226
person 0.983268 432 224 469 320
person 0.979881 1146 237 1177 351
person 0.978130 1690 210 1729 305
person 0.973782 1290 213 1331 311
person 0.967117 1441 236 1495 376
person 0.956770 982 265 1028 379
person 0.952076 1058 294 1113 440
person 0.930941 1233 200 1261 288
person 0.911685 857 210 892 291
person 0.894406 1617 191 1652 272
person 0.853877 1060 233 1094 317
person 0.768106 350 121 1881 299
person 0.757363 229 161 251 205
person 0.721645 527 158 547 191
person 0.654117 1583 170 1606 227
person 0.639889 1343 194 1368 252
person 0.555360 552 153 572 189
person 0.456874 454 161 473 193
person 0.346389 1862 159 1889 221
person 0.316559 1 261 23 290
person 0.331579 1893 162 1912 222
person 0.323791 815 161 829 178
person 0.290195 485 158 500 184
person 0.273414 1005 228 1031 283
person 0.275792 410 165 426 192
person 0.270722 390 160 404 186
person 0.270772 1449 167 1473 225
person 0.269255 996 231 1033 328
person 0.253380 828 147 841 171
