person 0.985513 982 269 1028 381
person 0.981861 433 224 468 321
person 0.976204 1145 237 1178 352
person 0.967693 1291 212 1330 311
person 0.966223 1690 212 1726 303
person 0.953264 1059 294 1115 439
person 0.929637 1441 244 1494 371
person 0.902300 1059 232 1094 318
person 0.888998 1235 199 1262 289
person 0.871933 858 210 892 292
person 0.860173 1617 190 1652 272
person 0.767502 354 123 1874 303
person 0.701638 229 162 250 204
person 0.684727 1006 225 1033 286
person 0.623856 1583 170 1606 226
person 0.611519 1342 193 1366 251
person 0.587761 528 158 546 189
person 0.531228 553 154 571 187
person 0.310984 1 261 23 290
person 0.329868 453 161 472 191
person 0.308028 1862 159 1888 221
person 0.285812 391 160 405 187
person 0.278831 410 165 425 193
person 0.265008 1894 162 1912 222
person 0.261337 814 161 829 178
person 0.992391 984 270 1028 382
person 0.982464 434 225 469 321
person 0.975917 1147 237 1177 352
person 0.975255 1060 296 1115 435
person 0.970742 1689 212 1723 302
person 0.965039 1291 212 1330 311
person 0.960996 1442 232 1496 382
person 0.921743 1060 230 1095 318
person 0.895298 1236 200 1264 288
person 0.880544 858 208 891 285
person 0.858487 1617 191 1652 272
person 0.784369 1009 224 1033 286
person 0.758527 349 122 1891 303
person 0.666845 1583 170 1605 227
person 0.628212 229 163 249 203
person 0.561385 552 154 571 187
person 0.557377 1341 195 1365 248
person 0.558468 529 158 547 190
person 0.368070 486 158 500 184
person 0.338018 1 261 23 290
person 0.347598 1862 159 1889 221
person 0.331231 455 161 472 190
person 0.286688 826 147 839 173
person 0.271520 1894 161 1912 222
person 0.259584 814 159 829 178
