person 0.994390 983 269 1028 385
person 0.979869 434 226 469 319
person 0.978904 1059 295 1115 437
person 0.978745 1146 237 1177 353
person 0.962998 1443 233 1495 382
person 0.959985 1688 213 1723 302
person 0.953564 1291 213 1329 312
person 0.927949 1061 231 1096 318
person 0.882975 1237 202 1265 286
person 0.867344 1617 191 1653 271
person 0.828970 861 210 894 291
person 0.773238 367 121 1875 302
person 0.763602 1010 224 1034 285
person 0.717071 229 162 249 203
person 0.655520 529 158 547 191
person 0.623520 1583 170 1605 226
person 0.571251 1339 195 1363 247
person 0.570791 552 154 571 189
person 0.417840 485 158 499 185
person 0.375626 455 161 472 190
person 0.368047 1862 160 1888 221
person 0.307828 1 261 23 290
person 0.298847 1895 161 1913 222
person 0.282049 826 147 840 174
person 0.253077 815 159 829 178
person 0.991223 985 268 1029 383
person 0.980997 434 225 471 320
person 0.979965 1147 237 1177 352
person 0.976941 1060 291 1118 441
person 0.966679 1441 251 1494 378
person 0.950442 1685 212 1723 304
person 0.934928 1291 214 1329 311
person 0.916566 1062 229 1098 319
person 0.856417 1617 191 1654 271
person 0.850640 1238 202 1265 286
person 0.813341 861 211 895 291
person 0.761306 361 121 1884 305
person 0.727361 230 162 251 204
person 0.610905 1014 225 1038 284
person 0.560321 1583 170 1605 226
person 0.531513 531 158 549 190
person 0.514317 552 155 571 187
person 0.485970 1339 194 1362 247
person 0.416540 486 158 500 185
person 0.357732 454 161 471 189
person 0.344387 826 146 840 174
person 0.284083 1 261 23 290
person 0.304978 1862 159 1888 222
person 0.258103 1894 161 1912 223
