person 0.988838 985 269 1030 385
person 0.984723 433 224 471 321
person 0.977457 1060 292 1121 440
person 0.975137 1148 238 1177 352
person 0.973387 1443 253 1493 377
person 0.912268 1683 213 1722 305
person 0.912050 1289 213 1328 312
person 0.882849 1062 230 1098 319
person 0.853167 861 211 895 291
person 0.834188 1616 193 1653 270
person 0.745894 370 122 1878 303
person 0.710901 231 162 252 204
person 0.683503 529 158 548 190
person 0.618726 1015 224 1039 284
person 0.620994 1237 204 1267 283
person 0.615768 1583 170 1606 225
person 0.564689 485 158 499 186
person 0.489653 552 153 571 188
person 0.421048 454 161 472 190
person 0.372934 1338 207 1364 262
person 0.319913 1 262 22 290
person 0.300526 1467 219 1501 267
person 0.298164 1862 161 1888 221
person 0.297497 815 159 829 179
person 0.284178 556 145 573 179
person 0.994631 986 268 1030 386
person 0.986894 1061 287 1119 446
person 0.984653 433 224 472 321
person 0.982850 1442 252 1494 378
person 0.981854 1148 239 1177 352
person 0.889719 1290 215 1329 311
person 0.860670 1677 215 1711 303
person 0.847101 863 211 896 291
person 0.845340 1066 229 1098 320
person 0.779107 1616 193 1653 270
person 0.755269 374 123 1875 303
person 0.738309 232 161 252 206
person 0.732748 1017 224 1041 283
person 0.691670 529 159 547 191
person 0.592074 552 155 571 189
person 0.577492 1242 202 1272 284
person 0.560531 1583 170 1606 225
person 0.534278 486 158 500 186
person 0.504001 1336 196 1357 245
person 0.448739 453 162 470 191
person 0.331518 1 262 23 290
person 0.330821 1471 219 1504 268
person 0.299267 816 159 830 179
person 0.286121 1862 162 1888 221
