person 0.992797 986 269 1027 385
person 0.990458 433 225 474 321
person 0.987972 1440 255 1496 378
person 0.976763 1149 238 1178 353
person 0.975672 1062 285 1119 447
person 0.952304 1677 215 1709 305
person 0.898713 1290 214 1329 310
person 0.859223 1067 229 1100 319
person 0.846439 863 211 896 292
person 0.798935 1616 194 1652 271
person 0.794845 363 124 1884 303
person 0.732786 1241 203 1272 285
person 0.679192 231 162 252 204
person 0.649077 531 159 547 190
person 0.640483 553 156 570 190
person 0.627626 1018 226 1042 286
person 0.591460 486 159 500 186
person 0.537903 1583 170 1606 226
person 0.529464 451 163 468 191
person 0.432855 1334 194 1357 244
person 0.409188 1471 219 1506 299
person 0.325259 1 261 22 290
person 0.265258 391 162 406 189
person 0.263772 1449 173 1470 220
person 0.254817 413 166 429 192
person 0.991936 985 271 1027 385
person 0.991102 1440 252 1496 378
person 0.989713 433 225 472 321
person 0.975188 1674 215 1710 307
person 0.972105 1148 239 1178 352
person 0.949466 1062 279 1120 453
person 0.867254 1289 218 1329 310
person 0.850430 1068 228 1101 319
person 0.844667 864 210 895 292
person 0.836470 1615 194 1652 271
person 0.797693 349 124 1897 304
person 0.651807 553 156 570 190
person 0.642188 1241 203 1273 283
person 0.625614 529 159 545 190
person 0.613145 231 161 252 206
person 0.593080 1583 170 1606 226
person 0.501806 449 163 467 192
person 0.484005 1020 225 1052 304
person 0.459697 488 159 502 185
person 0.443902 391 162 406 190
person 0.436209 1331 194 1356 244
person 0.407480 1450 172 1472 221
person 0.384511 1481 217 1511 270
person 0.320941 1 262 22 290
person 0.292776 411 165 427 193
