person 0.996455 984 275 1031 400
person 0.993361 916 234 950 324
person 0.980463 1177 242 1222 352
person 0.947931 674 263 718 388
person 0.911076 1610 221 1654 307
person 0.901769 1657 215 1696 304
person 0.862638 1228 229 1257 337
person 0.845700 1532 233 1579 324
person 0.823887 1354 205 1391 306
person 0.796830 1761 237 1811 315
person 0.782094 1470 198 1509 274
person 0.775095 1049 292 1085 397
person 0.735620 487 168 502 195
person 0.709111 685 220 707 266
person 0.684273 523 163 537 191
person 0.680932 644 163 658 190
person 0.612062 276 125 1919 301
person 0.529248 1315 203 1351 284
person 0.470763 674 162 688 190
person 0.417947 1027 213 1051 274
person 0.412213 440 188 461 211
person 0.391477 565 163 578 187
person 0.368636 1849 199 1891 274
person 0.339449 998 215 1031 300
person 0.257452 1 266 20 296
person 0.305879 1005 219 1026 269
person 0.291852 822 168 833 186
person 0.287518 1480 200 1508 247
person 0.278351 1707 195 1735 234
person 0.997065 985 273 1031 399
person 0.993390 916 234 951 324
person 0.972290 1179 245 1224 352
person 0.936297 1533 232 1584 324
person 0.921313 1612 221 1655 307
person 0.915398 675 260 717 388
person 0.866841 1051 284 1096 404
person 0.839309 1657 213 1696 304
person 0.826437 1231 229 1258 334
person 0.804795 1475 199 1514 275
person 0.757675 487 167 502 195
person 0.722347 1355 210 1391 306
person 0.711513 1762 238 1813 315
person 0.707762 643 163 658 190
person 0.669797 524 164 537 191
person 0.635818 685 221 707 265
person 0.623621 270 124 1919 302
person 0.531715 678 162 693 189
person 0.479006 1001 214 1034 301
person 0.461915 440 189 461 211
person 0.463935 1315 202 1351 280
person 0.383034 1848 198 1891 274
person 0.356676 1007 219 1029 267
person 0.347519 1028 215 1051 269
person 0.328443 823 168 833 185
person 0.250830 1 266 20 296
person 0.258075 1482 213 1511 259
