person 0.992335 986 271 1027 384
person 0.990556 1437 252 1491 379
person 0.988192 434 225 470 321
person 0.974749 1148 238 1178 352
person 0.971708 1674 215 1709 305
person 0.939635 1062 282 1119 450
person 0.880840 1290 218 1329 311
person 0.858429 865 210 895 292
person 0.830165 1071 228 1102 320
person 0.804117 547 125 1915 305
person 0.800346 1615 194 1652 271
person 0.714908 1242 204 1273 283
person 0.712301 1486 219 1518 302
person 0.696326 554 156 571 189
person 0.637342 527 159 543 190
person 0.623845 232 159 255 208
person 0.552192 1025 233 1056 316
person 0.545212 1583 170 1606 226
person 0.500885 1331 194 1355 244
person 0.490692 489 159 502 186
person 0.467038 450 162 468 191
person 0.449690 390 162 405 190
person 0.380322 1451 172 1472 221
person 0.293254 1 262 22 290
person 0.266837 412 165 428 192
person 0.992749 987 270 1024 384
person 0.991133 1436 252 1489 379
person 0.984638 435 225 470 322
person 0.978822 1672 216 1708 306
person 0.978197 1148 237 1179 353
person 0.923817 1062 282 1118 451
person 0.890481 1289 218 1328 309
person 0.871711 864 209 895 292
person 0.848249 1074 226 1102 322
person 0.800099 1615 194 1651 271
person 0.796187 350 123 1895 302
person 0.783804 1492 219 1522 303
person 0.735414 554 155 571 189
person 0.680010 1242 205 1275 283
person 0.647005 232 161 253 206
person 0.641028 528 159 545 190
person 0.574819 1328 194 1354 241
person 0.564505 1583 170 1606 226
person 0.518268 1027 225 1051 292
person 0.490162 488 160 502 186
person 0.435764 390 162 404 190
person 0.410845 450 163 467 192
person 0.359380 1450 171 1472 222
person 0.316866 1 261 22 290
person 0.305844 412 164 428 192
person 0.292004 814 159 831 179
