person 0.991326 988 271 1022 384
person 0.990078 434 225 471 322
person 0.986870 1437 248 1491 379
person 0.971059 1147 239 1178 352
person 0.967614 1669 214 1706 307
person 0.941475 1062 286 1119 449
person 0.870888 864 210 896 291
person 0.866641 1077 229 1105 320
person 0.865791 1291 218 1329 309
person 0.832877 350 121 1897 304
person 0.771001 1614 194 1651 271
person 0.757009 555 155 572 189
person 0.753135 528 159 545 190
person 0.637771 234 160 257 206
person 0.623596 1493 221 1524 301
person 0.623230 488 159 501 186
person 0.610981 1582 170 1606 226
person 0.581781 1244 205 1277 281
person 0.560655 1326 193 1351 242
person 0.531174 1027 226 1051 291
person 0.446057 389 162 403 189
person 0.444563 451 162 467 190
person 0.414152 1449 171 1472 222
person 0.315715 1 261 23 290
person 0.293301 814 159 831 179
person 0.260754 414 164 429 190
person 0.991067 432 225 471 322
person 0.989772 1437 249 1487 378
person 0.988662 987 271 1021 384
person 0.976828 1669 215 1706 308
person 0.975787 1147 239 1178 351
person 0.930992 1075 230 1105 319
person 0.930042 1063 288 1120 446
person 0.885123 1292 216 1331 310
person 0.866706 864 210 896 290
person 0.862140 341 121 1901 302
person 0.780526 1613 194 1650 271
person 0.714742 1247 203 1278 282
person 0.710879 527 159 544 191
person 0.662581 236 160 259 206
person 0.660727 554 156 572 188
person 0.642397 488 160 502 186
person 0.565675 1493 225 1526 301
person 0.539902 1029 228 1054 294
person 0.504499 1583 171 1606 225
person 0.449587 388 162 403 188
person 0.443118 1326 192 1351 243
person 0.426593 450 162 466 190
person 0.401552 1448 171 1471 223
person 0.307291 1 261 22 289
person 0.308292 1115 151 1133 190
person 0.255898 815 158 831 179
person 0.251779 257 162 276 198
