person 0.991780 431 225 471 322
person 0.989951 1436 248 1483 378
person 0.985143 988 270 1020 384
person 0.981575 1667 215 1705 308
person 0.973020 1148 238 1178 352
person 0.955499 1062 291 1119 441
person 0.917675 1079 233 1108 321
person 0.862081 1294 216 1328 310
person 0.847707 864 211 897 290
person 0.826466 346 122 1900 301
person 0.788447 1614 193 1650 271
person 0.782143 1247 202 1278 284
person 0.715650 527 160 544 191
person 0.713985 1499 218 1534 299
person 0.699927 236 160 260 206
person 0.687737 489 160 502 187
person 0.676524 1032 224 1056 292
person 0.660378 554 156 572 188
person 0.502109 1583 171 1606 225
person 0.473215 448 161 465 191
person 0.469512 1327 193 1349 242
person 0.423863 388 161 403 189
person 0.399492 1449 170 1472 223
person 0.320248 1 261 23 289
person 0.325825 824 145 839 175
person 0.312939 256 161 276 199
person 0.299174 815 158 831 180
person 0.989813 431 224 471 322
person 0.989090 1436 247 1482 368
person 0.986575 988 270 1020 385
person 0.981750 1664 215 1705 309
person 0.977648 1065 291 1119 441
person 0.968080 1147 234 1178 341
person 0.903536 1079 231 1110 321
person 0.858553 1292 218 1328 309
person 0.815868 344 121 1901 302
person 0.812181 865 210 897 290
person 0.773578 1614 193 1650 271
person 0.763193 1502 219 1538 300
person 0.701920 525 159 543 192
person 0.673645 234 159 257 205
person 0.657237 1248 203 1279 283
person 0.652184 488 160 502 188
person 0.640202 554 156 573 189
person 0.579993 1034 226 1058 290
person 0.475819 447 161 464 191
person 0.463875 1583 171 1606 226
person 0.437335 1325 194 1349 242
person 0.434823 388 161 403 189
person 0.381984 1448 169 1471 224
person 0.347259 0 262 23 289
person 0.360352 824 144 840 176
person 0.280540 417 162 433 191
person 0.257269 815 157 831 180
