person 0.987996 988 270 1021 384
person 0.987304 1435 244 1482 371
person 0.985194 1665 214 1704 307
person 0.983191 430 223 472 323
person 0.977851 1063 295 1119 437
person 0.977311 1146 237 1178 352
person 0.921405 1507 220 1546 307
person 0.810985 546 124 1919 303
person 0.804826 1295 217 1332 308
person 0.804184 1079 228 1111 320
person 0.774663 864 208 896 284
person 0.769327 233 161 255 202
person 0.727175 1253 203 1283 282
person 0.711197 554 155 573 189
person 0.692632 1615 194 1651 271
person 0.637651 488 159 502 186
person 0.627411 525 157 544 190
person 0.613001 1034 222 1061 307
person 0.504135 1585 171 1607 225
person 0.427094 1322 193 1348 242
person 0.419879 448 161 465 191
person 0.393888 1 262 23 289
person 0.315757 388 161 403 188
person 0.306319 1450 169 1472 221
person 0.287037 814 158 831 180
person 0.285415 826 145 841 174
person 0.987234 1434 245 1481 367
person 0.987225 1064 293 1119 436
person 0.984705 1663 215 1704 307
person 0.982359 988 270 1021 384
person 0.976303 1146 237 1178 352
person 0.974941 430 223 473 322
person 0.951665 1512 218 1553 309
person 0.842646 1082 230 1114 321
person 0.838866 340 122 1905 303
person 0.801778 553 155 572 190
person 0.779967 1294 219 1331 307
person 0.768103 233 160 257 203
person 0.712431 864 208 896 284
person 0.692975 1036 222 1064 306
person 0.639548 1615 194 1652 272
person 0.614993 527 156 544 189
person 0.589735 487 158 501 186
person 0.491560 1257 202 1287 281
person 0.479997 1585 172 1607 225
person 0.460810 1322 193 1347 244
person 0.403451 388 162 403 188
person 0.359421 1 262 23 289
person 0.368002 815 158 831 180
person 0.357992 449 162 466 190
person 0.292845 1450 168 1472 220
