person 0.985043 1434 246 1480 366
person 0.983905 1064 286 1118 444
person 0.977161 988 271 1020 384
person 0.976924 1662 214 1702 305
person 0.976043 429 223 473 322
person 0.957817 1146 237 1178 352
person 0.949146 1515 218 1557 309
person 0.820750 341 121 1909 305
person 0.789529 234 160 255 203
person 0.782877 554 155 573 189
person 0.756511 1082 228 1116 324
person 0.726915 1296 217 1330 307
person 0.721889 865 209 896 284
person 0.711228 1039 222 1066 308
person 0.694014 527 158 545 189
person 0.625069 486 159 501 186
person 0.593179 1615 194 1651 271
person 0.567885 1261 202 1289 281
person 0.529149 1585 172 1607 224
person 0.442204 815 159 832 180
person 0.399191 447 162 465 191
person 0.359185 1323 193 1346 245
person 0.296679 1 262 22 289
person 0.308955 260 163 276 198
person 0.996750 1433 431 1494 630
person 0.994457 1513 407 1566 537
person 0.993380 520 424 562 523
person 0.986763 138 430 180 532
person 0.954897 1644 375 1686 464
person 0.950486 906 445 952 599
person 0.935923 1292 392 1329 490
person 0.931413 634 398 671 481
person 0.876707 1036 351 1059 407
person 0.873486 920 392 953 472
person 0.849932 817 357 844 409
person 0.834878 132 304 1783 456
person 0.779465 1212 351 1237 408
person 0.774227 1570 343 1596 395
person 0.757248 1618 315 1639 363
person 0.704736 1067 350 1090 405
person 0.663596 1369 337 1394 387
person 0.613843 779 344 798 384
person 0.574849 1348 335 1371 386
person 0.568616 940 340 957 379
person 0.466593 336 344 352 372
person 0.449300 1877 359 1908 453
person 0.427344 1483 367 1510 391
person 0.377818 639 422 661 466
person 0.396199 1289 342 1310 389
person 0.394253 1828 350 1845 366
person 0.352604 614 338 627 361
person 0.348015 342 335 357 363
person 0.328368 1849 351 1866 366
person 0.303671 957 343 972 383
person 0.272449 309 353 326 379
person 0.264769 376 336 389 362
person 0.252611 411 334 426 363
