person 0.997380 1434 432 1494 627
person 0.994406 1515 407 1567 538
person 0.989342 518 425 559 523
person 0.983872 138 430 181 531
person 0.965636 1291 393 1329 491
person 0.959545 1641 375 1688 465
person 0.935769 905 445 952 600
person 0.934929 633 398 670 480
person 0.902405 1618 316 1641 366
person 0.874612 1036 351 1060 407
person 0.864913 920 391 953 473
person 0.844832 1878 358 1913 461
person 0.798895 168 304 1753 457
person 0.752244 1212 352 1237 409
person 0.747981 818 361 844 409
person 0.739493 1067 349 1090 405
person 0.729743 1570 343 1596 396
person 0.687879 1368 336 1393 387
person 0.612081 1348 333 1372 388
person 0.496051 940 339 957 380
person 0.449550 335 343 352 373
person 0.427174 782 346 798 382
person 0.419860 1289 338 1311 390
person 0.362704 957 344 973 384
person 0.354175 788 362 809 400
person 0.303560 639 421 661 466
person 0.326382 341 336 357 363
person 0.294969 613 338 626 361
person 0.284086 1483 366 1510 391
person 0.260498 307 353 324 379
person 0.996088 1434 432 1493 628
person 0.989611 1514 408 1566 538
person 0.986835 516 425 559 524
person 0.966112 1287 395 1326 491
person 0.957917 145 431 183 532
person 0.948617 905 445 952 600
person 0.938032 632 397 671 481
person 0.932327 1634 374 1677 465
person 0.915091 919 391 952 472
person 0.869718 1036 351 1059 408
person 0.862894 1618 316 1641 368
person 0.804173 1879 357 1913 463
person 0.793993 1067 350 1090 406
person 0.754760 164 306 1764 457
person 0.746128 1569 341 1595 397
person 0.740616 818 361 845 408
person 0.695834 1211 351 1235 408
person 0.626046 1372 338 1395 388
person 0.588945 1348 336 1370 387
person 0.571048 939 340 956 380
person 0.490390 959 342 975 384
person 0.386467 781 345 799 380
person 0.383860 787 363 810 403
person 0.354508 1483 367 1510 391
person 0.338867 338 344 353 371
person 0.329675 1289 341 1310 388
person 0.294258 613 338 626 361
person 0.268858 342 337 357 362
