person 0.996437 1437 434 1494 630
person 0.987425 515 425 557 524
person 0.984831 1516 410 1566 536
person 0.959886 1284 397 1324 490
person 0.952871 1634 375 1677 466
person 0.950735 146 430 183 533
person 0.941484 904 445 953 601
person 0.935131 632 399 670 481
person 0.903276 919 391 953 472
person 0.872091 1036 351 1058 408
person 0.833761 1619 315 1641 368
person 0.820449 1067 350 1089 407
person 0.780485 163 304 1756 458
person 0.718355 1369 338 1393 388
person 0.703700 818 360 844 407
person 0.696513 1211 352 1235 405
person 0.696294 1882 355 1913 464
person 0.631058 1569 341 1595 398
person 0.590441 1348 336 1371 387
person 0.502918 937 340 954 381
person 0.426045 959 341 976 385
person 0.376298 638 421 661 466
person 0.383936 781 346 799 382
person 0.379541 1289 341 1310 391
person 0.373635 1484 367 1510 391
person 0.366751 788 361 811 402
person 0.358308 339 344 354 371
person 0.281882 612 337 624 361
person 0.993999 1436 437 1495 627
person 0.982536 1517 410 1566 536
person 0.980904 515 425 557 525
person 0.979360 146 432 185 533
person 0.964222 1633 377 1676 468
person 0.956598 904 445 952 601
person 0.926798 1282 399 1323 488
person 0.923506 633 399 671 481
person 0.900611 921 391 955 472
person 0.847073 1037 351 1059 408
person 0.817440 1622 318 1644 363
person 0.803820 1210 354 1235 407
person 0.793242 1067 351 1089 406
person 0.755829 159 306 1758 461
person 0.695897 819 358 844 408
person 0.675754 1373 337 1397 389
person 0.642465 1570 342 1595 397
person 0.604736 1348 337 1370 387
person 0.595033 1886 359 1914 460
person 0.560167 960 343 978 385
person 0.413266 785 359 810 403
person 0.345446 639 422 661 466
person 0.378888 938 341 955 379
person 0.362054 1290 345 1309 387
person 0.359145 339 344 355 372
person 0.304079 783 346 802 383
person 0.297734 1483 367 1510 391
person 0.296899 341 336 357 363
person 0.270102 613 337 626 362
