person 0.994191 1436 438 1493 628
person 0.983250 515 424 555 524
person 0.973314 1520 410 1567 536
person 0.972847 1282 397 1324 489
person 0.972051 146 433 186 532
person 0.959929 1633 379 1676 469
person 0.949641 905 445 952 601
person 0.940256 631 399 669 481
person 0.876907 1623 318 1644 366
person 0.875135 1036 350 1059 409
person 0.872553 922 390 954 473
person 0.821634 1210 352 1234 408
person 0.820243 1066 351 1089 406
person 0.729272 173 305 1746 458
person 0.700386 1372 338 1395 389
person 0.692981 818 356 844 408
person 0.624405 960 342 979 385
person 0.620985 1570 356 1596 401
person 0.602694 1349 337 1370 387
person 0.556591 1886 358 1915 459
person 0.429683 1290 343 1310 388
person 0.423342 938 341 954 378
person 0.394092 338 344 354 372
person 0.388273 1484 367 1510 390
person 0.335016 639 422 661 467
person 0.340347 786 358 810 403
person 0.293798 785 345 804 383
person 0.275257 340 336 357 363
person 0.259938 611 337 623 362
person 0.994699 1437 440 1493 629
person 0.984098 1280 393 1326 491
person 0.983345 513 424 553 525
person 0.975489 1520 411 1567 536
person 0.975068 149 431 190 532
person 0.961220 1631 378 1673 470
person 0.956383 905 444 952 602
person 0.924751 631 399 669 481
person 0.878336 1037 351 1059 408
person 0.869090 922 390 954 473
person 0.829279 1067 351 1089 405
person 0.804089 150 307 1761 457
person 0.803076 1625 319 1646 364
person 0.774698 1211 354 1235 402
person 0.744250 1372 337 1395 389
person 0.725205 819 358 843 409
person 0.630893 961 342 980 385
person 0.628843 1571 343 1595 397
person 0.625379 1349 337 1370 386
person 0.521858 341 345 356 373
person 0.433774 638 421 661 467
person 0.390708 1889 356 1915 458
person 0.394939 937 340 954 379
person 0.368746 1288 346 1307 383
person 0.347163 785 345 802 383
person 0.331754 1485 368 1509 391
person 0.313718 789 361 809 402
person 0.287177 378 344 391 369
person 0.280591 613 344 626 365
person 0.279509 309 354 326 380
