person 0.994056 1437 438 1494 631
person 0.988255 510 424 553 525
person 0.979929 149 432 194 532
person 0.978835 1280 390 1324 491
person 0.977385 1521 411 1568 536
person 0.955917 905 442 952 604
person 0.906163 631 397 666 482
person 0.879322 1038 351 1060 408
person 0.878782 1629 377 1669 469
person 0.856951 923 390 954 474
person 0.842749 1210 351 1234 409
person 0.838254 1067 352 1089 406
person 0.762979 170 305 1744 456
person 0.750683 1372 338 1395 388
person 0.732002 818 359 843 409
person 0.664693 1625 318 1647 365
person 0.635201 1570 354 1595 400
person 0.622944 338 344 354 374
person 0.610203 1348 336 1371 387
person 0.578790 961 341 980 382
person 0.418614 637 419 659 467
person 0.410913 1288 343 1308 386
person 0.385210 1890 351 1918 458
person 0.392294 937 339 954 377
person 0.342544 785 347 802 381
person 0.324455 612 345 625 365
person 0.310975 791 363 811 402
person 0.304334 1486 367 1509 390
person 0.260476 310 354 326 380
person 0.995536 1439 441 1496 629
person 0.988070 509 424 551 525
person 0.981979 152 432 198 532
person 0.979623 1521 411 1569 536
person 0.969570 1278 392 1322 493
person 0.957452 904 442 952 604
person 0.930175 630 397 667 481
person 0.886392 1038 351 1060 408
person 0.844651 1067 351 1089 406
person 0.828298 1627 373 1666 467
person 0.823904 1209 349 1234 410
person 0.817493 923 389 954 473
person 0.765346 167 304 1749 456
person 0.751403 1372 337 1394 388
person 0.745690 817 359 843 409
person 0.692500 1348 338 1369 386
person 0.643054 1569 354 1594 401
person 0.639182 341 344 356 373
person 0.608448 964 341 982 383
person 0.446795 637 418 660 467
person 0.474050 1890 348 1919 463
person 0.380724 785 346 802 381
person 0.358290 1287 343 1307 386
person 0.356587 936 340 952 377
person 0.353181 1485 368 1508 391
person 0.342224 612 345 625 364
person 0.342067 1627 317 1647 365
person 0.296851 378 344 391 368
person 0.290755 307 354 324 379
