person 0.990230 1441 443 1498 626
person 0.983855 509 423 550 526
person 0.976416 1276 389 1322 495
person 0.973575 153 432 197 532
person 0.971919 1526 408 1580 540
person 0.949677 628 398 666 482
person 0.909086 904 439 951 607
person 0.888672 1625 376 1661 466
person 0.886406 1038 349 1060 408
person 0.852810 1066 351 1089 406
person 0.766621 819 360 844 407
person 0.763938 161 304 1756 451
person 0.754545 1209 352 1234 408
person 0.750964 1369 336 1394 389
person 0.732026 1627 318 1649 365
person 0.701702 1569 354 1595 401
person 0.701099 924 388 954 474
person 0.671656 1347 337 1371 387
person 0.665987 965 344 984 384
person 0.583990 339 345 354 373
person 0.486736 786 346 803 381
person 0.448474 1890 349 1919 459
person 0.451021 935 340 950 375
person 0.397296 636 420 659 466
person 0.373803 1485 368 1508 391
person 0.367390 612 345 624 364
person 0.330857 1286 342 1307 388
person 0.277717 792 361 813 399
person 0.274331 308 354 324 379
person 0.985570 507 423 547 526
person 0.985212 1442 447 1497 622
person 0.982506 154 433 200 532
person 0.981673 1529 408 1579 539
person 0.975932 1277 390 1322 493
person 0.958137 628 398 666 481
person 0.949482 904 439 951 607
person 0.897024 1038 350 1060 408
person 0.878359 1623 377 1660 469
person 0.857161 1066 352 1089 406
person 0.781687 156 302 1761 452
person 0.759212 1370 335 1394 389
person 0.756180 1208 353 1234 410
person 0.757021 923 389 954 474
person 0.730842 820 362 844 407
person 0.711490 1569 353 1595 402
person 0.692305 1347 337 1371 387
person 0.610171 967 343 985 384
person 0.604081 1629 318 1650 366
person 0.535388 342 345 356 372
person 0.493174 786 348 802 381
person 0.433276 636 417 659 466
person 0.433352 935 340 949 374
person 0.379896 1892 346 1919 460
person 0.359701 1484 368 1509 391
person 0.358183 612 345 625 364
person 0.304767 1286 339 1307 387
person 0.296580 377 345 390 368
person 0.276240 820 346 838 381
person 0.257346 791 363 810 398
