person 0.994173 985 272 1030 400
person 0.991058 919 233 951 325
person 0.958163 1543 234 1589 324
person 0.958128 675 259 719 388
person 0.947370 1181 243 1231 351
person 0.946501 1052 284 1100 406
person 0.908294 1613 222 1655 307
person 0.892033 1658 213 1694 304
person 0.835776 1355 207 1392 306
person 0.796160 1767 211 1811 310
person 0.725821 487 168 501 194
person 0.703770 1230 229 1261 337
person 0.688889 642 162 656 189
person 0.688182 1485 196 1520 275
person 0.674562 523 165 536 192
person 0.571746 686 221 707 265
person 0.517678 259 124 1919 304
person 0.450962 1006 218 1030 268
person 0.465677 440 188 461 210
person 0.414272 1323 206 1349 268
person 0.320651 1 267 19 296
person 0.358125 677 162 690 187
person 0.350729 1001 213 1036 300
person 0.344639 563 164 575 186
person 0.289955 1709 193 1737 235
person 0.282361 1850 199 1892 274
person 0.996285 984 273 1029 400
person 0.991259 918 233 951 324
person 0.960406 1056 281 1108 413
person 0.958326 1183 240 1230 351
person 0.955974 676 259 718 387
person 0.952278 1549 235 1592 322
person 0.893710 1612 222 1655 307
person 0.878356 1658 215 1693 304
person 0.856805 1359 204 1392 307
person 0.850712 1767 209 1813 313
person 0.798903 641 161 656 189
person 0.772829 1230 230 1261 339
person 0.727070 487 168 501 195
person 0.656770 1490 197 1524 277
person 0.622175 685 221 707 266
person 0.619261 523 164 535 190
person 0.601199 1007 215 1030 270
person 0.562132 1325 207 1351 273
person 0.563828 270 126 1919 301
person 0.493547 566 164 578 188
person 0.489317 680 163 694 187
person 0.422189 440 187 462 209
person 0.306324 1 267 19 296
person 0.303336 1849 199 1891 276
person 0.256929 818 170 828 185
