person 0.989856 1530 407 1578 540
person 0.987561 507 424 543 525
person 0.984295 1442 449 1497 620
person 0.979768 155 434 201 531
person 0.974674 1277 392 1321 492
person 0.973111 904 442 951 605
person 0.971459 628 398 664 482
person 0.912708 1622 377 1656 466
person 0.891418 1038 350 1060 408
person 0.855371 1067 352 1089 406
person 0.818875 923 390 954 474
person 0.765076 178 302 1738 454
person 0.712385 1370 335 1394 389
person 0.683472 1570 352 1595 402
person 0.672590 967 342 985 384
person 0.656367 1630 318 1651 366
person 0.649891 821 363 843 405
person 0.637359 1209 356 1233 408
person 0.595027 1348 335 1371 387
person 0.593899 935 340 950 377
person 0.566074 339 345 354 373
person 0.445331 787 347 803 381
person 0.368197 1485 367 1509 391
person 0.321159 637 420 658 465
person 0.341450 822 346 840 383
person 0.336760 1893 345 1919 462
person 0.313052 1257 324 1272 361
person 0.310360 1286 341 1307 388
person 0.289333 791 362 810 399
person 0.255417 928 403 950 449
person 0.255161 612 345 625 364
person 0.988612 903 442 952 605
person 0.988640 1532 406 1579 541
person 0.980269 1441 450 1499 618
person 0.978227 506 423 542 526
person 0.973545 157 433 201 532
person 0.971064 627 398 663 483
person 0.955989 1276 392 1318 495
person 0.935434 1618 373 1651 468
person 0.903944 1038 352 1060 407
person 0.878411 922 391 955 473
person 0.861091 1066 352 1089 405
person 0.778587 174 303 1743 454
person 0.743585 818 359 843 408
person 0.724032 1367 336 1392 390
person 0.712294 1629 317 1652 370
person 0.683098 968 342 987 384
person 0.658779 1203 354 1228 407
person 0.640898 1569 352 1594 402
person 0.601172 341 345 355 373
person 0.585029 1348 336 1371 388
person 0.459044 935 340 950 376
person 0.374421 1893 348 1919 458
person 0.355851 787 346 804 384
person 0.325292 637 420 658 466
person 0.346000 1485 367 1508 391
person 0.339703 1286 339 1308 388
person 0.300981 612 345 625 364
person 0.298595 381 344 394 368
