person 0.985168 904 443 952 604
person 0.985133 1443 449 1499 621
person 0.983688 1532 407 1580 540
person 0.982509 505 422 540 526
person 0.964492 160 434 201 531
person 0.962770 628 396 662 483
person 0.959213 1276 388 1317 493
person 0.912139 1616 379 1650 466
person 0.897583 1037 352 1059 407
person 0.875774 922 390 955 473
person 0.858113 1066 352 1089 405
person 0.799125 162 306 1759 450
person 0.743610 969 342 988 384
person 0.716024 1631 318 1654 370
person 0.703316 1367 334 1392 389
person 0.697461 819 360 844 406
person 0.697803 1203 353 1228 407
person 0.636286 1347 336 1371 388
person 0.629345 339 344 354 374
person 0.581631 1569 352 1594 402
person 0.571734 1892 347 1918 462
person 0.474949 935 339 951 376
person 0.392784 637 418 657 466
person 0.383446 787 346 805 383
person 0.380562 1484 366 1508 391
person 0.322562 612 345 625 365
person 0.305274 1286 338 1308 387
person 0.290638 821 346 840 384
person 0.256065 379 344 393 369
person 0.989661 1530 406 1582 541
person 0.988311 905 439 954 607
person 0.988164 1441 451 1501 618
person 0.981239 505 422 539 525
person 0.974838 627 396 661 483
person 0.971974 161 433 200 532
person 0.937189 1614 381 1647 466
person 0.926861 1276 386 1317 493
person 0.895413 923 390 955 474
person 0.857823 1037 351 1059 407
person 0.812451 1067 352 1089 406
person 0.789131 159 305 1764 453
person 0.679158 818 364 842 407
person 0.652140 1202 353 1227 407
person 0.640544 1366 333 1391 389
person 0.616963 1633 317 1654 371
person 0.604616 1569 353 1594 401
person 0.597575 972 345 989 382
person 0.595691 1347 335 1371 389
person 0.580450 1893 350 1919 459
person 0.563790 341 345 355 373
person 0.334467 637 419 656 466
person 0.346813 787 348 803 380
person 0.341078 1485 366 1509 390
person 0.321180 1286 336 1309 389
person 0.261859 381 345 394 368
