person 0.993656 1528 406 1583 542
person 0.990300 905 438 955 607
person 0.977219 629 396 660 484
person 0.974429 1441 449 1502 619
person 0.967713 506 422 538 525
person 0.957884 162 432 200 532
person 0.931435 1610 383 1646 465
person 0.919673 1278 387 1315 494
person 0.879815 924 390 955 473
person 0.846671 1035 351 1058 408
person 0.799852 1633 318 1655 367
person 0.796053 1066 351 1089 406
person 0.756888 145 305 1779 451
person 0.723474 818 363 843 408
person 0.712789 971 339 991 383
person 0.650895 1203 353 1226 407
person 0.644982 1568 355 1593 402
person 0.610296 1367 332 1392 389
person 0.582254 1891 350 1918 460
person 0.494053 341 345 355 372
person 0.471824 1348 334 1372 389
person 0.396093 1485 366 1509 391
person 0.352710 788 348 805 381
person 0.275880 638 421 655 465
person 0.343219 938 338 953 374
person 0.332821 1286 338 1309 390
person 0.294790 1897 351 1916 416
person 0.257643 380 345 393 368
person 0.256333 612 345 625 364
person 0.995479 1528 405 1586 541
person 0.986271 905 439 955 606
person 0.980042 1441 449 1503 618
person 0.969411 626 396 660 483
person 0.960831 166 431 208 532
person 0.953255 502 422 539 526
person 0.920193 1277 390 1315 494
person 0.885963 1608 381 1646 466
person 0.885845 924 390 955 473
person 0.850895 1035 350 1058 408
person 0.814942 1635 317 1657 369
person 0.803210 1067 351 1089 406
person 0.754173 1889 350 1918 458
person 0.719066 818 362 843 408
person 0.714534 972 340 992 384
person 0.712086 152 303 1774 451
person 0.652405 1367 332 1393 388
person 0.650230 1204 357 1225 405
person 0.599206 1568 354 1593 402
person 0.492219 1347 333 1372 388
person 0.449729 341 345 356 372
person 0.436198 789 346 805 380
person 0.290347 637 421 656 464
person 0.368746 938 338 953 374
person 0.363739 1484 366 1510 391
person 0.342530 1286 337 1309 391
person 0.318213 900 455 936 575
person 0.294531 613 345 626 364
person 0.259735 823 345 841 379
