person 0.996227 1529 400 1585 546
person 0.982838 905 438 957 606
person 0.977630 625 395 659 485
person 0.975920 1439 449 1504 616
person 0.969172 166 432 208 531
person 0.936507 1278 391 1314 493
person 0.916662 502 424 539 525
person 0.900018 1599 378 1639 465
person 0.871271 923 390 956 472
person 0.810621 1035 348 1058 408
person 0.776319 1067 350 1090 407
person 0.753749 1638 318 1657 368
person 0.740465 1890 348 1919 457
person 0.712626 1366 332 1392 388
person 0.696518 172 302 1754 450
person 0.692498 817 361 843 408
person 0.670676 1204 357 1226 406
person 0.585320 974 343 993 383
person 0.532782 1568 355 1592 403
person 0.500395 1348 332 1373 387
person 0.459611 1285 338 1309 393
person 0.451244 340 345 354 372
person 0.445412 1484 366 1509 392
person 0.386309 788 346 805 380
person 0.347948 900 451 937 578
person 0.308647 938 338 953 373
person 0.258299 823 345 842 381
person 0.992804 1531 397 1585 549
person 0.981417 1438 449 1503 618
person 0.978921 907 436 957 609
person 0.974609 625 395 659 485
person 0.967900 168 432 207 530
person 0.911756 1597 376 1639 465
person 0.896058 1276 388 1314 492
person 0.866725 924 389 957 471
person 0.852752 1638 318 1659 368
person 0.850780 502 425 538 523
person 0.820854 1886 347 1919 455
person 0.800008 1202 358 1225 406
person 0.777258 1034 349 1057 408
person 0.766785 148 303 1770 451
person 0.742784 1067 350 1090 407
person 0.695803 1368 332 1393 387
person 0.692300 817 361 843 407
person 0.583148 975 342 995 382
person 0.571043 1570 343 1593 395
person 0.564954 1347 332 1372 387
person 0.475726 1285 337 1309 393
person 0.414430 1483 366 1510 391
person 0.407067 342 346 356 372
person 0.392880 788 346 805 380
person 0.304497 938 338 953 374
person 0.269233 343 335 359 363
