person 0.995159 1532 399 1589 548
person 0.989040 907 436 959 610
person 0.978551 1437 449 1503 618
person 0.975708 169 432 208 531
person 0.970351 624 396 659 485
person 0.953348 1597 379 1638 465
person 0.888937 1640 315 1663 376
person 0.881902 496 428 528 520
person 0.868979 924 390 957 470
person 0.851451 1269 391 1305 493
person 0.801244 1203 355 1225 408
person 0.783538 1367 332 1393 386
person 0.777838 1067 350 1090 406
person 0.777815 169 304 1751 449
person 0.775738 1034 349 1057 409
person 0.762436 1886 347 1919 454
person 0.691396 818 359 843 407
person 0.685295 1571 343 1593 393
person 0.670906 976 341 996 381
person 0.603954 1347 331 1372 387
person 0.536855 1285 337 1310 393
person 0.516022 788 345 805 381
person 0.457786 341 347 356 373
person 0.351079 1482 366 1510 391
person 0.344513 823 344 842 383
person 0.340634 939 338 954 374
person 0.272863 1149 333 1164 361
person 0.997584 1532 402 1590 544
person 0.984164 908 435 960 610
person 0.969803 623 395 659 485
person 0.962939 170 431 209 530
person 0.959885 1437 450 1503 617
person 0.944384 494 427 529 521
person 0.893405 1595 378 1639 467
person 0.881283 1640 315 1663 376
person 0.853139 925 389 957 470
person 0.844623 1884 348 1919 454
person 0.828067 1269 391 1306 491
person 0.803922 1367 330 1394 386
person 0.758565 1202 353 1226 408
person 0.750836 158 303 1769 448
person 0.728247 1037 349 1059 408
person 0.722645 1068 350 1090 406
person 0.714470 818 359 842 407
person 0.637102 1571 342 1595 394
person 0.624651 1347 331 1372 388
person 0.606070 978 341 997 381
person 0.537183 789 344 806 382
person 0.481661 1285 337 1310 391
person 0.450188 342 346 356 372
person 0.352556 823 343 842 383
person 0.332909 1483 366 1509 390
person 0.259108 929 402 953 450
person 0.281659 611 338 624 361
person 0.261190 936 332 951 365
person 0.257988 343 335 359 363
person 0.256411 1147 332 1164 362
