person 0.996353 1533 399 1591 547
person 0.990060 909 434 960 612
person 0.978731 172 431 211 529
person 0.974530 623 396 660 484
person 0.970835 1437 450 1502 618
person 0.935287 493 427 527 521
person 0.872801 1589 380 1638 468
person 0.872041 1881 349 1919 431
person 0.856713 1640 316 1664 374
person 0.856791 1269 387 1305 493
person 0.828478 924 388 957 471
person 0.792954 1368 331 1393 387
person 0.731081 1067 349 1089 406
person 0.729925 160 302 1763 445
person 0.703515 818 357 843 406
person 0.682114 1038 350 1060 406
person 0.679891 1200 355 1225 407
person 0.678874 1347 331 1372 388
person 0.640994 978 337 997 380
person 0.628677 788 344 806 382
person 0.548058 1571 342 1595 393
person 0.509874 341 345 357 373
person 0.443089 1284 337 1310 392
person 0.435641 824 340 844 387
person 0.391283 936 331 952 366
person 0.388572 612 339 624 361
person 0.295349 1829 348 1848 366
person 0.990963 1536 401 1591 545
person 0.980082 173 430 213 530
person 0.973495 909 437 958 609
person 0.972622 491 426 528 522
person 0.966718 623 396 660 483
person 0.962292 1436 453 1501 615
person 0.878431 1588 384 1638 467
person 0.877705 1880 351 1919 430
person 0.866145 1269 388 1305 494
person 0.819229 925 388 958 470
person 0.792380 1641 317 1665 373
person 0.789572 1369 330 1394 387
person 0.756460 817 356 843 406
person 0.719859 132 302 1796 444
person 0.716264 1200 355 1224 405
person 0.706603 1067 349 1089 406
person 0.660878 1347 331 1371 389
person 0.650253 1039 350 1061 405
person 0.646332 787 344 806 382
person 0.625860 341 344 357 373
person 0.602871 1571 342 1595 392
person 0.562233 980 336 998 379
person 0.430872 822 341 844 388
person 0.382029 1284 335 1309 391
person 0.355624 937 331 952 366
person 0.344168 613 339 624 360
person 0.336340 1829 347 1848 366
person 0.267102 379 336 392 363
person 0.260466 1653 311 1676 372
