person 0.994240 1538 399 1592 547
person 0.982500 488 427 527 521
person 0.975220 174 430 216 530
person 0.966937 910 434 959 612
person 0.956837 1431 464 1507 631
person 0.949104 623 397 659 483
person 0.875500 1879 353 1918 428
person 0.868546 1269 389 1304 492
person 0.830515 1579 374 1631 466
person 0.828790 925 387 957 472
person 0.796482 1368 331 1393 387
person 0.772844 1643 317 1667 373
person 0.762999 1200 353 1224 405
person 0.733133 818 356 844 406
person 0.699110 142 302 1788 447
person 0.675854 1347 331 1371 389
person 0.672410 788 344 806 382
person 0.653200 1067 348 1089 406
person 0.612026 1040 350 1061 405
person 0.556325 341 344 356 371
person 0.511546 982 339 999 380
person 0.500484 1653 310 1677 372
person 0.472012 1571 342 1595 392
person 0.463818 823 342 844 386
person 0.364074 612 339 624 360
person 0.331954 1285 336 1309 393
person 0.327794 342 335 359 364
person 0.324175 381 336 394 363
person 0.313166 1830 346 1848 366
person 0.301966 937 332 952 367
person 0.994480 1538 399 1594 546
person 0.983151 486 426 527 522
person 0.970182 911 435 959 611
person 0.957806 624 397 659 483
person 0.950684 1433 466 1505 632
person 0.941044 175 429 215 521
person 0.935526 1877 353 1917 428
person 0.869334 1200 350 1225 407
person 0.848316 925 387 958 470
person 0.833606 1269 378 1305 484
person 0.811738 1576 374 1629 467
person 0.786946 816 357 842 405
person 0.780254 1368 330 1394 386
person 0.753934 1643 315 1667 374
person 0.733576 140 302 1784 446
person 0.666182 1347 330 1371 387
person 0.649715 788 344 805 380
person 0.634544 1040 350 1060 404
person 0.626981 1067 348 1088 405
person 0.585820 1654 309 1678 371
person 0.548917 1571 340 1596 391
person 0.542521 983 342 999 378
person 0.444807 823 343 844 384
person 0.443111 613 339 625 360
person 0.443172 341 334 359 364
person 0.347048 379 335 393 363
person 0.320190 929 401 953 451
person 0.317870 937 332 952 366
person 0.299288 1830 346 1849 366
person 0.274095 411 333 425 362
