person 0.995819 1539 404 1594 540
person 0.986288 483 426 525 522
person 0.962737 1430 468 1507 632
person 0.958013 913 447 955 578
person 0.948282 176 432 217 529
person 0.948240 625 397 659 482
person 0.933458 1878 353 1917 428
person 0.900065 1267 388 1304 491
person 0.895319 1200 349 1226 407
person 0.837521 925 387 958 471
person 0.823765 1368 329 1393 386
person 0.760186 126 301 1795 445
person 0.734730 816 359 841 405
person 0.719051 1644 315 1667 373
person 0.715488 1347 330 1372 387
person 0.679432 1577 374 1626 467
person 0.604274 1068 351 1089 404
person 0.601246 1655 309 1677 372
person 0.590857 1039 343 1060 394
person 0.557855 1571 340 1596 392
person 0.544379 789 344 805 378
person 0.522419 982 339 999 378
person 0.433347 614 340 626 360
person 0.429651 826 342 845 384
person 0.400878 342 335 358 362
person 0.316889 635 422 655 463
person 0.308592 939 337 954 375
person 0.300919 379 336 392 361
person 0.298913 1830 346 1848 366
person 0.252118 411 334 424 361
person 0.994620 1540 408 1594 538
person 0.988824 482 425 523 522
person 0.971973 913 446 957 576
person 0.963994 1430 468 1506 633
person 0.956140 1267 378 1304 485
person 0.955788 178 428 217 521
person 0.947635 625 396 659 483
person 0.935052 1876 354 1915 427
person 0.866495 1200 349 1225 407
person 0.833252 924 387 957 472
person 0.804351 1366 329 1392 386
person 0.783876 109 301 1810 444
person 0.748426 815 359 840 405
person 0.690538 1654 307 1677 373
person 0.627357 1348 330 1373 387
person 0.605729 1068 350 1090 404
person 0.596524 1039 350 1060 404
person 0.569694 789 343 806 378
person 0.568761 1644 315 1668 374
person 0.561745 1571 340 1596 392
person 0.514273 1576 379 1619 465
person 0.475267 983 341 999 377
person 0.464669 827 340 846 385
person 0.358232 635 422 655 463
person 0.410704 342 335 358 362
person 0.393725 613 339 626 360
person 0.350301 938 336 953 376
person 0.298150 1830 346 1848 366
person 0.282231 380 336 392 361
