person 0.994143 1541 406 1596 538
person 0.993090 478 426 523 521
person 0.963372 914 448 958 570
person 0.958189 180 428 217 520
person 0.956893 1430 468 1506 633
person 0.949161 625 396 660 482
person 0.948328 1266 378 1304 485
person 0.934456 1876 354 1915 427
person 0.883631 1366 328 1392 386
person 0.870989 1200 349 1225 406
person 0.851329 1655 305 1679 372
person 0.791581 123 300 1800 444
person 0.757396 925 386 958 470
person 0.720063 1038 350 1060 405
person 0.715882 816 358 842 405
person 0.682660 1348 329 1373 387
person 0.652009 1067 348 1090 405
person 0.647697 788 342 805 380
person 0.638147 1572 341 1596 391
person 0.506724 612 339 625 360
person 0.470759 825 338 846 388
person 0.452388 937 334 953 380
person 0.370196 635 421 655 463
person 0.405625 984 342 1000 377
person 0.393497 1645 314 1668 371
person 0.368536 1285 332 1308 391
person 0.362075 342 335 358 362
person 0.334804 340 345 355 370
person 0.313995 1830 346 1849 366
person 0.305075 1581 398 1613 454
person 0.257920 381 336 394 361
person 0.995743 1541 405 1595 534
person 0.992854 477 425 521 523
person 0.960044 179 428 219 520
person 0.954144 915 447 959 569
person 0.951151 1267 380 1303 482
person 0.950098 623 395 659 482
person 0.944055 1437 439 1496 649
person 0.913740 1875 353 1913 427
person 0.874115 1366 328 1392 386
person 0.873344 1199 350 1224 406
person 0.847178 1655 306 1679 372
person 0.779204 134 300 1786 445
person 0.775610 817 358 843 405
person 0.730897 1037 350 1059 406
person 0.724182 924 386 958 470
person 0.715542 1348 329 1372 388
person 0.654114 1068 348 1089 405
person 0.631436 1571 342 1595 389
person 0.591394 787 344 804 380
person 0.534673 1286 334 1309 391
person 0.521510 937 333 954 381
person 0.488949 613 339 625 360
person 0.432894 342 335 358 363
person 0.360069 634 420 655 463
person 0.360203 826 342 845 383
person 0.336845 983 340 999 378
person 0.332245 380 336 392 361
person 0.263699 1644 315 1667 369
person 0.261733 1007 344 1021 380
person 0.259659 1830 346 1848 366
