person 0.994157 1542 407 1598 532
person 0.993208 476 423 519 521
person 0.963625 916 447 961 571
person 0.961219 178 428 223 521
person 0.956867 1437 433 1496 654
person 0.947719 1267 379 1303 484
person 0.933130 621 394 657 474
person 0.915404 1874 352 1912 428
person 0.861154 1198 350 1224 405
person 0.851405 1366 327 1393 387
person 0.802872 926 386 960 468
person 0.777904 145 300 1777 445
person 0.756458 1656 307 1682 371
person 0.726213 816 358 841 405
person 0.705712 1037 350 1060 405
person 0.627381 1285 336 1308 392
person 0.606023 1348 329 1373 387
person 0.581464 1067 349 1090 404
person 0.535862 1571 342 1596 391
person 0.484067 788 344 805 377
person 0.471041 612 339 625 361
person 0.429175 343 334 357 364
person 0.374958 936 334 953 379
person 0.321585 380 336 392 362
person 0.283410 823 342 842 383
person 0.266153 984 340 1000 376
person 0.253800 1007 343 1021 379
person 0.996518 1542 406 1597 529
person 0.993856 474 423 518 521
person 0.974215 1265 379 1302 482
person 0.963482 915 446 961 571
person 0.961235 1433 465 1501 633
person 0.952339 179 427 226 523
person 0.941029 621 395 659 481
person 0.926574 1872 352 1910 429
person 0.820524 1366 328 1392 386
person 0.813396 1198 352 1223 404
person 0.783424 149 301 1772 443
person 0.755943 927 384 961 469
person 0.739345 1658 307 1682 370
person 0.738267 818 356 843 404
person 0.728333 1037 350 1060 405
person 0.700881 1287 337 1309 390
person 0.621918 1348 330 1372 386
person 0.603557 342 334 357 363
person 0.589494 1067 342 1089 398
person 0.556451 613 339 626 360
person 0.556477 1572 342 1595 390
person 0.445377 791 344 808 377
person 0.412554 378 336 391 361
person 0.339090 825 343 845 385
person 0.308052 936 335 952 377
person 0.285167 1005 342 1019 378
