person 0.995662 984 271 1028 401
person 0.989264 921 233 951 323
person 0.966508 1182 241 1234 351
person 0.954956 676 260 720 387
person 0.954821 1556 234 1595 322
person 0.884509 1612 222 1653 308
person 0.881797 1061 284 1116 410
person 0.876783 1655 216 1693 305
person 0.864170 1769 212 1815 311
person 0.821548 1357 204 1394 308
person 0.798696 486 167 501 194
person 0.771964 1503 200 1534 279
person 0.763590 640 162 654 189
person 0.729369 521 163 535 191
person 0.709148 1219 240 1261 350
person 0.655595 1321 201 1355 283
person 0.630074 568 163 580 188
person 0.573971 271 125 1919 304
person 0.525822 1007 213 1031 271
person 0.503427 686 220 708 267
person 0.488680 1496 205 1520 265
person 0.478352 680 165 693 188
person 0.449194 440 187 463 209
person 0.344430 1851 198 1891 276
person 0.289676 2 267 19 297
person 0.259939 601 164 613 188
person 0.994491 984 272 1027 402
person 0.988597 924 234 952 324
person 0.965712 684 262 724 387
person 0.951064 1187 240 1235 353
person 0.930780 1561 236 1598 322
person 0.905655 1067 282 1122 412
person 0.888393 1656 215 1692 306
person 0.844358 1359 203 1395 307
person 0.842165 1614 222 1653 306
person 0.810457 1772 212 1818 312
person 0.783379 1507 204 1536 268
person 0.773798 1323 201 1355 284
person 0.768496 1215 242 1260 351
person 0.764101 520 163 535 193
person 0.744522 485 167 500 195
person 0.721506 640 160 655 187
person 0.643044 568 163 581 188
person 0.590234 1004 210 1039 300
person 0.576189 273 126 1919 303
person 0.508575 686 225 710 281
person 0.460111 440 186 462 209
person 0.356571 1007 214 1032 270
person 0.274831 2 267 19 297
person 0.304543 827 148 838 171
person 0.285991 600 163 613 188
person 0.286285 1851 198 1890 277
person 0.273102 676 161 691 186
person 0.271979 1580 234 1618 319
