person 0.996123 1542 405 1597 529
person 0.994868 473 422 514 522
person 0.983673 1263 381 1303 482
person 0.957143 1437 427 1495 660
person 0.953902 917 446 964 570
person 0.946283 622 394 658 482
person 0.942063 179 427 228 523
person 0.851324 1871 351 1907 429
person 0.802438 1658 307 1683 369
person 0.796194 1367 328 1392 386
person 0.784883 1198 354 1221 402
person 0.759302 928 384 961 469
person 0.754574 143 302 1780 444
person 0.753237 819 356 845 404
person 0.709566 1037 350 1059 405
person 0.635730 1288 338 1309 387
person 0.600798 1348 330 1372 385
person 0.585439 1571 343 1595 389
person 0.577910 1067 349 1090 404
person 0.527899 792 343 809 377
person 0.525197 612 340 625 360
person 0.507126 341 335 356 363
person 0.340715 824 343 845 387
person 0.326437 378 336 391 362
person 0.313413 937 336 951 375
person 0.282648 1007 343 1021 379
person 0.994866 473 420 511 521
person 0.994361 1543 406 1595 527
person 0.981541 1263 381 1302 482
person 0.962380 917 448 965 570
person 0.955047 1438 422 1495 664
person 0.952927 182 428 229 523
person 0.942311 621 394 657 482
person 0.821455 1367 328 1393 386
person 0.784860 927 385 961 468
person 0.771730 1198 356 1220 401
person 0.764845 817 357 843 404
person 0.759857 1658 306 1683 369
person 0.754985 142 304 1785 443
person 0.739723 1037 348 1059 406
person 0.738334 1871 350 1906 428
person 0.639332 1288 338 1310 387
person 0.629107 1348 330 1372 385
person 0.571382 1067 348 1090 404
person 0.531702 341 335 356 363
person 0.507364 613 340 626 360
person 0.506494 1571 342 1595 389
person 0.411245 793 344 808 375
person 0.329018 1005 343 1021 379
person 0.323818 378 337 391 362
person 0.283501 823 345 842 383
person 0.262783 937 332 952 369
person 0.254427 851 341 867 380
