person 0.994627 1543 405 1596 527
person 0.993524 470 421 512 521
person 0.980381 1263 380 1301 483
person 0.974070 918 446 967 576
person 0.961756 182 427 231 523
person 0.945157 1437 431 1494 655
person 0.944588 620 394 657 474
person 0.841203 927 384 961 469
person 0.795586 1197 355 1220 404
person 0.788558 1367 328 1393 385
person 0.748489 1037 348 1059 407
person 0.745574 818 359 843 404
person 0.735955 156 303 1772 442
person 0.715097 1858 348 1896 427
person 0.679092 1289 339 1310 386
person 0.652395 1660 307 1685 368
person 0.597687 1349 331 1371 384
person 0.556155 1571 342 1595 392
person 0.539199 1066 341 1089 398
person 0.514113 341 335 355 364
person 0.446155 613 340 625 360
person 0.366770 793 345 809 377
person 0.361003 1005 341 1021 378
person 0.337769 938 331 953 370
person 0.292730 823 344 842 383
person 0.288855 378 337 391 362
person 0.269105 1881 347 1901 425
person 0.994785 469 421 511 522
person 0.992372 1545 409 1594 525
person 0.977806 1264 380 1299 482
person 0.975619 1438 453 1497 617
person 0.967980 921 450 970 575
person 0.965293 187 427 232 522
person 0.956928 621 395 656 472
person 0.862494 927 384 961 467
person 0.805479 1368 327 1394 386
person 0.767194 1036 348 1058 407
person 0.746117 817 357 843 404
person 0.734928 1859 348 1895 425
person 0.728551 1659 305 1685 368
person 0.705129 165 302 1762 446
person 0.699018 1196 357 1219 402
person 0.654378 1288 337 1309 389
person 0.588736 1349 329 1371 385
person 0.531509 1066 341 1089 398
person 0.452266 1571 341 1596 391
person 0.444886 613 339 626 361
person 0.434433 341 335 357 364
person 0.406682 937 330 953 370
person 0.392321 1005 342 1019 377
person 0.334502 795 344 811 376
person 0.314418 823 341 843 388
person 0.267059 1828 345 1847 366
person 0.255061 1568 359 1594 405
