person 0.994061 469 420 510 523
person 0.991151 1546 406 1595 525
person 0.978892 921 450 972 575
person 0.977511 1264 380 1299 484
person 0.962958 190 427 231 523
person 0.962066 1438 427 1492 659
person 0.951412 620 394 655 473
person 0.864447 928 384 961 468
person 0.833817 1857 349 1894 425
person 0.777293 1367 327 1394 386
person 0.747854 1036 348 1059 407
person 0.696891 162 302 1763 447
person 0.691457 816 355 843 404
person 0.658765 1288 336 1311 389
person 0.644944 1660 306 1686 368
person 0.617210 1196 357 1219 400
person 0.589803 1349 328 1372 385
person 0.561798 1066 341 1089 398
person 0.511102 612 339 625 360
person 0.450629 341 335 356 363
person 0.412289 1570 342 1595 388
person 0.396028 1006 342 1021 377
person 0.362294 936 331 953 370
person 0.330991 796 344 814 380
person 0.313539 822 341 844 390
person 0.307933 1566 363 1593 406
person 0.273752 298 360 314 379
person 0.252115 1828 344 1848 367
person 0.993320 468 421 509 523
person 0.992885 1545 406 1597 527
person 0.978524 191 426 233 523
person 0.970607 921 451 972 573
person 0.964229 1431 464 1500 632
person 0.959923 1262 380 1299 484
person 0.946465 619 394 654 473
person 0.896467 1855 349 1894 428
person 0.868193 929 385 961 469
person 0.777042 1368 328 1394 385
person 0.730702 155 303 1770 450
person 0.699870 817 359 842 404
person 0.661915 1036 349 1060 406
person 0.655006 1349 327 1372 386
person 0.653361 1661 307 1686 367
person 0.583224 1289 337 1311 384
person 0.501786 1194 336 1217 400
person 0.491903 613 338 626 361
person 0.467223 1067 349 1090 404
person 0.446146 343 334 359 363
person 0.395729 1569 342 1595 387
person 0.395263 1004 341 1021 379
person 0.375143 936 332 953 369
person 0.364126 1562 363 1591 406
person 0.331842 298 360 315 379
person 0.330640 797 343 813 378
person 0.314477 820 344 840 385
person 0.305803 346 344 361 370
person 0.292494 1827 345 1847 367
