person 0.993990 468 421 509 522
person 0.983685 1545 398 1596 531
person 0.982131 1261 381 1298 482
person 0.971754 191 427 234 522
person 0.966405 1437 422 1489 665
person 0.964247 922 452 973 574
person 0.960306 620 395 655 481
person 0.938208 1852 351 1895 430
person 0.884991 929 384 961 471
person 0.798885 1368 327 1394 386
person 0.715427 171 303 1758 447
person 0.692673 816 359 841 404
person 0.674120 1035 350 1059 406
person 0.636544 1348 328 1372 386
person 0.636533 1664 307 1689 365
person 0.603548 1289 335 1312 389
person 0.539424 1196 357 1217 400
person 0.440506 1066 341 1089 398
person 0.436329 613 340 626 360
person 0.425842 1570 341 1596 389
person 0.401882 342 334 357 364
person 0.366282 1005 340 1022 380
person 0.345065 298 359 315 379
person 0.335931 938 331 955 369
person 0.325097 797 343 814 379
person 0.325942 344 344 359 371
person 0.321697 843 357 865 405
person 0.262176 818 345 837 384
person 0.992357 465 420 506 522
person 0.991206 1546 397 1597 531
person 0.984665 1262 382 1297 481
person 0.979189 1437 427 1489 662
person 0.976062 195 427 235 521
person 0.967930 619 395 655 481
person 0.958600 923 454 971 572
person 0.939496 1850 350 1893 430
person 0.885590 930 384 961 473
person 0.762001 1367 328 1393 385
person 0.755352 1664 306 1689 367
person 0.744196 162 303 1762 445
person 0.724986 816 357 840 404
person 0.691397 1035 349 1058 406
person 0.616704 1195 356 1217 402
person 0.597630 1349 329 1372 386
person 0.567015 1290 335 1311 385
person 0.517209 1067 349 1089 404
person 0.444332 613 338 626 361
person 0.427330 842 355 865 404
person 0.417052 342 333 358 364
person 0.388792 344 343 360 372
person 0.358809 1569 342 1596 389
person 0.341253 797 346 813 379
person 0.296666 299 359 315 379
person 0.288839 1006 342 1022 378
person 0.285056 940 337 956 375
person 0.282538 417 337 431 361
person 0.268734 378 336 392 362
