person 0.991406 464 421 506 523
person 0.988070 1437 427 1489 663
person 0.985618 1261 382 1297 482
person 0.981336 1547 397 1598 530
person 0.978025 619 394 656 482
person 0.977591 195 428 235 521
person 0.952797 927 454 974 572
person 0.941168 1846 349 1893 433
person 0.860628 930 384 962 473
person 0.763152 160 303 1767 445
person 0.759136 1368 328 1394 385
person 0.734226 818 356 843 403
person 0.701266 1291 333 1314 386
person 0.642059 1034 351 1058 406
person 0.641153 1667 310 1691 364
person 0.635358 1194 356 1216 402
person 0.598864 1066 348 1090 405
person 0.596517 1348 329 1372 386
person 0.489112 613 338 626 360
person 0.426124 842 354 865 404
person 0.415721 1569 341 1596 387
person 0.404586 343 334 358 363
person 0.394823 940 336 956 377
person 0.392555 345 344 360 371
person 0.375545 1009 344 1025 381
person 0.371653 798 347 813 379
person 0.338764 298 359 315 379
person 0.317864 379 336 391 362
person 0.256438 416 337 430 361
person 0.991054 464 422 506 525
person 0.990291 1547 394 1599 534
person 0.989547 1438 433 1490 663
person 0.981690 196 428 235 520
person 0.979965 619 395 655 482
person 0.970796 1260 383 1297 483
person 0.952578 1843 348 1894 434
person 0.937351 927 455 973 572
person 0.822873 931 385 961 474
person 0.773761 1367 327 1394 386
person 0.760617 820 359 845 404
person 0.759605 159 303 1766 447
person 0.730059 1034 351 1058 406
person 0.713130 1291 334 1315 384
person 0.710298 1667 308 1691 369
person 0.657215 1348 328 1372 386
person 0.603324 1067 350 1090 404
person 0.584662 1192 336 1215 400
person 0.528643 1570 342 1594 387
person 0.512734 613 338 626 360
person 0.459323 843 357 865 403
person 0.448522 342 335 358 363
person 0.436549 796 345 811 377
person 0.414179 940 336 955 378
person 0.412441 1010 342 1025 380
person 0.348840 379 337 392 362
person 0.343217 345 345 360 370
person 0.337318 298 360 315 380
person 0.326600 1827 346 1845 366
person 0.295635 415 338 428 361
person 0.268509 1123 331 1138 360
person 0.265300 1580 340 1601 384
