person 0.988627 1438 434 1489 664
person 0.987534 462 423 505 522
person 0.982510 1258 383 1296 482
person 0.978115 197 428 235 521
person 0.975950 1548 394 1599 534
person 0.974801 618 395 655 481
person 0.959532 1842 349 1893 433
person 0.919589 925 457 973 572
person 0.836388 931 384 961 473
person 0.790130 1367 327 1393 386
person 0.745583 174 303 1753 447
person 0.740678 818 358 843 404
person 0.702206 1293 336 1317 384
person 0.697985 1036 351 1058 406
person 0.622148 1348 328 1373 387
person 0.622137 1066 349 1089 404
person 0.609130 1194 353 1217 403
person 0.597662 1670 308 1692 366
person 0.486809 612 338 625 360
person 0.465284 939 337 955 378
person 0.441201 1011 341 1026 380
person 0.436824 796 346 812 379
person 0.413649 844 354 866 404
person 0.383774 342 335 357 363
person 0.346057 1572 344 1594 381
person 0.330125 378 336 391 362
person 0.325352 1547 374 1579 424
person 0.324380 344 345 359 370
person 0.293423 821 345 839 384
person 0.286459 1123 332 1137 360
person 0.257653 416 337 429 361
person 0.993277 1547 394 1601 534
person 0.987513 1258 383 1296 481
person 0.986471 1439 441 1488 660
person 0.985146 461 422 505 524
person 0.981971 196 428 235 520
person 0.976887 618 395 655 482
person 0.946322 1841 349 1890 433
person 0.933065 934 444 992 599
person 0.852676 931 384 960 473
person 0.757864 1035 351 1057 406
person 0.745241 1367 329 1393 385
person 0.741058 148 305 1775 446
person 0.732499 816 358 840 404
person 0.677884 1294 336 1317 384
person 0.631084 1194 353 1216 403
person 0.630738 1672 310 1693 364
person 0.610362 1348 331 1371 386
person 0.596720 938 336 954 380
person 0.582846 1066 350 1088 404
person 0.536259 1573 343 1592 383
person 0.519114 1012 341 1027 385
person 0.501443 846 355 867 404
person 0.497292 1042 343 1061 394
person 0.466658 342 335 357 362
person 0.464242 613 338 626 360
person 0.383594 378 337 392 361
person 0.360572 1580 342 1601 386
person 0.320889 821 343 840 387
person 0.312712 1829 347 1846 366
person 0.282877 798 346 815 383
person 0.256885 300 359 316 379
