person 0.987432 1439 446 1488 655
person 0.978421 1259 383 1295 480
person 0.975656 197 428 236 520
person 0.974141 617 397 654 481
person 0.973902 462 422 503 524
person 0.968009 1547 367 1599 534
person 0.949651 1839 351 1891 432
person 0.922774 936 444 991 601
person 0.809002 931 384 960 475
person 0.756490 148 304 1779 447
person 0.753237 1035 350 1056 407
person 0.742662 815 359 838 405
person 0.732150 1368 330 1393 385
person 0.719734 1295 339 1318 386
person 0.676674 1194 351 1216 404
person 0.668190 927 456 972 571
person 0.618433 1066 350 1088 405
person 0.570845 847 359 867 403
person 0.570953 1671 311 1694 363
person 0.562109 1349 331 1371 386
person 0.548500 940 338 956 378
person 0.506302 1572 342 1594 384
person 0.479846 342 335 357 363
person 0.472496 379 337 392 362
person 0.453541 1043 343 1062 394
person 0.418549 1012 341 1028 383
person 0.409304 614 338 627 359
person 0.377186 1579 340 1602 388
person 0.361491 799 346 815 379
person 0.326174 415 336 429 361
person 0.307562 1021 353 1040 407
person 0.268933 1124 334 1137 361
person 0.989428 1547 398 1602 528
person 0.980017 1432 472 1501 641
person 0.974260 197 428 236 520
person 0.971633 1258 383 1296 479
person 0.971319 617 396 654 482
person 0.942695 1840 351 1886 433
person 0.941242 936 439 994 607
person 0.936370 459 425 494 519
person 0.803131 930 385 960 474
person 0.793065 926 452 975 575
person 0.767868 141 305 1778 448
person 0.743716 1295 339 1318 387
person 0.722258 1368 330 1393 385
person 0.698006 1035 350 1057 407
person 0.696541 1194 351 1217 404
person 0.666757 816 360 841 407
person 0.630731 1066 349 1088 406
person 0.566430 1350 330 1372 387
person 0.490935 1570 341 1594 388
person 0.484275 940 338 957 378
person 0.458025 1673 312 1697 363
person 0.456104 1043 342 1062 394
person 0.437559 615 338 627 359
person 0.436456 1012 340 1028 384
person 0.407225 846 360 867 403
person 0.401283 342 335 358 364
person 0.374852 378 337 392 362
person 0.321146 798 346 815 380
person 0.306466 1579 340 1603 390
person 0.278809 415 335 428 361
