person 0.987613 936 440 994 610
person 0.981918 1546 400 1603 526
person 0.979307 1432 474 1501 643
person 0.971746 614 396 652 483
person 0.966560 1255 383 1295 483
person 0.965762 458 424 493 519
person 0.962405 197 428 238 520
person 0.923094 1838 349 1888 434
person 0.782143 1035 350 1057 407
person 0.778678 1368 330 1394 386
person 0.767454 129 306 1798 443
person 0.765378 1194 349 1216 406
person 0.764830 931 386 959 476
person 0.738874 1295 340 1318 386
person 0.704892 818 359 842 406
person 0.682694 926 453 969 575
person 0.665280 1675 312 1699 365
person 0.633059 1066 350 1088 405
person 0.587882 1349 330 1372 388
person 0.519166 1013 341 1028 383
person 0.497994 1571 343 1594 386
person 0.469325 341 335 358 364
person 0.433150 1042 343 1061 393
person 0.420911 614 338 626 360
person 0.390837 846 358 867 404
person 0.355728 380 336 393 362
person 0.344564 797 345 814 381
person 0.318827 1124 333 1138 363
person 0.990536 1545 402 1603 527
person 0.979417 612 396 653 484
person 0.976620 1434 475 1502 644
person 0.975926 458 422 492 519
person 0.970958 1251 385 1296 492
person 0.970632 937 443 996 604
person 0.952850 203 425 247 523
person 0.944720 1838 349 1883 433
person 0.827259 931 385 959 477
person 0.819731 1194 349 1216 407
person 0.790872 1367 332 1393 386
person 0.764725 1676 310 1701 365
person 0.751889 816 359 839 405
person 0.742454 1035 352 1056 407
person 0.731720 146 305 1779 446
person 0.691952 1064 348 1087 406
person 0.647726 927 449 971 578
person 0.619371 1295 338 1317 386
person 0.613170 1348 331 1372 388
person 0.559112 847 359 867 405
person 0.509197 1570 342 1594 390
person 0.461522 340 335 357 364
person 0.442421 613 338 625 360
person 0.431224 1020 353 1039 407
person 0.358152 380 336 394 363
person 0.321409 1014 344 1030 385
person 0.306570 1042 345 1060 391
person 0.290987 1123 331 1138 361
person 0.262167 297 360 315 380
person 0.260277 942 339 957 374
person 0.259497 799 347 815 380
