person 0.992598 940 440 999 612
person 0.992277 1547 404 1604 529
person 0.974852 1442 454 1491 651
person 0.965512 613 396 652 484
person 0.964128 457 423 492 517
person 0.961798 205 425 248 525
person 0.952538 1837 350 1880 434
person 0.948651 1252 384 1294 483
person 0.823960 1367 331 1393 387
person 0.747225 1194 349 1216 407
person 0.742864 1678 310 1704 366
person 0.733603 931 385 959 477
person 0.713251 1037 351 1057 406
person 0.712599 815 357 839 406
person 0.709627 125 306 1801 449
person 0.707256 1065 347 1087 407
person 0.641166 926 449 968 579
person 0.625646 1348 330 1371 388
person 0.607572 847 358 868 404
person 0.578325 1295 337 1317 387
person 0.518623 1570 344 1595 391
person 0.503577 1019 354 1038 405
person 0.465468 341 335 357 363
person 0.409280 1528 374 1558 472
person 0.385518 613 339 626 361
person 0.377000 380 335 394 364
person 0.300739 1015 342 1033 391
person 0.275967 1122 331 1138 363
person 0.273013 1483 365 1505 387
person 0.272819 943 339 958 375
person 0.995728 1548 404 1606 530
person 0.988567 945 440 1000 613
person 0.977897 1435 476 1503 644
person 0.975362 455 422 491 517
person 0.966882 613 397 651 484
person 0.960319 206 425 247 525
person 0.945601 1252 387 1293 492
person 0.917927 1838 350 1878 433
person 0.785380 1368 330 1394 387
person 0.745688 816 358 840 406
person 0.713079 1679 312 1704 365
person 0.704790 1066 348 1089 406
person 0.703734 124 307 1800 449
person 0.698369 931 385 959 477
person 0.656703 1039 350 1059 407
person 0.653779 1298 339 1320 386
person 0.642974 845 357 868 406
person 0.627113 1194 351 1216 406
person 0.572962 928 446 968 579
person 0.559283 1348 329 1372 388
person 0.504004 1571 344 1595 390
person 0.476937 1525 381 1557 469
person 0.428679 341 335 358 364
person 0.425713 380 336 394 364
person 0.407479 613 338 625 361
person 0.399258 1014 339 1032 391
person 0.342867 1020 354 1038 404
person 0.334706 942 339 958 376
person 0.275932 798 347 815 383
person 0.260754 1482 364 1505 387
