person 0.994704 1551 404 1605 531
person 0.989091 945 438 1003 616
person 0.983698 454 422 489 519
person 0.977635 1435 475 1505 644
person 0.977638 206 425 248 525
person 0.960929 615 398 650 483
person 0.947381 1253 387 1292 492
person 0.918928 1837 351 1876 433
person 0.797017 815 356 839 406
person 0.785195 1367 332 1392 387
person 0.773471 1681 312 1705 366
person 0.768361 1065 347 1088 407
person 0.739344 1297 342 1320 387
person 0.735090 142 304 1789 449
person 0.703418 1193 349 1216 406
person 0.687282 1039 350 1058 407
person 0.685254 926 442 967 579
person 0.663071 1521 387 1555 470
person 0.587555 932 385 960 476
person 0.560831 1349 331 1372 388
person 0.559076 850 355 869 404
person 0.511525 1019 354 1037 406
person 0.479539 341 335 358 364
person 0.462812 1567 352 1593 406
person 0.427398 613 338 624 360
person 0.425236 942 339 958 377
person 0.373442 380 336 394 364
person 0.359151 1016 341 1033 392
person 0.336712 1481 365 1504 388
person 0.311397 14 434 28 445
person 0.270326 1691 315 1715 366
person 0.265819 1123 333 1138 360
person 0.989455 1554 405 1604 530
person 0.987923 453 422 489 520
person 0.985797 949 435 1005 615
person 0.980702 206 425 247 524
person 0.976892 1441 461 1493 646
person 0.958723 1253 388 1291 492
person 0.956539 614 397 650 485
person 0.881188 1836 350 1873 432
person 0.804976 1065 347 1088 408
person 0.766928 1367 331 1392 387
person 0.739197 814 355 841 408
person 0.728096 926 439 967 583
person 0.706797 1299 340 1322 387
person 0.675535 1518 388 1555 470
person 0.671172 167 303 1766 450
person 0.646086 1194 350 1217 406
person 0.621187 1041 349 1061 407
person 0.587599 1683 317 1704 363
person 0.582813 931 389 958 501
person 0.579044 848 353 871 407
person 0.571772 341 334 358 364
person 0.514816 1349 330 1372 389
person 0.512322 1017 352 1037 406
person 0.504257 939 337 956 379
person 0.473537 1571 344 1595 393
person 0.428162 613 337 626 361
person 0.415884 379 335 393 364
person 0.361134 1693 315 1715 364
person 0.339384 1481 364 1505 388
person 0.251959 412 333 427 362
