person 0.994315 984 273 1026 401
person 0.972920 929 233 953 321
person 0.970876 685 262 725 386
person 0.933572 1072 280 1123 410
person 0.901842 1186 240 1236 351
person 0.878476 1563 242 1601 326
person 0.853047 1654 214 1692 305
person 0.845881 1506 199 1541 277
person 0.812553 1616 220 1653 306
person 0.794645 640 161 656 189
person 0.784858 1771 210 1822 311
person 0.775459 1323 203 1357 284
person 0.774947 1361 204 1397 307
person 0.769310 1209 241 1260 350
person 0.760709 520 163 536 193
person 0.754577 1578 236 1617 321
person 0.706836 484 168 499 194
person 0.606318 1007 204 1038 284
person 0.570521 276 126 1919 301
person 0.551659 568 164 581 188
person 0.511791 685 221 708 268
person 0.425886 440 187 462 209
person 0.363938 595 166 608 189
person 0.330431 678 161 693 186
person 0.287805 826 147 838 170
person 0.263609 1847 197 1890 277
person 0.993231 984 274 1026 399
person 0.973394 931 232 954 322
person 0.972195 686 264 724 386
person 0.855422 1079 281 1123 409
person 0.847413 1580 235 1622 320
person 0.828376 519 161 536 194
person 0.811167 1515 205 1542 266
person 0.808280 639 160 656 189
person 0.796528 1655 213 1689 305
person 0.770747 1777 215 1821 309
person 0.764189 1206 243 1257 348
person 0.753097 483 167 499 195
person 0.735959 1617 222 1655 307
person 0.734445 1361 205 1397 308
person 0.729618 1189 243 1235 348
person 0.676610 567 163 581 188
person 0.614588 1331 209 1357 275
person 0.570920 685 226 710 282
person 0.555179 1008 212 1032 273
person 0.543284 678 160 692 186
person 0.539163 290 129 1919 302
person 0.445602 440 187 463 209
person 0.336433 934 249 950 304
person 0.323999 826 147 838 171
person 0.312260 1241 229 1276 331
person 0.267330 596 164 610 188
