person 0.992422 1550 407 1605 530
person 0.981995 206 426 249 524
person 0.975500 949 444 1008 605
person 0.972483 1435 475 1505 644
person 0.966891 1251 389 1291 491
person 0.965664 451 424 487 518
person 0.950245 614 397 651 484
person 0.849209 1516 383 1550 468
person 0.836335 1834 350 1871 432
person 0.816177 814 355 837 410
person 0.772688 927 439 968 582
person 0.769951 1366 332 1392 388
person 0.769229 1065 348 1089 407
person 0.731290 1297 342 1323 389
person 0.704679 164 304 1769 450
person 0.666465 1194 350 1216 406
person 0.637356 850 356 872 406
person 0.624104 1043 348 1061 407
person 0.613660 931 385 959 477
person 0.603113 939 337 955 382
person 0.602963 1682 315 1704 364
person 0.546289 340 334 358 364
person 0.507095 1568 351 1594 407
person 0.495445 1349 332 1372 389
person 0.495741 1691 312 1715 366
person 0.476888 1018 349 1038 407
person 0.440974 613 337 626 361
person 0.436495 378 334 393 364
person 0.353082 1482 365 1504 388
person 0.995447 1552 406 1607 533
person 0.990163 450 422 486 521
person 0.984411 953 435 1010 612
person 0.979366 1435 474 1504 645
person 0.974739 208 426 249 525
person 0.968108 1250 387 1292 492
person 0.926799 614 400 650 486
person 0.830734 815 357 838 409
person 0.821186 1833 349 1870 433
person 0.787243 1065 347 1088 408
person 0.757003 1511 390 1549 468
person 0.753140 927 441 968 579
person 0.749029 1367 333 1392 388
person 0.709565 305 304 1902 450
person 0.708098 1298 342 1324 389
person 0.655040 1691 313 1715 364
person 0.628190 852 359 872 405
person 0.626621 1194 351 1215 406
person 0.615118 931 390 958 502
person 0.609618 1569 349 1596 410
person 0.566075 1043 349 1062 407
person 0.542535 340 333 358 365
person 0.531779 1684 316 1705 366
person 0.525193 1349 332 1371 389
person 0.519847 940 337 956 379
person 0.473520 1017 336 1036 398
person 0.452009 377 334 393 365
person 0.378020 612 337 624 361
person 0.330885 1482 365 1507 389
