person 0.995155 1552 402 1608 534
person 0.989645 448 422 487 521
person 0.976126 208 427 251 524
person 0.969927 1434 474 1504 646
person 0.968543 957 437 1008 610
person 0.964823 1509 381 1548 471
person 0.958830 1250 388 1290 492
person 0.890756 605 401 641 484
person 0.889766 814 353 838 409
person 0.800011 928 441 968 576
person 0.791602 1065 347 1089 408
person 0.790111 1367 333 1392 387
person 0.780058 1692 312 1715 365
person 0.767478 1194 349 1216 408
person 0.717529 853 356 875 406
person 0.714644 321 303 1884 447
person 0.700101 1300 341 1323 389
person 0.687820 1832 349 1869 433
person 0.573898 1569 348 1597 411
person 0.570310 931 391 958 502
person 0.558025 1348 333 1371 389
person 0.556768 1043 348 1062 407
person 0.548057 940 337 956 381
person 0.464488 1017 350 1038 406
person 0.401921 339 334 357 366
person 0.399772 375 343 391 369
person 0.380526 612 337 625 361
person 0.308783 1480 365 1507 390
person 0.292740 1686 316 1705 364
person 0.995785 1552 403 1608 534
person 0.983831 1434 475 1504 648
person 0.982902 442 423 484 523
person 0.979230 959 438 1012 610
person 0.973400 210 427 250 523
person 0.961144 1505 380 1544 471
person 0.948819 1250 388 1289 491
person 0.936985 604 401 642 484
person 0.904004 812 353 837 409
person 0.809815 1691 309 1716 365
person 0.799030 1826 347 1857 435
person 0.791191 1367 334 1391 387
person 0.749576 930 441 967 576
person 0.747595 1065 348 1088 408
person 0.712053 310 302 1894 447
person 0.692005 852 359 874 402
person 0.690094 1565 346 1599 422
person 0.679038 1194 350 1215 407
person 0.640060 1301 344 1323 389
person 0.584891 931 390 959 507
person 0.543573 1348 333 1371 389
person 0.527503 1044 348 1063 407
person 0.476539 942 337 958 381
person 0.471934 375 344 392 369
person 0.415004 1019 349 1038 406
person 0.407674 340 334 357 365
person 0.385272 613 338 625 360
person 0.318718 1479 364 1509 390
person 0.306180 344 343 360 370
person 0.276173 415 347 432 367
