person 0.996307 1553 404 1609 533
person 0.984141 1433 475 1506 651
person 0.980860 439 424 483 523
person 0.971226 1505 381 1544 471
person 0.967741 212 427 251 524
person 0.949636 1251 389 1289 491
person 0.940264 959 441 1010 607
person 0.938711 604 400 642 485
person 0.916528 813 351 838 409
person 0.847188 1691 309 1716 368
person 0.832235 1823 347 1857 435
person 0.814927 1367 333 1392 388
person 0.796700 928 440 969 576
person 0.744972 1065 347 1088 407
person 0.720622 156 299 1781 449
person 0.685233 1566 346 1600 420
person 0.638603 854 359 877 402
person 0.542775 1195 351 1215 406
person 0.527686 1347 332 1371 390
person 0.513810 1301 347 1322 389
person 0.510887 1044 347 1063 407
person 0.504164 943 335 959 380
person 0.482496 931 389 958 509
person 0.433971 375 343 392 368
person 0.424517 339 334 356 365
person 0.387307 1018 334 1038 401
person 0.383408 613 337 625 361
person 0.275774 416 346 432 367
person 0.997368 1551 403 1611 534
person 0.985421 440 423 481 523
person 0.982459 1433 476 1506 650
person 0.972954 211 426 253 525
person 0.971103 1501 378 1540 471
person 0.955875 604 400 642 484
person 0.943057 965 436 1011 614
person 0.941682 1251 388 1289 491
person 0.899250 1820 351 1859 441
person 0.897281 815 351 840 408
person 0.842183 1693 308 1717 369
person 0.827684 927 440 968 575
person 0.819764 1366 334 1391 388
person 0.791603 1565 347 1600 422
person 0.732603 1065 348 1088 407
person 0.711032 314 302 1895 447
person 0.650914 1301 346 1323 390
person 0.645652 1194 349 1215 407
person 0.618170 1044 349 1063 407
person 0.602834 855 360 877 401
person 0.549241 942 334 959 383
person 0.462060 930 390 958 509
person 0.432562 1348 333 1371 391
person 0.397058 1019 336 1037 399
person 0.392196 374 342 391 368
person 0.383214 339 335 356 365
person 0.362153 613 337 626 361
person 0.287786 417 346 434 367
