person 0.995819 1553 401 1609 534
person 0.983626 1434 478 1505 652
person 0.977395 213 426 254 524
person 0.974113 438 424 479 525
person 0.960864 604 400 642 484
person 0.952527 1503 378 1539 472
person 0.943383 1250 388 1288 491
person 0.914512 815 351 839 408
person 0.909017 1817 353 1858 439
person 0.889165 967 448 1012 598
person 0.842350 1366 333 1393 388
person 0.781083 1566 345 1600 421
person 0.753631 926 443 969 572
person 0.749256 1696 309 1718 363
person 0.747950 1064 346 1089 408
person 0.717471 179 300 1759 449
person 0.595451 1303 347 1326 388
person 0.594748 1194 350 1215 405
person 0.565542 944 335 960 381
person 0.553379 929 384 958 518
person 0.549643 853 358 876 402
person 0.551087 1043 347 1063 408
person 0.448159 339 342 357 370
person 0.437375 1019 348 1039 407
person 0.397323 375 342 392 368
person 0.376097 613 337 626 361
person 0.356886 1347 333 1372 390
person 0.262744 1118 331 1134 365
person 0.258650 416 345 433 366
person 0.995997 1553 401 1610 534
person 0.989902 1433 480 1507 653
person 0.987715 436 424 480 525
person 0.967755 603 400 643 485
person 0.961650 212 433 256 528
person 0.952639 1249 388 1288 491
person 0.944784 1812 353 1860 439
person 0.924631 1500 378 1536 471
person 0.912261 815 354 840 409
person 0.879821 925 443 968 574
person 0.853303 969 455 1014 569
person 0.836511 1365 333 1392 388
person 0.823481 1695 309 1719 365
person 0.767143 1565 345 1600 421
person 0.760893 1063 348 1088 408
person 0.700376 185 300 1755 450
person 0.634257 1192 337 1214 398
person 0.614241 856 359 878 403
person 0.597330 339 342 356 371
person 0.556810 1304 347 1326 389
person 0.553072 1045 348 1065 408
person 0.510627 944 335 961 381
person 0.463418 375 342 391 369
person 0.430903 613 337 625 361
person 0.389903 930 384 958 516
person 0.388159 1018 349 1039 406
person 0.300511 956 444 1032 600
person 0.266576 1347 335 1371 388
