person 0.995517 1553 398 1611 535
person 0.986456 1434 480 1507 656
person 0.980203 435 423 477 525
person 0.968282 214 426 255 524
person 0.962789 604 399 641 485
person 0.957013 1248 389 1287 491
person 0.948886 924 438 968 580
person 0.939139 1811 355 1860 439
person 0.900840 978 439 1022 609
person 0.885578 1499 378 1534 470
person 0.883451 817 355 842 408
person 0.827328 1366 333 1392 387
person 0.795521 1697 308 1721 365
person 0.749207 1063 347 1088 408
person 0.692243 1303 346 1326 388
person 0.659813 190 302 1749 450
person 0.572589 858 360 882 402
person 0.556476 1192 336 1214 399
person 0.551411 1565 346 1601 421
person 0.532490 338 343 355 370
person 0.524811 944 335 960 380
person 0.490672 1045 347 1065 408
person 0.430915 1018 337 1038 398
person 0.427414 612 339 625 361
person 0.416563 377 336 394 365
person 0.281404 1348 334 1371 387
person 0.271063 931 384 957 515
person 0.994937 1552 399 1610 535
person 0.986943 1434 480 1507 657
person 0.976001 214 426 256 523
person 0.975285 434 423 476 525
person 0.968249 604 398 640 484
person 0.953317 922 439 967 578
person 0.931445 1248 388 1287 491
person 0.930700 1809 354 1858 440
person 0.900933 816 355 839 408
person 0.898784 976 456 1023 571
person 0.889993 1498 375 1534 470
person 0.838706 1365 333 1392 387
person 0.771640 1698 306 1724 366
person 0.757054 1565 345 1600 422
person 0.736775 1063 346 1088 409
person 0.659399 327 304 1881 448
person 0.641797 1304 346 1326 387
person 0.588293 859 359 879 402
person 0.573295 1192 336 1213 399
person 0.534145 1039 337 1059 397
person 0.531931 944 335 960 380
person 0.408291 339 344 356 369
person 0.404719 1019 338 1038 397
person 0.399801 376 342 392 368
person 0.394314 613 340 624 360
person 0.367624 931 385 957 514
person 0.307562 1348 333 1371 388
