person 0.992585 1552 400 1611 532
person 0.983830 1434 479 1509 657
person 0.976650 432 422 475 525
person 0.975758 214 426 256 524
person 0.972657 980 436 1026 612
person 0.971034 921 439 965 580
person 0.965108 605 398 639 484
person 0.941178 1807 355 1857 440
person 0.921731 1247 387 1286 491
person 0.872792 816 350 840 408
person 0.834165 1366 334 1392 385
person 0.813033 1497 374 1534 471
person 0.696079 1064 347 1088 408
person 0.694405 858 358 880 403
person 0.654468 346 303 1862 453
person 0.637845 1305 346 1328 386
person 0.608213 1565 345 1601 420
person 0.592633 1699 309 1724 362
person 0.564582 1040 336 1059 398
person 0.562918 1192 337 1214 398
person 0.558929 943 336 960 379
person 0.492014 1018 338 1038 397
person 0.486382 612 339 624 360
person 0.485198 374 342 390 369
person 0.483553 340 344 356 370
person 0.413545 931 381 957 516
person 0.403572 378 336 393 364
person 0.277769 1348 335 1371 385
person 0.995755 1551 400 1614 531
person 0.993806 978 436 1032 614
person 0.981504 1434 479 1509 657
person 0.978915 431 424 473 521
person 0.978856 215 426 256 524
person 0.963424 604 397 638 484
person 0.959736 921 438 964 580
person 0.940343 1245 387 1287 491
person 0.938309 1807 353 1855 440
person 0.883034 816 348 841 408
person 0.851442 1366 333 1392 385
person 0.801427 1491 371 1526 470
person 0.792908 1701 306 1727 365
person 0.705867 161 303 1772 451
person 0.693411 1307 344 1329 387
person 0.682402 1192 336 1214 399
person 0.647848 1064 347 1088 407
person 0.582531 1040 336 1060 399
person 0.541591 942 335 959 379
person 0.523801 1571 343 1608 418
person 0.522178 860 358 881 400
person 0.499337 613 339 625 360
person 0.470601 1018 338 1038 397
person 0.409166 339 344 355 370
person 0.388307 378 336 393 364
person 0.303771 931 379 957 519
person 0.302250 1346 334 1369 385
person 0.268016 882 336 902 387
person 0.263591 1116 344 1129 372
