person 0.996076 1551 399 1615 530
person 0.990700 982 435 1035 615
person 0.987852 216 425 257 523
person 0.981151 1434 478 1509 658
person 0.971760 603 396 637 483
person 0.965302 430 423 470 521
person 0.962212 920 439 963 577
person 0.942257 1805 354 1850 440
person 0.923045 1246 388 1286 491
person 0.887251 817 350 843 407
person 0.836688 1491 373 1526 471
person 0.831683 1365 332 1391 385
person 0.753878 1704 307 1728 363
person 0.746909 1307 346 1330 390
person 0.710170 332 301 1879 450
person 0.668562 1191 337 1213 398
person 0.641429 1064 348 1088 407
person 0.586936 1039 336 1060 399
person 0.577157 1566 344 1600 419
person 0.531180 942 335 959 380
person 0.431592 613 338 625 360
person 0.414695 338 336 354 363
person 0.408576 377 336 393 364
person 0.404393 1018 338 1038 399
person 0.368716 860 341 880 391
person 0.347954 930 377 956 522
person 0.309715 1114 342 1128 372
person 0.994150 1553 396 1614 530
person 0.990207 983 436 1039 612
person 0.983227 1435 478 1507 656
person 0.979975 215 426 257 522
person 0.970180 429 423 470 522
person 0.969862 603 395 636 483
person 0.948828 919 437 963 580
person 0.939344 1483 371 1525 469
person 0.918922 1246 391 1285 490
person 0.901322 1806 354 1849 438
person 0.892378 817 352 846 408
person 0.828516 1366 331 1392 385
person 0.724471 1308 346 1331 390
person 0.724876 1566 343 1600 419
person 0.720857 1702 308 1728 363
person 0.720178 346 301 1874 453
person 0.639891 1191 338 1213 396
person 0.560360 1065 348 1088 406
person 0.550041 1040 336 1060 399
person 0.548694 942 334 960 381
person 0.492664 337 336 352 362
person 0.446500 378 336 394 362
person 0.431905 613 339 625 359
person 0.374399 1018 349 1039 405
person 0.362687 929 377 957 523
person 0.352954 863 361 884 401
person 0.282201 1114 343 1128 372
