person 0.992193 984 440 1041 610
person 0.990220 1554 399 1614 529
person 0.988683 216 426 258 521
person 0.985598 1433 479 1507 653
person 0.974414 601 394 636 483
person 0.948771 917 437 963 576
person 0.943033 1805 348 1842 435
person 0.930743 1481 373 1525 469
person 0.929647 1247 389 1285 490
person 0.926438 427 424 468 521
person 0.851515 1367 329 1392 386
person 0.827585 817 351 846 405
person 0.783002 1704 308 1730 363
person 0.684844 1567 341 1600 418
person 0.676062 357 299 1862 456
person 0.655427 1191 338 1212 395
person 0.616702 1041 337 1060 398
person 0.580937 1308 340 1331 388
person 0.557487 1065 348 1088 406
person 0.507550 337 335 352 362
person 0.486367 379 336 394 362
person 0.434736 862 360 886 400
person 0.439797 942 335 960 380
person 0.424677 1019 338 1038 398
person 0.409196 611 338 624 360
person 0.264572 882 338 902 385
person 0.266015 1343 332 1364 385
person 0.253935 300 358 318 379
person 0.252821 415 335 430 361
person 0.989755 986 442 1047 609
person 0.987293 1556 397 1612 530
person 0.986814 216 426 259 521
person 0.985158 1434 480 1507 656
person 0.949120 918 437 963 578
person 0.943836 601 395 633 483
person 0.942523 1804 350 1839 432
person 0.940376 1475 370 1524 470
person 0.939827 1247 390 1286 490
person 0.912044 428 425 468 519
person 0.831544 1367 331 1392 385
person 0.776092 1706 307 1730 364
person 0.771375 1567 339 1599 420
person 0.759351 819 352 844 405
person 0.686308 338 300 1875 454
person 0.643628 1309 341 1331 389
person 0.629107 336 334 352 362
person 0.571654 1041 337 1061 398
person 0.546491 1191 338 1212 397
person 0.532572 1065 348 1089 406
person 0.512792 377 335 393 363
person 0.468238 942 334 959 380
person 0.465489 612 338 625 361
person 0.383827 1019 338 1038 399
person 0.372692 862 358 886 402
person 0.306953 415 336 432 361
person 0.305219 1343 333 1364 386
person 0.271704 819 347 838 387
