person 0.985724 217 427 261 521
person 0.984793 1557 395 1612 530
person 0.983819 988 449 1051 602
person 0.983906 1435 478 1507 652
person 0.945106 1803 350 1836 432
person 0.936167 920 437 962 576
person 0.933816 421 425 456 516
person 0.914511 1471 369 1523 471
person 0.896810 602 395 634 484
person 0.885196 1246 391 1288 489
person 0.808940 1366 330 1392 385
person 0.792298 821 349 847 406
person 0.716445 1567 340 1599 420
person 0.670396 1309 337 1333 390
person 0.632709 329 298 1881 452
person 0.628185 1705 309 1730 362
person 0.604934 335 334 351 362
person 0.592138 1042 336 1062 400
person 0.527749 378 334 396 363
person 0.515225 1191 337 1212 397
person 0.502459 1065 348 1089 405
person 0.494944 941 334 959 380
person 0.466170 1018 348 1039 404
person 0.459944 612 339 625 360
person 0.430348 1341 334 1363 386
person 0.428402 862 341 882 392
person 0.394264 930 372 957 528
person 0.365880 866 358 889 399
person 0.354583 821 346 839 386
person 0.333703 415 334 432 361
person 0.289443 603 403 627 453
person 0.267437 881 333 901 388
person 0.984910 1437 478 1506 653
person 0.984331 221 426 261 519
person 0.982198 990 450 1053 598
person 0.979707 1557 394 1612 530
person 0.968515 420 423 454 517
person 0.966176 601 395 632 483
person 0.959093 919 435 965 576
person 0.946520 1472 370 1521 471
person 0.939521 1802 350 1833 432
person 0.855476 1250 391 1286 491
person 0.802680 1366 328 1392 385
person 0.730548 824 354 846 405
person 0.718151 1567 341 1600 419
person 0.675458 1311 339 1334 388
person 0.650282 160 300 1781 451
person 0.624447 335 334 350 361
person 0.606738 1042 336 1061 399
person 0.581123 1190 336 1212 396
person 0.555424 378 334 396 363
person 0.505121 613 339 625 360
person 0.479991 1709 303 1733 353
person 0.475162 1066 342 1089 395
person 0.417698 862 340 880 393
person 0.413633 869 359 888 399
person 0.414911 1018 339 1038 399
person 0.371930 822 344 837 385
person 0.339204 929 374 957 525
person 0.337418 942 334 959 378
person 0.326969 1337 334 1359 384
person 0.307878 299 358 318 378
person 0.304338 882 336 901 391
person 0.274647 414 335 432 360
person 0.263504 1906 301 1919 346
