person 0.984363 222 426 262 521
person 0.980273 418 423 453 517
person 0.979683 1435 477 1507 659
person 0.976688 1563 403 1618 526
person 0.963881 990 453 1052 594
person 0.944069 921 433 964 579
person 0.931311 602 395 631 482
person 0.910295 1801 347 1831 432
person 0.893316 1471 368 1520 474
person 0.890034 1251 382 1285 480
person 0.762446 1367 329 1392 384
person 0.705275 335 335 351 360
person 0.703657 824 356 847 405
person 0.673235 1567 341 1600 417
person 0.651701 169 300 1772 457
person 0.638710 1190 337 1213 397
person 0.582452 1041 335 1060 399
person 0.536880 379 335 396 363
person 0.527034 614 340 627 359
person 0.509343 1312 341 1334 387
person 0.480574 1066 341 1089 396
person 0.478601 1018 339 1038 398
person 0.449713 1710 304 1734 353
person 0.440303 881 337 902 391
person 0.374068 865 343 884 391
person 0.351847 299 357 318 378
person 0.349629 929 371 957 530
person 0.334788 867 360 888 399
person 0.333128 1339 334 1360 382
person 0.318586 943 335 960 377
person 0.303468 414 337 430 360
person 0.274171 822 346 839 386
person 0.991086 225 424 263 518
person 0.984659 417 423 454 518
person 0.981421 1435 478 1508 658
person 0.979069 1565 400 1618 527
person 0.975258 993 448 1054 600
person 0.973487 600 395 632 482
person 0.921774 1472 370 1516 475
person 0.905856 923 434 964 579
person 0.905232 1250 382 1285 480
person 0.860306 1798 348 1830 431
person 0.842004 825 356 849 404
person 0.770075 1367 329 1393 384
person 0.764195 335 335 350 361
person 0.692929 331 301 1874 454
person 0.686587 380 335 397 363
person 0.618243 1190 336 1212 397
person 0.540262 1040 334 1059 399
person 0.532260 1568 342 1600 417
person 0.495911 614 339 627 359
person 0.496399 1018 339 1037 396
person 0.483115 1313 336 1335 384
person 0.469034 881 337 902 393
person 0.460280 1335 332 1357 384
person 0.445003 413 335 430 361
person 0.434458 1066 341 1089 396
person 0.414687 942 334 959 379
person 0.395175 1712 304 1735 352
person 0.361717 930 368 956 534
person 0.329390 867 361 887 398
person 0.259786 300 357 321 378
