person 0.984364 984 276 1023 398
person 0.983219 686 261 725 385
person 0.971935 934 232 957 321
person 0.928305 1095 288 1134 403
person 0.901253 1204 239 1258 352
person 0.888296 1580 232 1631 325
person 0.833191 1521 207 1546 269
person 0.807995 1654 213 1689 305
person 0.765490 518 161 533 192
person 0.748134 1364 207 1396 305
person 0.741958 638 160 654 188
person 0.719868 485 167 501 195
person 0.668014 1780 217 1823 309
person 0.623729 566 163 580 189
person 0.590060 1333 209 1358 275
person 0.557724 685 226 710 283
person 0.538903 289 128 1919 299
person 0.505042 1617 221 1654 306
person 0.458260 680 160 694 185
person 0.452597 1007 203 1038 285
person 0.407760 440 186 463 209
person 0.390141 1081 297 1122 420
person 0.311207 827 148 838 170
person 0.268690 1242 227 1275 328
person 0.984484 982 275 1023 399
person 0.981799 688 266 727 385
person 0.958468 935 232 957 320
person 0.943394 1098 288 1138 403
person 0.914766 1583 229 1636 323
person 0.897491 1208 236 1261 353
person 0.849661 1651 210 1689 305
person 0.815293 1520 199 1554 278
person 0.732616 516 161 533 193
person 0.710234 637 160 653 189
person 0.692442 1363 204 1397 307
person 0.673771 684 225 709 285
person 0.652800 486 167 502 195
person 0.611223 1333 202 1363 283
person 0.557255 565 163 579 188
person 0.527769 1793 214 1837 306
person 0.518690 680 162 694 186
person 0.477054 279 128 1919 305
person 0.471309 440 185 462 209
person 0.439480 1009 210 1032 272
person 0.265037 936 250 952 304
person 0.275368 827 148 839 170
person 0.260126 1619 217 1657 307
