person 0.992368 226 424 264 520
person 0.991868 1566 397 1617 526
person 0.990244 416 420 455 518
person 0.979687 1000 445 1055 602
person 0.978030 1437 480 1506 658
person 0.975219 599 395 632 481
person 0.958755 1248 382 1286 478
person 0.932037 924 434 966 578
person 0.918108 1470 367 1514 475
person 0.889123 1796 349 1829 431
person 0.775658 1366 328 1393 385
person 0.742466 336 335 351 360
person 0.732175 827 355 851 404
person 0.722999 163 301 1786 453
person 0.649707 380 335 396 363
person 0.619725 1191 337 1212 395
person 0.566087 1569 340 1596 399
person 0.480377 614 339 629 358
person 0.478466 1019 339 1038 395
person 0.476286 1040 336 1059 397
person 0.447474 1066 341 1089 395
person 0.419798 1333 331 1355 385
person 0.412566 883 341 904 390
person 0.413285 1714 303 1737 350
person 0.379792 1314 336 1336 385
person 0.368463 413 335 430 360
person 0.338730 930 370 956 531
person 0.331170 942 332 959 380
person 0.299742 867 360 887 398
person 0.280033 821 347 839 385
person 0.270774 298 358 319 378
person 0.993745 1566 396 1618 526
person 0.992987 226 424 266 519
person 0.990656 417 421 452 517
person 0.978247 598 395 632 482
person 0.965826 925 438 968 574
person 0.964992 1438 481 1505 661
person 0.962199 1248 382 1286 479
person 0.929379 1002 450 1053 597
person 0.879455 1789 348 1820 433
person 0.868406 1470 367 1512 477
person 0.786401 1366 328 1392 385
person 0.779300 827 355 850 406
person 0.771451 336 334 352 360
person 0.756132 319 303 1877 452
person 0.733298 1568 340 1596 400
person 0.698843 379 335 397 363
person 0.552633 1190 339 1212 394
person 0.526643 1332 332 1355 385
person 0.497557 1042 337 1061 397
person 0.478607 614 337 628 358
person 0.467792 1019 340 1037 393
person 0.466823 930 373 956 526
person 0.413213 1067 342 1089 394
person 0.404225 884 338 904 389
person 0.369477 1716 312 1738 362
person 0.354422 866 363 885 398
person 0.351159 415 334 431 359
person 0.320873 299 358 318 379
person 0.267153 822 347 838 384
person 0.259321 1235 385 1268 475
person 0.258179 942 329 959 369
