person 0.992669 226 425 267 519
person 0.991779 1567 395 1618 527
person 0.990922 415 422 451 515
person 0.973146 599 395 632 482
person 0.955971 1249 382 1285 478
person 0.954648 1439 479 1506 664
person 0.954475 926 438 968 574
person 0.912019 1786 347 1820 435
person 0.883214 1469 369 1507 477
person 0.832874 1014 449 1058 575
person 0.807787 1366 329 1392 385
person 0.798112 828 354 853 406
person 0.752311 157 301 1791 452
person 0.738193 336 335 351 360
person 0.702316 379 336 395 362
person 0.695915 1568 339 1596 400
person 0.570673 1331 331 1356 386
person 0.565558 1191 338 1212 394
person 0.511219 1235 385 1267 475
person 0.490655 1018 341 1036 392
person 0.481077 1044 339 1062 395
person 0.453518 1067 341 1089 394
person 0.449951 930 370 956 530
person 0.438107 615 339 629 358
person 0.397669 1717 301 1740 352
person 0.375914 415 336 431 359
person 0.370250 885 340 906 390
person 0.342896 299 358 318 379
person 0.992328 226 424 268 518
person 0.992318 1566 396 1618 528
person 0.988536 411 422 451 515
person 0.976068 597 395 631 483
person 0.938060 1250 382 1286 478
person 0.927280 1783 347 1821 434
person 0.915582 1439 482 1506 666
person 0.906174 926 440 969 572
person 0.878673 1015 450 1058 573
person 0.829225 1465 375 1502 472
person 0.823470 831 358 854 407
person 0.747669 321 302 1886 451
person 0.741109 1567 340 1595 400
person 0.709917 336 335 351 359
person 0.693609 1367 329 1392 385
person 0.647164 378 335 394 361
person 0.630952 1235 383 1267 476
person 0.550379 1329 335 1354 387
person 0.484916 886 339 906 387
person 0.479733 1190 339 1211 396
person 0.466112 614 338 628 358
person 0.443311 1043 337 1062 396
person 0.431602 1019 341 1036 393
person 0.405899 1067 341 1089 394
person 0.389195 418 336 433 359
person 0.354343 300 359 319 378
person 0.336821 1718 301 1741 350
person 0.285077 929 374 956 527
person 0.257361 822 346 836 381
