person 0.993826 1570 399 1621 526
person 0.993095 225 424 269 518
person 0.986593 411 422 449 515
person 0.978088 596 394 630 484
person 0.946183 1779 348 1820 434
person 0.945312 927 441 970 571
person 0.944673 1017 448 1058 576
person 0.893158 1255 382 1286 477
person 0.892357 1441 480 1505 665
person 0.866496 1464 375 1498 471
person 0.792058 1236 384 1265 474
person 0.776525 1567 341 1595 399
person 0.767554 832 359 853 406
person 0.748728 333 301 1875 456
person 0.697503 1368 329 1391 385
person 0.681348 336 335 350 358
person 0.656929 883 338 904 389
person 0.550195 1331 335 1354 386
person 0.546733 377 336 394 362
person 0.528563 1019 340 1036 392
person 0.525813 1044 335 1063 397
person 0.518034 614 338 628 359
person 0.508607 1190 339 1211 395
person 0.438676 930 373 957 528
person 0.413334 821 345 836 383
person 0.410119 1066 341 1089 394
person 0.371070 1718 309 1743 364
person 0.353758 299 359 318 379
person 0.336161 418 335 433 359
person 0.271019 863 341 879 387
person 0.994319 1570 397 1621 526
person 0.991553 226 426 269 519
person 0.986201 409 424 447 515
person 0.981764 596 394 630 485
person 0.978519 1017 446 1061 579
person 0.953317 1777 349 1818 432
person 0.933734 929 440 970 571
person 0.907506 1440 481 1505 666
person 0.890649 1256 381 1287 476
person 0.825790 1464 376 1497 471
person 0.788282 1235 383 1265 475
person 0.757965 832 361 854 406
person 0.736665 326 299 1879 456
person 0.723724 337 335 351 358
person 0.692445 1567 341 1593 398
person 0.673658 1368 330 1391 384
person 0.654721 379 336 394 361
person 0.548684 886 338 905 387
person 0.533767 1019 340 1037 395
person 0.529303 1190 339 1211 396
person 0.503726 614 339 628 358
person 0.503355 1332 335 1354 384
person 0.498352 1043 337 1062 397
person 0.446393 1066 340 1089 395
person 0.414154 299 359 318 380
person 0.413488 418 336 432 358
person 0.401202 822 347 836 381
person 0.360266 930 373 956 528
person 0.318191 376 344 392 366
person 0.272186 854 366 873 401
