person 0.994732 1569 400 1621 526
person 0.992484 225 425 270 519
person 0.989383 406 423 447 513
person 0.982491 595 394 629 484
person 0.978304 1019 449 1062 571
person 0.956735 1775 349 1818 432
person 0.900110 1258 382 1288 477
person 0.890939 1234 382 1265 477
person 0.890703 1450 463 1494 679
person 0.843350 928 438 970 573
person 0.814452 1567 342 1593 396
person 0.795602 1457 377 1487 469
person 0.780143 832 356 854 405
person 0.725069 153 298 1792 455
person 0.698659 1368 330 1392 385
person 0.649482 337 335 350 358
person 0.646719 1190 336 1213 396
person 0.623904 379 335 394 361
person 0.595753 1332 332 1356 386
person 0.580537 930 373 958 529
person 0.563749 614 337 628 358
person 0.536348 1018 340 1037 396
person 0.512399 885 340 907 389
person 0.508587 1044 337 1063 398
person 0.442016 1065 340 1088 395
person 0.427351 418 336 432 359
person 0.336398 851 365 872 400
person 0.336546 299 360 318 379
person 0.297917 822 349 837 383
person 0.287300 883 362 902 398
person 0.259614 1483 357 1512 383
person 0.256562 942 329 959 368
person 0.994974 1571 400 1622 526
person 0.993110 225 424 270 520
person 0.987411 403 424 445 514
person 0.980124 594 395 628 484
person 0.976590 1021 445 1065 582
person 0.941890 1773 348 1816 434
person 0.925825 1456 377 1486 469
person 0.923110 1234 382 1264 477
person 0.870442 929 436 971 576
person 0.858282 1456 469 1501 675
person 0.847473 1259 383 1289 478
person 0.812054 831 357 855 406
person 0.707048 329 303 1879 453
person 0.683231 1565 340 1591 398
person 0.656288 337 334 352 358
person 0.633986 929 374 956 528
person 0.625715 1190 337 1213 398
person 0.614394 1368 331 1391 384
person 0.573429 380 335 394 361
person 0.529198 886 334 908 389
person 0.491968 1333 337 1357 384
person 0.470586 419 336 433 360
person 0.469065 614 339 626 359
person 0.453458 1019 339 1038 398
person 0.446801 1043 337 1062 398
person 0.388594 1066 341 1089 394
person 0.381471 298 360 318 380
person 0.276580 1485 357 1512 383
person 0.271736 849 364 870 401
