person 0.994922 1573 397 1623 528
person 0.993056 225 424 269 520
person 0.985096 402 425 443 515
person 0.981916 1021 443 1068 585
person 0.954014 1451 375 1483 469
person 0.952977 1770 348 1816 434
person 0.949625 594 396 626 485
person 0.920741 1233 382 1264 479
person 0.892707 929 439 973 573
person 0.892137 1450 479 1514 667
person 0.826358 1259 383 1290 481
person 0.811112 1563 341 1590 395
person 0.711055 834 360 855 407
person 0.706686 337 333 351 358
person 0.700812 331 301 1879 453
person 0.657923 1368 331 1392 385
person 0.613990 381 334 396 362
person 0.557914 930 379 956 519
person 0.555411 889 340 908 387
person 0.547929 1331 340 1356 384
person 0.543491 1191 335 1212 398
person 0.514473 613 339 625 359
person 0.442224 846 362 867 405
person 0.427771 417 336 431 360
person 0.424815 1043 337 1061 398
person 0.415595 1020 340 1038 397
person 0.381959 299 360 319 379
person 0.341477 1066 342 1089 394
person 0.251380 601 424 619 464
person 0.286593 1485 357 1512 383
person 0.275260 943 330 959 365
person 0.271328 822 346 836 381
person 0.995887 1573 396 1623 527
person 0.993083 226 424 267 520
person 0.980614 402 425 441 514
person 0.980114 1024 446 1070 579
person 0.963055 1449 380 1482 469
person 0.955658 1451 478 1516 670
person 0.953766 594 396 626 484
person 0.935941 1770 348 1813 434
person 0.918759 1233 384 1263 478
person 0.887148 932 437 974 575
person 0.843750 1262 384 1292 480
person 0.834658 1563 342 1591 395
person 0.696963 349 302 1866 453
person 0.675595 336 333 349 358
person 0.639475 834 361 855 408
person 0.621384 1369 331 1392 385
person 0.579169 382 335 396 361
person 0.567052 888 338 906 389
person 0.531081 1331 339 1356 385
person 0.511582 613 338 625 360
person 0.497711 1191 335 1212 397
person 0.481623 930 380 957 520
person 0.460838 418 336 431 361
person 0.448027 299 360 319 380
person 0.407130 847 361 867 404
person 0.382622 1044 351 1062 403
person 0.364368 1066 342 1088 394
person 0.364725 1020 350 1039 403
person 0.317567 823 344 837 381
person 0.298700 944 330 960 367
person 0.270169 1729 312 1753 364
