person 0.996253 1572 398 1624 526
person 0.991642 227 425 268 519
person 0.985577 400 423 440 514
person 0.984466 1024 441 1079 606
person 0.975972 1443 378 1480 470
person 0.968094 1769 349 1811 434
person 0.961353 591 397 625 485
person 0.946692 1452 478 1516 671
person 0.939758 1233 385 1263 476
person 0.877755 933 441 973 571
person 0.868105 1262 385 1292 479
person 0.844810 1563 342 1590 397
person 0.696134 353 301 1863 454
person 0.628537 1368 331 1391 385
person 0.609409 335 333 348 359
person 0.579930 834 363 853 407
person 0.539627 1333 339 1359 385
person 0.524521 1190 337 1211 397
person 0.511847 612 338 625 360
person 0.444088 892 341 911 387
person 0.433749 383 335 397 362
person 0.412050 301 359 319 380
person 0.388311 930 381 955 517
person 0.376806 849 363 867 403
person 0.376158 1044 339 1062 396
person 0.370408 1066 341 1088 394
person 0.342577 1019 340 1038 396
person 0.328874 380 344 395 368
person 0.314009 416 336 429 361
person 0.282510 824 345 837 380
person 0.279513 1488 359 1510 383
person 0.281106 1730 303 1753 351
person 0.995637 1573 398 1624 527
person 0.991976 230 424 268 520
person 0.989332 398 424 439 516
person 0.985263 1439 379 1479 471
person 0.975349 1027 445 1081 603
person 0.973828 590 396 624 485
person 0.967034 1231 385 1264 477
person 0.962909 1771 349 1806 434
person 0.953542 1459 475 1504 669
person 0.940428 932 444 975 572
person 0.917210 1260 385 1294 479
person 0.743855 342 302 1875 454
person 0.686617 1564 343 1591 395
person 0.662514 1368 333 1391 385
person 0.658298 334 333 349 359
person 0.515531 1333 341 1358 385
person 0.511908 613 338 626 360
person 0.510133 891 338 910 388
person 0.500205 382 335 397 362
person 0.490326 835 367 853 406
person 0.466524 1191 354 1212 404
person 0.443683 379 344 395 369
person 0.400412 851 367 868 403
person 0.349130 416 336 430 361
person 0.343465 300 358 319 379
person 0.326599 1043 353 1062 404
person 0.319873 1065 351 1087 404
person 0.310772 1020 350 1040 405
person 0.298395 927 393 952 451
person 0.284301 942 328 959 370
person 0.271882 825 346 838 381
person 0.269715 930 387 954 505
person 0.251907 860 339 876 388
