person 0.995547 1574 398 1624 525
person 0.988709 232 425 269 519
person 0.987792 398 425 437 514
person 0.987479 1435 377 1478 469
person 0.983291 588 396 625 484
person 0.959613 1229 386 1263 477
person 0.958906 1029 448 1090 600
person 0.954515 1770 350 1803 433
person 0.942966 1461 474 1505 670
person 0.930790 932 439 977 575
person 0.916267 1261 385 1294 479
person 0.761768 315 303 1896 450
person 0.667599 336 334 350 359
person 0.613724 1368 333 1391 384
person 0.593126 848 360 866 406
person 0.590604 1564 343 1591 396
person 0.564491 380 336 395 362
person 0.559167 835 360 854 408
person 0.533153 1192 353 1213 405
person 0.495592 613 337 627 360
person 0.480399 892 339 912 387
person 0.455177 1336 338 1359 385
person 0.446827 1065 351 1087 405
person 0.441307 1043 352 1063 404
person 0.412078 1020 349 1040 405
person 0.377395 928 390 954 505
person 0.350889 415 336 430 361
person 0.342451 300 358 320 379
person 0.284970 1734 305 1754 349
person 0.263066 942 327 959 371
person 0.253740 625 336 639 360
person 0.250824 925 394 951 450
person 0.251403 421 345 437 365
person 0.996418 1575 398 1624 525
person 0.990474 231 425 270 520
person 0.987557 397 422 434 516
person 0.986387 587 397 625 484
person 0.985367 1432 379 1475 469
person 0.960167 1455 478 1520 672
person 0.956592 1030 454 1094 594
person 0.952126 1232 387 1261 476
person 0.949893 1766 350 1800 433
person 0.903375 1263 386 1293 479
person 0.865864 932 440 976 576
person 0.790777 311 306 1905 452
person 0.779967 1561 343 1590 396
person 0.662503 334 335 349 360
person 0.623837 381 336 397 362
person 0.619172 927 391 954 505
person 0.610202 1368 334 1392 384
person 0.511706 1191 353 1212 404
person 0.497826 851 363 869 404
person 0.475992 1019 347 1041 406
person 0.459669 614 337 628 359
person 0.460151 1732 313 1754 363
person 0.456871 1338 338 1363 385
person 0.430001 1039 351 1058 405
person 0.412007 1065 350 1088 405
person 0.385822 299 358 320 381
person 0.356693 893 339 914 388
person 0.336802 416 336 431 361
person 0.328488 378 343 394 367
person 0.308719 1045 341 1062 395
person 0.262715 625 337 639 360
