person 0.996917 1576 397 1624 526
person 0.990558 1430 379 1473 470
person 0.990044 230 425 269 521
person 0.981078 396 423 433 517
person 0.980465 587 397 625 485
person 0.977579 1455 478 1522 673
person 0.942119 1032 451 1093 598
person 0.938620 1231 387 1261 476
person 0.917908 1766 350 1798 433
person 0.905753 1263 386 1295 480
person 0.837893 933 446 977 573
person 0.793439 323 307 1891 453
person 0.755747 1560 343 1589 398
person 0.711656 848 361 869 407
person 0.694154 927 395 953 500
person 0.656065 334 335 349 360
person 0.581355 1368 334 1391 385
person 0.535327 1190 355 1212 403
person 0.523407 382 336 397 362
person 0.502618 1338 339 1360 385
person 0.466582 893 339 913 390
person 0.434099 301 356 322 380
person 0.434412 1020 348 1041 406
person 0.413132 1037 351 1056 404
person 0.407843 614 338 626 360
person 0.371140 824 345 838 378
person 0.362837 1065 342 1088 394
person 0.351233 417 336 430 361
person 0.317836 1734 310 1757 362
person 0.303509 1043 341 1061 395
person 0.259833 421 345 436 366
person 0.993621 1577 398 1624 527
person 0.991019 230 425 270 521
person 0.984797 1430 379 1472 470
person 0.981910 586 398 624 486
person 0.980088 394 424 430 518
person 0.967355 1458 478 1526 675
person 0.964442 1227 388 1260 476
person 0.950757 1034 455 1096 596
person 0.919842 1764 351 1797 432
person 0.880142 1264 387 1296 478
person 0.834468 934 445 977 573
person 0.794595 324 307 1890 453
person 0.700737 847 362 868 407
person 0.646913 335 334 349 360
person 0.609181 1561 344 1592 397
person 0.570933 1368 334 1391 385
person 0.563333 928 391 954 504
person 0.547528 381 344 396 369
person 0.516718 1734 309 1757 364
person 0.492891 1189 356 1211 403
person 0.469166 383 335 398 363
person 0.428296 301 357 321 380
person 0.421244 416 335 429 362
person 0.408861 1342 337 1364 385
person 0.385388 1037 351 1056 404
person 0.385437 895 342 915 388
person 0.382162 613 337 626 361
person 0.362898 1020 350 1041 405
person 0.354434 1065 350 1088 406
person 0.274714 1043 341 1061 396
