person 0.992506 1578 398 1625 525
person 0.991334 229 426 270 521
person 0.989516 1429 380 1469 470
person 0.977873 587 398 623 487
person 0.971228 1036 453 1095 601
person 0.971375 393 423 429 519
person 0.970878 1460 476 1529 679
person 0.966596 1225 388 1260 477
person 0.904580 1264 388 1298 478
person 0.891748 933 444 977 574
person 0.880746 1764 349 1791 427
person 0.793983 329 306 1885 455
person 0.642542 382 344 397 370
person 0.627113 1367 333 1392 386
person 0.619779 335 335 350 360
person 0.618192 1562 343 1591 399
person 0.601363 850 362 870 406
person 0.573084 1189 355 1211 404
person 0.508390 1066 350 1088 406
person 0.490866 1343 337 1365 386
person 0.478483 1735 310 1757 364
person 0.431758 1039 352 1058 404
person 0.428563 301 357 320 379
person 0.405088 927 393 953 498
person 0.383236 1020 350 1040 405
person 0.378421 614 338 626 360
person 0.365386 416 336 430 362
person 0.347019 925 396 950 451
person 0.338940 895 342 915 388
person 0.332434 420 344 434 366
person 0.991018 230 426 270 522
person 0.990907 1578 396 1625 528
person 0.986767 1429 379 1468 470
person 0.984655 1461 477 1533 679
person 0.973235 1224 387 1259 478
person 0.972139 587 398 622 488
person 0.965561 391 424 429 518
person 0.936033 1046 447 1101 605
person 0.933798 1265 390 1299 490
person 0.891733 934 441 976 579
person 0.851401 1762 349 1790 427
person 0.792138 345 303 1870 459
person 0.725234 850 362 872 408
person 0.676442 1367 334 1392 386
person 0.636190 1189 356 1210 405
person 0.628460 334 334 349 361
person 0.542452 1066 350 1088 406
person 0.519915 381 344 397 368
person 0.508069 1342 336 1365 386
person 0.455619 1038 351 1057 404
person 0.450153 1739 311 1761 361
person 0.432823 1564 346 1591 393
person 0.430858 301 357 320 378
person 0.426396 1020 350 1040 405
person 0.392764 896 341 916 390
person 0.378015 614 337 627 361
person 0.369530 925 397 950 450
person 0.337339 417 335 432 362
person 0.302996 421 344 436 366
person 0.285398 927 393 953 496
person 0.265886 1890 321 1908 362
person 0.257682 1829 347 1844 367
