person 0.990413 1580 401 1626 524
person 0.986912 229 425 270 523
person 0.979762 1462 477 1537 679
person 0.976606 1047 450 1105 604
person 0.974959 1427 379 1464 471
person 0.967736 587 400 619 489
person 0.959626 1224 388 1259 477
person 0.942282 1265 391 1299 489
person 0.922418 390 425 427 519
person 0.902256 933 440 975 580
person 0.831147 849 362 871 409
person 0.827264 1760 355 1791 438
person 0.779342 337 304 1873 462
person 0.749126 1189 354 1210 408
person 0.631284 334 335 350 360
person 0.563609 381 344 397 369
person 0.561589 1367 335 1393 387
person 0.489558 1562 349 1588 407
person 0.488555 1019 348 1041 407
person 0.487460 1065 348 1088 407
person 0.473491 1342 336 1367 387
person 0.468643 1038 351 1057 405
person 0.453418 1739 303 1762 353
person 0.401669 301 358 319 378
person 0.367648 613 336 627 361
person 0.348459 421 345 436 367
person 0.341310 416 336 430 362
person 0.321644 926 396 950 449
person 0.309521 894 364 913 398
person 0.310108 895 341 914 388
person 0.287809 928 393 954 497
person 0.992692 1465 483 1538 689
person 0.989223 1582 400 1629 525
person 0.986793 1049 447 1105 606
person 0.984763 228 425 271 524
person 0.970660 1426 378 1462 471
person 0.965574 587 401 619 488
person 0.952971 1264 392 1299 489
person 0.950694 1223 388 1258 477
person 0.912313 387 428 418 517
person 0.899488 1758 354 1792 439
person 0.866737 934 439 975 581
person 0.782856 853 361 874 406
person 0.767502 351 303 1863 458
person 0.713903 1190 355 1211 408
person 0.665839 1368 335 1392 389
person 0.654655 335 334 350 360
person 0.613250 1559 348 1584 409
person 0.577672 1341 339 1364 386
person 0.485150 382 344 398 369
person 0.457329 1020 350 1040 406
person 0.416313 1741 304 1762 352
person 0.399366 613 337 626 361
person 0.373040 1038 352 1056 404
person 0.355684 1066 350 1088 406
person 0.346635 417 336 430 362
person 0.344268 899 344 917 386
person 0.343177 421 345 436 367
person 0.324349 927 393 953 496
person 0.319909 301 357 320 379
person 0.310700 899 364 917 399
person 0.297029 925 397 950 448
person 0.253371 1044 341 1061 394
