person 0.983841 982 273 1023 400
person 0.972445 690 267 729 383
person 0.967116 1096 291 1147 423
person 0.961508 936 233 960 319
person 0.915871 1587 227 1641 328
person 0.900630 1216 231 1261 339
person 0.873714 1652 210 1689 305
person 0.810219 1526 198 1559 278
person 0.798624 1360 205 1398 306
person 0.708399 637 159 654 188
person 0.691353 684 225 709 283
person 0.682126 516 160 532 192
person 0.667848 486 167 503 194
person 0.605176 1008 209 1032 275
person 0.582235 1335 201 1365 283
person 0.534418 1794 213 1836 309
person 0.532492 680 161 694 184
person 0.514173 563 162 579 188
person 0.461935 441 185 463 209
person 0.351825 273 130 1919 304
person 0.326171 1242 230 1278 330
person 0.300389 1842 198 1888 273
person 0.266773 827 147 838 171
person 0.985722 1106 285 1161 413
person 0.967733 690 265 733 381
person 0.958379 983 275 1021 399
person 0.948683 1218 231 1270 338
person 0.946885 1592 228 1641 325
person 0.936573 939 234 961 323
person 0.883538 1650 207 1689 307
person 0.852892 1362 201 1401 305
person 0.842611 1798 212 1842 306
person 0.836542 637 160 654 189
person 0.724237 1335 202 1368 283
person 0.717148 487 166 504 194
person 0.704150 683 221 708 268
person 0.692201 1527 200 1561 280
person 0.603608 516 160 532 192
person 0.567721 679 163 693 187
person 0.554471 1006 211 1033 303
person 0.531403 562 161 578 186
person 0.505892 441 185 463 209
person 0.422778 281 130 1919 304
person 0.283982 1706 193 1738 237
