person 0.995715 1466 484 1539 689
person 0.993330 1051 444 1107 609
person 0.986567 1582 399 1628 527
person 0.981550 228 426 272 523
person 0.974645 586 401 619 489
person 0.943871 1262 391 1299 490
person 0.922595 1426 378 1459 470
person 0.918528 386 428 419 520
person 0.888920 934 436 975 582
person 0.881817 851 360 875 408
person 0.867458 1224 388 1257 478
person 0.848726 1557 351 1583 408
person 0.840156 1758 354 1792 438
person 0.780297 1190 355 1211 408
person 0.769588 342 301 1876 461
person 0.628631 334 335 349 361
person 0.604110 381 344 397 369
person 0.601939 1366 334 1391 389
person 0.547416 1020 349 1041 406
person 0.475044 1066 350 1088 406
person 0.468155 1038 352 1057 405
person 0.446844 900 342 919 387
person 0.439502 1340 338 1364 388
person 0.402123 614 337 628 362
person 0.364354 417 337 430 361
person 0.359734 1743 312 1764 359
person 0.353514 421 345 436 366
person 0.325194 927 392 953 498
person 0.300886 299 364 318 388
person 0.286433 830 350 844 376
person 0.281235 1484 366 1509 389
person 0.283106 302 357 321 379
person 0.268536 932 339 951 384
person 0.996429 1466 485 1541 689
person 0.995830 1054 448 1108 605
person 0.983324 1583 398 1630 525
person 0.981071 586 402 618 489
person 0.979544 228 426 272 523
person 0.945329 1264 390 1300 491
person 0.907259 1224 388 1257 477
person 0.893900 385 428 418 518
person 0.888844 1750 358 1786 436
person 0.858317 934 438 975 581
person 0.845017 1556 350 1580 408
person 0.837630 851 360 873 407
person 0.823124 1190 354 1211 409
person 0.818809 1423 377 1450 470
person 0.757882 352 302 1860 462
person 0.703589 382 344 398 369
person 0.674530 334 336 349 361
person 0.608956 1367 335 1391 389
person 0.519765 1020 350 1040 407
person 0.482509 1038 353 1056 405
person 0.457516 1067 351 1088 406
person 0.447710 927 394 953 497
person 0.423024 422 344 437 367
person 0.418155 1743 305 1766 351
person 0.405102 1342 338 1366 389
person 0.365339 418 336 431 362
person 0.307485 612 337 626 362
person 0.297791 901 346 917 384
person 0.290506 1887 323 1908 363
person 0.278285 831 351 845 378
