person 0.996238 1468 487 1546 688
person 0.993464 1058 447 1110 604
person 0.987756 585 401 618 488
person 0.985204 1582 398 1630 525
person 0.978872 229 426 272 522
person 0.953499 1748 359 1785 436
person 0.937937 1421 377 1450 471
person 0.936531 383 428 417 518
person 0.922399 1226 387 1258 478
person 0.866500 1265 391 1299 489
person 0.846170 1555 349 1580 411
person 0.835415 934 438 974 579
person 0.776459 1190 355 1211 409
person 0.728512 854 361 874 405
person 0.725062 360 301 1855 464
person 0.659595 334 336 349 361
person 0.657759 383 344 399 369
person 0.566284 1366 334 1390 389
person 0.524943 1743 305 1766 350
person 0.498021 1020 350 1040 407
person 0.443674 1038 353 1056 405
person 0.435296 421 344 436 366
person 0.401900 931 389 960 548
person 0.373223 1067 353 1088 405
person 0.370703 926 394 952 498
person 0.348988 416 337 430 362
person 0.326427 1342 338 1364 387
person 0.307961 1885 317 1907 366
person 0.308837 1857 318 1883 364
person 0.301627 901 364 918 398
person 0.291344 300 365 319 389
person 0.265273 1483 366 1508 389
person 0.995744 1470 488 1541 689
person 0.994676 1062 443 1114 606
person 0.988992 585 401 618 489
person 0.982434 1585 397 1632 524
person 0.960948 228 425 272 523
person 0.957706 1420 378 1449 471
person 0.955832 381 427 417 518
person 0.944599 1223 387 1258 478
person 0.940469 1748 359 1785 435
person 0.901508 1266 390 1301 489
person 0.850891 934 435 974 585
person 0.802681 1554 350 1579 413
person 0.736492 357 303 1863 462
person 0.730787 1189 353 1211 409
person 0.713539 855 360 876 405
person 0.617446 380 343 397 368
person 0.604209 333 336 349 361
person 0.514332 1367 336 1391 389
person 0.486266 1020 350 1040 406
person 0.440894 1039 353 1057 405
person 0.379567 926 393 952 499
person 0.375269 895 345 910 384
person 0.371982 1067 352 1089 405
person 0.333107 419 337 432 361
person 0.297103 301 365 319 389
person 0.292182 931 347 946 381
person 0.287188 832 350 846 379
person 0.285411 423 345 438 366
person 0.283367 960 343 975 380
person 0.276612 612 337 624 361
person 0.271842 1343 341 1364 387
