person 0.995555 1470 486 1540 689
person 0.988129 1586 398 1634 524
person 0.986390 585 401 618 488
person 0.982848 1064 444 1120 603
person 0.970844 227 426 273 522
person 0.963583 1416 379 1448 469
person 0.963136 1222 388 1258 477
person 0.958416 380 428 416 519
person 0.943493 1747 359 1785 435
person 0.939618 1266 390 1301 490
person 0.901583 934 433 973 587
person 0.807288 1555 353 1580 411
person 0.778771 1188 354 1210 409
person 0.710297 855 362 878 405
person 0.710124 336 304 1878 459
person 0.694305 380 343 396 368
person 0.601466 333 337 349 361
person 0.544990 1020 349 1040 407
person 0.496150 1368 337 1390 386
person 0.455618 1038 353 1057 405
person 0.433619 1067 352 1089 406
person 0.401742 894 345 911 383
person 0.385131 421 345 435 365
person 0.372133 1343 341 1365 387
person 0.363882 832 350 846 377
person 0.354330 930 345 948 382
person 0.340826 960 341 977 379
person 0.311996 416 337 430 362
person 0.307950 927 390 952 502
person 0.266222 1484 366 1508 389
person 0.250137 612 337 625 361
person 0.996188 1472 488 1538 689
person 0.991662 1589 398 1637 523
person 0.986252 584 400 618 489
person 0.985618 1067 445 1125 602
person 0.975329 1412 380 1445 471
person 0.965947 1223 388 1258 477
person 0.963329 228 426 272 523
person 0.957917 376 429 415 518
person 0.928315 1745 359 1784 435
person 0.900352 1267 389 1301 490
person 0.893959 933 433 973 585
person 0.765816 1188 352 1210 410
person 0.711377 320 302 1892 461
person 0.674955 857 360 880 405
person 0.626197 1555 356 1579 410
person 0.584748 1366 338 1391 388
person 0.579274 333 336 348 362
person 0.533083 380 343 397 369
person 0.510457 1020 350 1040 407
person 0.427793 1067 352 1089 406
person 0.428341 1038 352 1056 405
person 0.417537 930 387 959 552
person 0.403065 1342 340 1367 388
person 0.388286 891 343 908 382
person 0.381461 1749 311 1772 361
person 0.368774 962 340 979 380
person 0.350662 929 343 948 385
person 0.337658 833 350 848 379
person 0.315058 416 336 430 362
person 0.305457 1855 316 1884 365
person 0.303921 422 345 437 366
person 0.291467 1882 320 1903 367
person 0.270027 1484 367 1509 389
person 0.266700 864 348 879 383
