person 0.995678 1471 487 1536 691
person 0.993378 1589 400 1638 522
person 0.985257 584 400 617 489
person 0.980320 1071 445 1129 601
person 0.968558 228 425 272 524
person 0.968299 1411 378 1442 473
person 0.968146 1223 388 1258 477
person 0.945085 374 430 413 518
person 0.936776 1741 358 1780 436
person 0.901512 933 433 972 582
person 0.878838 1268 390 1301 490
person 0.800428 1188 353 1211 410
person 0.760198 1546 346 1579 428
person 0.752315 344 303 1870 461
person 0.689184 858 362 880 407
person 0.616782 381 344 398 370
person 0.603876 1365 337 1391 388
person 0.554920 334 336 350 361
person 0.539373 1020 349 1041 408
person 0.529262 1037 353 1056 406
person 0.515852 1343 337 1371 390
person 0.476590 1067 352 1090 407
person 0.360066 928 386 957 554
person 0.356355 929 344 946 380
person 0.335571 420 345 435 366
person 0.304167 833 349 848 380
person 0.282653 300 366 318 387
person 0.279268 961 340 977 379
person 0.274032 1484 366 1509 389
person 0.276234 415 337 429 362
person 0.276123 894 344 910 380
person 0.253447 863 348 878 382
person 0.994222 1472 488 1533 690
person 0.992306 1590 399 1639 523
person 0.984493 227 425 273 523
person 0.978149 583 400 616 488
person 0.977970 1407 380 1442 472
person 0.973360 1073 436 1128 607
person 0.964482 1224 387 1257 476
person 0.938914 373 428 411 520
person 0.904028 934 445 970 575
person 0.902183 1267 387 1301 480
person 0.892983 1742 358 1782 436
person 0.791884 1188 353 1210 410
person 0.753204 1543 348 1579 425
person 0.746484 346 304 1870 458
person 0.650256 858 363 880 407
person 0.639563 380 343 397 369
person 0.608618 1366 336 1390 388
person 0.579643 1344 336 1368 390
person 0.557458 333 335 349 362
person 0.444242 927 392 951 495
person 0.424570 1037 353 1056 406
person 0.417554 1020 350 1040 407
person 0.385320 1067 353 1089 406
person 0.374525 1856 318 1882 365
person 0.363390 929 343 947 383
person 0.317394 415 336 429 362
person 0.294094 612 337 626 361
person 0.288480 419 344 434 366
person 0.279033 303 357 322 378
person 0.255377 834 349 849 380
