person 0.993155 1468 490 1525 689
person 0.993048 1591 399 1640 523
person 0.987186 227 425 273 523
person 0.980963 1402 381 1438 471
person 0.968716 1223 387 1256 478
person 0.968054 582 400 615 489
person 0.961695 370 428 409 520
person 0.934708 1077 440 1129 604
person 0.910884 1739 357 1776 438
person 0.909786 1269 389 1301 490
person 0.879387 935 444 971 574
person 0.788008 1542 348 1578 425
person 0.765553 340 299 1871 463
person 0.751566 1188 354 1209 410
person 0.696372 1364 334 1388 388
person 0.660066 380 343 396 369
person 0.606000 858 363 880 407
person 0.595712 333 335 349 361
person 0.528215 1345 334 1368 387
person 0.482893 929 390 952 498
person 0.384220 1037 353 1055 404
person 0.370353 1857 312 1885 365
person 0.364642 1068 353 1089 405
person 0.336037 1021 351 1040 405
person 0.319871 414 336 427 362
person 0.314089 929 344 946 384
person 0.307293 612 337 625 361
person 0.294965 303 356 322 378
person 0.278712 833 349 849 379
person 0.257458 420 345 435 366
person 0.994363 1593 398 1641 524
person 0.994245 1468 490 1527 689
person 0.989936 228 425 273 522
person 0.984594 1400 380 1437 471
person 0.976007 582 400 615 489
person 0.965555 367 427 408 520
person 0.959646 1223 387 1255 479
person 0.952995 1089 441 1136 590
person 0.919229 1739 355 1774 438
person 0.916113 1269 388 1302 490
person 0.884185 935 448 971 574
person 0.777652 1542 347 1576 425
person 0.759355 1188 354 1210 409
person 0.744039 334 299 1876 460
person 0.735967 1366 335 1389 386
person 0.605074 380 343 395 370
person 0.604532 1346 334 1369 390
person 0.521324 929 389 953 499
person 0.511985 860 365 879 403
person 0.499493 334 335 349 361
person 0.373966 1853 314 1883 365
person 0.361763 613 337 626 361
person 0.347640 1036 354 1053 403
person 0.347010 931 343 948 381
person 0.329321 302 357 321 379
person 0.324580 1069 355 1090 404
person 0.306462 964 342 979 377
person 0.282691 1021 352 1040 405
person 0.281402 417 335 429 362
person 0.256046 860 349 874 382
