person 0.994590 1466 491 1527 688
person 0.992894 1593 400 1641 524
person 0.991025 228 425 272 520
person 0.985758 1397 380 1436 471
person 0.985092 1087 442 1143 602
person 0.984668 580 400 616 489
person 0.977841 365 427 406 519
person 0.935889 1222 387 1254 479
person 0.922056 1269 387 1301 478
person 0.900129 935 451 971 573
person 0.895752 1738 354 1770 439
person 0.737894 1540 348 1575 423
person 0.714052 1366 335 1389 385
person 0.677097 1188 354 1209 407
person 0.657424 366 301 1846 461
person 0.639876 930 393 955 495
person 0.596203 860 360 882 407
person 0.536641 1345 334 1367 387
person 0.478170 334 335 349 361
person 0.381817 613 338 626 361
person 0.376006 382 335 397 364
person 0.325943 836 345 851 378
person 0.305562 1035 353 1053 403
person 0.302067 1069 338 1091 394
person 0.288626 302 358 320 379
person 0.277817 932 342 950 382
person 0.277449 964 341 981 379
person 0.260472 1021 351 1040 405
person 0.995047 1468 491 1530 688
person 0.993522 1593 400 1641 524
person 0.991611 227 425 272 519
person 0.984518 1396 379 1434 469
person 0.982708 578 399 614 488
person 0.977692 364 427 405 519
person 0.975416 1222 387 1254 478
person 0.963690 1087 448 1147 597
person 0.926212 1735 349 1766 434
person 0.867657 1269 387 1301 479
person 0.864016 935 447 971 572
person 0.751677 1537 348 1573 421
person 0.744542 1365 335 1389 385
person 0.688770 1188 355 1209 408
person 0.679861 349 300 1863 463
person 0.613020 862 361 883 407
person 0.549892 379 343 394 369
person 0.528220 333 336 348 362
person 0.492137 1345 335 1368 387
person 0.467247 932 388 956 503
person 0.415914 1069 338 1091 393
person 0.395707 929 338 949 386
person 0.340787 1852 316 1881 364
person 0.332097 612 338 625 361
person 0.307760 836 344 852 378
person 0.304739 1035 352 1053 404
person 0.304036 965 337 982 379
person 0.297317 1020 349 1041 406
person 0.280076 856 346 870 385
person 0.270569 420 336 433 362
person 0.266648 423 344 436 366
