person 0.996169 1467 490 1534 687
person 0.992123 1593 400 1641 524
person 0.990284 227 426 272 519
person 0.984222 576 398 615 489
person 0.982421 362 425 403 520
person 0.980780 1394 381 1434 471
person 0.978905 1222 388 1254 476
person 0.954575 1091 448 1154 597
person 0.941817 1733 350 1765 434
person 0.885767 1272 389 1303 489
person 0.792326 935 444 971 572
person 0.791217 1538 348 1572 425
person 0.714083 1366 336 1389 384
person 0.690348 323 300 1886 463
person 0.643599 1187 352 1209 408
person 0.642018 933 383 960 555
person 0.557829 332 336 348 362
person 0.529475 378 343 394 368
person 0.483522 1346 337 1368 386
person 0.446211 864 360 884 405
person 0.359068 1852 315 1881 364
person 0.344704 932 339 949 383
person 0.339044 613 340 624 359
person 0.322988 1070 340 1092 393
person 0.302100 422 344 437 366
person 0.277004 1034 352 1053 405
person 0.276020 835 346 851 379
person 0.268236 857 347 871 384
person 0.255302 1021 351 1041 405
person 0.251905 965 337 981 378
person 0.996228 1466 491 1536 686
person 0.990764 1594 398 1642 525
person 0.990197 227 425 271 519
person 0.985434 1221 388 1254 476
person 0.981578 576 398 614 488
person 0.980343 361 423 401 520
person 0.970380 1394 378 1430 469
person 0.962639 1730 351 1763 433
person 0.956363 1093 458 1158 590
person 0.904659 1272 390 1302 489
person 0.835879 1537 346 1572 423
person 0.778889 934 442 973 572
person 0.709561 305 303 1900 463
person 0.667705 1366 335 1388 384
person 0.663111 334 336 349 361
person 0.601889 380 343 396 368
person 0.560247 1186 355 1208 407
person 0.429168 1347 338 1368 384
person 0.421810 933 377 957 519
person 0.401052 613 339 625 360
person 0.378000 865 364 885 406
person 0.339972 1852 319 1880 363
person 0.336544 417 336 431 362
person 0.299382 1767 302 1790 353
person 0.253849 856 348 870 382
person 0.252188 1069 342 1091 390
