person 0.996973 1465 490 1543 687
person 0.993242 225 425 269 518
person 0.990706 1594 398 1642 525
person 0.988400 361 423 399 522
person 0.984984 1219 389 1253 475
person 0.980221 576 398 615 488
person 0.980098 1729 352 1764 432
person 0.965573 1093 454 1157 592
person 0.953614 1390 378 1426 467
person 0.873985 1273 390 1302 489
person 0.856549 1535 345 1572 422
person 0.833688 931 387 966 592
person 0.734655 321 301 1892 462
person 0.650272 334 335 349 360
person 0.643515 1366 335 1389 385
person 0.593672 1186 355 1209 406
person 0.510392 613 338 626 360
person 0.488209 380 343 396 368
person 0.486371 867 366 888 409
person 0.484521 1768 301 1790 349
person 0.430605 417 336 431 362
person 0.394107 855 346 870 382
person 0.374935 1852 318 1881 362
person 0.366692 1348 339 1371 388
person 0.345819 836 346 852 378
person 0.333738 301 357 320 380
person 0.327997 1070 341 1092 392
person 0.304433 888 340 905 383
person 0.283803 934 343 950 378
person 0.281113 933 377 957 520
person 0.263470 1034 353 1053 404
person 0.996557 1462 490 1544 685
person 0.992584 226 424 268 518
person 0.987202 1217 387 1254 476
person 0.987010 359 424 397 519
person 0.984086 1595 396 1643 525
person 0.978386 575 398 614 488
person 0.967552 1728 351 1763 433
person 0.947241 1390 377 1425 466
person 0.934940 1095 451 1156 593
person 0.867680 1270 386 1301 479
person 0.834155 930 390 966 591
person 0.769301 1535 345 1571 418
person 0.723672 321 299 1892 458
person 0.678712 334 335 348 360
person 0.610264 1365 336 1387 384
person 0.548911 613 338 627 360
person 0.486064 864 361 884 405
person 0.483989 381 343 397 368
person 0.482658 1187 357 1209 404
person 0.479309 418 336 432 362
person 0.459115 855 345 870 384
person 0.432938 1768 299 1790 351
person 0.390945 888 340 906 386
person 0.368220 837 345 852 378
person 0.358506 1071 341 1093 391
person 0.356729 1348 337 1370 387
person 0.333518 302 357 321 380
person 0.316608 934 378 957 519
person 0.306774 421 344 435 366
person 0.298340 1849 320 1882 362
person 0.291264 934 341 951 378
person 0.267364 1036 344 1052 392
