person 0.997183 1460 490 1543 684
person 0.993118 225 424 268 519
person 0.986544 359 424 396 520
person 0.980808 1594 398 1643 523
person 0.979392 1217 386 1253 476
person 0.971162 576 398 614 488
person 0.964712 1098 449 1161 595
person 0.960474 1726 352 1760 433
person 0.884171 1388 379 1422 468
person 0.859945 1272 390 1302 488
person 0.834244 930 432 972 576
person 0.686227 327 299 1889 456
person 0.672345 333 334 349 360
person 0.620675 1366 335 1389 382
person 0.562599 613 338 626 360
person 0.531462 1535 344 1570 418
person 0.482763 382 336 398 363
person 0.459441 855 346 870 384
person 0.448803 418 336 432 361
person 0.429339 1186 356 1209 403
person 0.406411 1346 339 1368 384
person 0.387872 837 345 853 379
person 0.386818 1769 299 1792 352
person 0.368945 863 361 882 403
person 0.358317 886 341 905 385
person 0.334728 1069 352 1093 404
person 0.331674 932 379 958 519
person 0.330875 1037 343 1054 393
person 0.309103 302 357 322 382
person 0.294164 1852 324 1878 361
person 0.293688 935 337 951 379
person 0.282930 1020 342 1036 393
person 0.257499 966 340 981 376
person 0.996914 1455 491 1540 682
person 0.993806 224 423 268 519
person 0.982993 357 423 392 520
person 0.978970 1100 446 1164 596
person 0.977623 1596 395 1643 525
person 0.976992 1218 384 1252 476
person 0.957801 1723 352 1760 432
person 0.951395 577 401 613 486
person 0.945069 1380 379 1414 472
person 0.893624 931 441 973 572
person 0.888149 1269 385 1301 479
person 0.715111 333 334 348 360
person 0.706498 1531 342 1563 419
person 0.694347 326 298 1878 458
person 0.597796 382 335 399 363
person 0.597639 1769 299 1794 354
person 0.576141 1368 335 1389 382
person 0.550421 613 338 626 360
person 0.539942 934 378 958 516
person 0.464267 1346 340 1367 383
person 0.456165 418 335 433 361
person 0.451334 837 342 853 379
person 0.439661 854 344 869 384
person 0.384210 1188 339 1210 395
person 0.371338 886 338 905 389
person 0.336438 1069 353 1093 403
person 0.330159 867 362 885 404
person 0.319963 1038 342 1054 392
person 0.304106 1849 319 1881 362
person 0.303134 883 360 902 404
person 0.300606 1484 357 1510 384
person 0.301365 301 357 320 380
person 0.265169 967 339 982 374
person 0.262210 1020 341 1036 392
