person 0.997401 1453 492 1539 681
person 0.993998 222 423 268 518
person 0.983183 355 424 394 519
person 0.981096 1103 446 1165 596
person 0.969201 1219 383 1250 474
person 0.965395 1604 397 1651 523
person 0.958769 1378 379 1412 472
person 0.949656 1722 351 1759 432
person 0.948461 575 401 615 485
person 0.919608 931 446 973 571
person 0.917823 1270 385 1300 478
person 0.699620 333 334 348 360
person 0.650995 332 296 1877 459
person 0.632552 934 380 961 477
person 0.620414 1365 334 1388 383
person 0.594226 1532 341 1563 419
person 0.592630 613 339 626 359
person 0.569796 1770 298 1795 356
person 0.513908 382 336 398 363
person 0.507831 881 358 903 405
person 0.473832 419 335 434 361
person 0.463358 851 344 866 384
person 0.434659 837 343 854 378
person 0.397971 1069 352 1093 404
person 0.394712 1346 340 1366 383
person 0.365835 1484 356 1511 384
person 0.351785 1186 357 1208 402
person 0.342852 301 357 320 380
person 0.287979 932 329 947 366
person 0.269773 885 341 904 388
person 0.256105 1849 322 1882 362
person 0.257930 1036 342 1052 394
person 0.996994 1451 492 1536 682
person 0.992035 223 422 266 517
person 0.981645 1603 398 1652 522
person 0.975471 355 424 393 518
person 0.973723 1105 441 1168 600
person 0.972690 1216 380 1249 474
person 0.962100 1377 381 1411 470
person 0.939654 1721 352 1758 430
person 0.933718 574 400 614 486
person 0.923651 929 446 975 571
person 0.897505 1269 384 1300 479
person 0.729811 333 334 348 360
person 0.686580 935 380 962 476
person 0.654638 331 296 1875 461
person 0.650449 382 335 398 363
person 0.644329 1772 298 1797 355
person 0.597034 850 342 866 384
person 0.583010 613 339 624 358
person 0.581780 1364 331 1389 383
person 0.554591 1532 341 1561 421
person 0.509440 882 357 906 404
person 0.476692 419 335 433 361
person 0.422462 1347 334 1370 385
person 0.378192 1187 337 1210 396
person 0.352617 886 341 905 389
person 0.329919 301 356 321 379
person 0.303824 1482 356 1511 384
person 0.296227 1069 353 1093 403
person 0.289749 837 344 853 378
person 0.285676 1036 341 1052 394
person 0.279713 1021 353 1041 404
person 0.277764 935 328 951 368
person 0.268263 1852 323 1881 363
person 0.255325 965 330 982 368
