person 0.978845 1106 294 1159 419
person 0.967713 692 269 736 379
person 0.966235 1219 231 1270 339
person 0.961761 976 263 1028 393
person 0.949842 938 236 963 323
person 0.883156 1801 213 1845 307
person 0.841069 638 161 654 189
person 0.839914 1651 210 1687 306
person 0.820747 1593 229 1645 325
person 0.811253 1363 202 1402 304
person 0.733191 487 167 504 194
person 0.702659 1338 198 1371 285
person 0.657432 1537 199 1572 274
person 0.621303 516 161 532 193
person 0.547678 680 163 694 186
person 0.535660 684 221 707 267
person 0.513622 441 185 463 209
person 0.487486 1004 212 1034 301
person 0.477475 562 161 577 185
person 0.438186 1241 228 1278 331
person 0.380115 218 125 1722 303
person 0.981005 694 268 739 382
person 0.975003 1106 294 1167 418
person 0.971269 1223 228 1269 341
person 0.954378 976 262 1026 397
person 0.931956 939 235 964 322
person 0.881031 636 161 653 189
person 0.861885 1609 233 1654 325
person 0.787312 487 166 503 193
person 0.778413 1651 214 1686 303
person 0.772657 1804 214 1847 304
person 0.761460 1367 203 1402 304
person 0.731482 1338 202 1373 284
person 0.606147 517 161 532 191
person 0.595528 1541 198 1577 274
person 0.573599 683 226 709 283
person 0.573309 680 162 693 186
person 0.554113 563 160 578 185
person 0.473824 442 185 464 208
person 0.436996 1008 211 1029 273
person 0.412955 1594 222 1638 309
person 0.393819 238 125 1698 303
person 0.276835 228 164 246 194
person 0.260000 1708 192 1737 237
