person 0.996700 1449 493 1535 681
person 0.992368 222 422 264 517
person 0.976377 1603 400 1653 521
person 0.976169 1214 380 1249 475
person 0.969993 1116 448 1165 581
person 0.960034 1375 382 1409 470
person 0.959830 355 425 392 520
person 0.946649 570 397 604 485
person 0.946338 927 443 976 570
person 0.921744 1720 352 1758 429
person 0.919712 1269 384 1301 479
person 0.725067 935 379 963 477
person 0.699363 1774 300 1799 352
person 0.692333 333 333 348 359
person 0.688035 1531 341 1561 422
person 0.655058 320 295 1882 465
person 0.641229 382 335 398 363
person 0.625078 613 338 626 358
person 0.548235 850 342 868 384
person 0.480403 418 336 432 361
person 0.473081 1366 333 1389 383
person 0.409872 301 358 320 381
person 0.401963 882 359 905 404
person 0.401787 1347 336 1371 385
person 0.357494 1186 336 1209 397
person 0.352677 886 339 905 389
person 0.327408 1070 352 1095 403
person 0.287857 1482 357 1510 384
person 0.272829 1021 354 1041 403
person 0.270149 1851 319 1881 361
person 0.267519 1036 342 1054 395
person 0.250854 866 363 886 402
person 0.995494 1449 493 1531 682
person 0.993700 222 421 262 516
person 0.981135 1125 434 1170 592
person 0.978864 1213 381 1249 475
person 0.971807 346 426 381 516
person 0.969995 1371 386 1408 470
person 0.968930 1604 401 1654 520
person 0.947604 927 439 975 571
person 0.946790 571 398 602 485
person 0.926155 1270 384 1301 479
person 0.897791 1719 352 1757 429
person 0.684551 935 381 963 474
person 0.668054 333 333 348 358
person 0.665125 333 294 1873 463
person 0.629595 383 335 399 362
person 0.597786 614 337 627 358
person 0.596617 1775 301 1799 349
person 0.557783 417 336 431 360
person 0.539829 1366 334 1389 383
person 0.510177 850 342 867 384
person 0.498072 1185 336 1209 395
person 0.485772 1532 339 1559 398
person 0.465637 881 357 903 405
person 0.452672 301 357 321 380
person 0.367669 886 338 906 390
person 0.307673 1347 339 1368 382
person 0.295864 1073 343 1095 390
person 0.294575 1021 353 1040 404
person 0.281514 1037 342 1054 393
