person 0.994435 1449 494 1526 682
person 0.993076 1125 434 1171 588
person 0.992775 220 421 262 518
person 0.978592 345 427 383 516
person 0.976624 1214 380 1248 474
person 0.970839 1606 399 1655 521
person 0.966019 1368 384 1407 471
person 0.964094 926 445 974 569
person 0.960713 569 398 602 484
person 0.948668 1270 384 1301 478
person 0.922438 1715 351 1747 431
person 0.713428 1776 300 1802 352
person 0.702995 341 296 1867 459
person 0.659614 383 335 400 362
person 0.655910 935 382 963 476
person 0.638320 1185 334 1209 399
person 0.611910 333 333 348 358
person 0.561037 1530 340 1560 420
person 0.542643 301 357 319 380
person 0.542370 1367 333 1388 382
person 0.539890 613 337 627 358
person 0.532986 850 343 866 383
person 0.520034 883 358 905 405
person 0.520689 418 335 432 360
person 0.509871 1072 340 1096 394
person 0.490066 1349 333 1371 384
person 0.322130 1037 342 1054 394
person 0.321091 888 340 907 388
person 0.277238 1483 357 1510 384
person 0.994941 1448 492 1526 683
person 0.994434 1129 434 1170 592
person 0.993310 219 420 263 519
person 0.983522 343 428 383 516
person 0.974748 1607 399 1655 521
person 0.973508 1366 384 1406 471
person 0.973243 926 450 973 568
person 0.970702 1214 380 1247 475
person 0.951615 1269 384 1301 478
person 0.950088 568 399 602 484
person 0.944856 1714 351 1747 430
person 0.740657 1776 299 1801 352
person 0.712325 364 297 1848 457
person 0.670951 935 382 963 476
person 0.662464 1367 331 1388 382
person 0.661191 1348 331 1370 385
person 0.648208 883 356 906 405
person 0.628762 383 335 399 362
person 0.586551 1185 335 1209 399
person 0.575038 1531 341 1559 422
person 0.554421 849 341 867 385
person 0.541791 334 333 348 358
person 0.536415 302 356 320 380
person 0.522561 613 337 628 358
person 0.522510 1074 342 1096 391
person 0.497055 417 335 431 360
person 0.345764 1039 343 1056 391
person 0.281470 1854 322 1882 360
person 0.280114 888 342 907 389
person 0.276168 1825 301 1850 351
person 0.255208 1845 301 1876 352
