person 0.995889 1449 493 1525 683
person 0.994249 1131 439 1173 582
person 0.993605 218 421 263 518
person 0.993583 340 427 382 516
person 0.988628 1607 390 1659 518
person 0.977801 1362 386 1405 472
person 0.970967 1213 380 1245 474
person 0.957284 925 448 971 568
person 0.956058 567 400 602 484
person 0.953731 1713 351 1746 429
person 0.951948 1269 383 1301 477
person 0.713365 1530 342 1559 422
person 0.705213 1779 301 1804 352
person 0.693797 348 293 1860 459
person 0.668087 335 333 349 358
person 0.638151 383 335 398 362
person 0.623873 1364 330 1388 382
person 0.593417 417 334 431 359
person 0.574035 1185 337 1208 396
person 0.570657 935 382 962 475
person 0.551335 1347 332 1371 384
person 0.549180 1076 343 1097 391
person 0.541084 850 341 866 383
person 0.506449 885 356 907 404
person 0.503828 614 335 627 357
person 0.404665 1038 342 1055 392
person 0.380842 889 339 910 391
person 0.337940 1484 357 1510 383
person 0.292352 303 357 321 378
person 0.278729 1853 317 1882 360
person 0.263748 1020 343 1035 390
person 0.259376 1845 301 1878 353
person 0.997445 1133 431 1176 591
person 0.995305 1447 492 1525 685
person 0.994786 218 421 263 518
person 0.993451 340 428 382 516
person 0.987309 1609 389 1659 519
person 0.980576 1212 380 1246 476
person 0.971834 1359 385 1401 471
person 0.970973 567 400 602 484
person 0.952662 923 449 970 568
person 0.948578 1711 347 1743 435
person 0.946604 1269 384 1301 478
person 0.753485 1779 298 1805 354
person 0.703223 1528 342 1559 421
person 0.669776 332 295 1876 458
person 0.656677 1076 342 1098 394
person 0.626656 418 334 430 359
person 0.625246 384 334 398 362
person 0.617219 336 333 349 358
person 0.601741 1347 331 1370 386
person 0.593035 1365 332 1388 383
person 0.585581 849 339 865 384
person 0.573377 936 380 963 476
person 0.539921 886 357 908 406
person 0.521630 614 336 627 358
person 0.463267 1185 337 1209 396
person 0.403191 1040 342 1057 392
person 0.378200 303 357 320 378
person 0.345068 1846 299 1878 356
person 0.337249 891 336 911 392
person 0.334587 966 340 983 381
person 0.295092 1822 300 1847 355
person 0.269354 1486 358 1509 383
person 0.263465 1019 342 1035 392
person 0.254689 941 337 959 382
