person 0.996976 1135 431 1176 589
person 0.995441 217 420 262 518
person 0.993713 1448 493 1523 686
person 0.992445 338 427 382 516
person 0.985431 1612 396 1660 523
person 0.981859 1212 380 1245 476
person 0.975905 1358 385 1402 471
person 0.971335 567 400 602 484
person 0.967649 922 450 973 569
person 0.954839 1711 347 1741 434
person 0.952261 1270 383 1301 477
person 0.744300 1780 298 1804 351
person 0.741122 1528 343 1559 421
person 0.702648 346 294 1867 461
person 0.673625 937 380 964 475
person 0.665502 418 334 430 359
person 0.655349 336 333 348 358
person 0.653101 383 335 397 362
person 0.647744 1362 331 1389 382
person 0.581733 1076 343 1097 392
person 0.561222 1347 330 1372 385
person 0.530068 613 336 627 358
person 0.518192 1185 336 1209 397
person 0.474071 887 359 911 404
person 0.467298 852 339 868 382
person 0.410157 1039 342 1057 392
person 0.354820 1822 299 1847 355
person 0.346464 303 358 320 378
person 0.329222 1850 311 1880 362
person 0.324845 1019 342 1035 392
person 0.288719 891 337 911 390
person 0.997087 1137 432 1178 587
person 0.995565 338 427 382 516
person 0.995063 1449 493 1521 688
person 0.993743 218 420 260 517
person 0.986678 919 449 969 570
person 0.985282 1612 397 1660 522
person 0.980372 1357 388 1400 472
person 0.974569 1212 380 1244 476
person 0.964584 567 402 601 484
person 0.956279 1710 347 1740 433
person 0.944995 1269 383 1301 478
person 0.728739 1528 341 1558 421
person 0.720350 1781 299 1805 349
person 0.690687 355 294 1860 464
person 0.684502 937 380 965 471
person 0.662085 1363 331 1389 383
person 0.591386 1076 343 1097 392
person 0.578594 335 333 348 358
person 0.563305 613 336 627 357
person 0.534260 383 335 397 362
person 0.508050 417 334 430 358
person 0.498368 1185 338 1209 395
person 0.478217 1347 332 1372 385
person 0.447128 851 341 867 383
person 0.424247 1851 317 1879 362
person 0.411569 1040 342 1058 393
person 0.390148 887 357 910 404
person 0.383984 1822 301 1845 352
person 0.381704 1018 342 1035 393
person 0.354933 303 358 320 378
person 0.295240 964 342 980 383
person 0.287789 892 337 912 392
person 0.258826 1485 358 1509 383
