person 0.995102 1449 495 1518 686
person 0.994878 217 420 260 517
person 0.994687 337 426 380 517
person 0.994553 1139 429 1181 589
person 0.990409 920 449 970 572
person 0.982694 1612 398 1661 522
person 0.972731 567 401 600 484
person 0.965420 1356 384 1399 472
person 0.963384 1212 380 1243 476
person 0.948823 1708 345 1737 433
person 0.946411 1269 383 1301 479
person 0.786968 938 383 966 470
person 0.684010 364 296 1847 463
person 0.649095 1783 298 1808 354
person 0.622229 1076 343 1097 392
person 0.599951 335 333 348 358
person 0.589282 613 337 627 358
person 0.558036 383 335 398 363
person 0.552481 1362 331 1388 384
person 0.550852 1528 341 1558 420
person 0.529162 415 334 429 359
person 0.456187 1848 312 1879 364
person 0.453708 303 358 321 379
person 0.437824 889 361 912 403
person 0.418622 1042 343 1059 392
person 0.411254 1185 337 1209 393
person 0.397813 849 340 869 382
person 0.353708 1018 343 1035 393
person 0.325708 1347 332 1371 384
person 0.315223 1824 309 1850 362
person 0.302975 962 343 980 382
person 0.284673 891 337 913 390
person 0.278769 1485 358 1509 383
person 0.994865 335 426 379 516
person 0.994794 1139 428 1187 590
person 0.994648 218 420 260 518
person 0.991908 1449 498 1515 684
person 0.985952 919 452 967 572
person 0.984137 1612 399 1661 522
person 0.979064 566 401 601 485
person 0.969378 1210 383 1243 475
person 0.958480 1355 385 1396 472
person 0.942160 1268 384 1301 479
person 0.939502 1707 344 1733 435
person 0.825467 938 384 966 471
person 0.740778 1525 342 1555 423
person 0.726462 1784 299 1809 353
person 0.692556 347 297 1863 461
person 0.626844 1077 344 1097 391
person 0.599438 336 333 349 357
person 0.584333 383 335 397 362
person 0.537414 614 338 627 357
person 0.492800 417 335 430 359
person 0.476181 302 358 320 380
person 0.473371 890 361 913 404
person 0.455316 1361 331 1389 383
person 0.433239 1847 311 1879 362
person 0.421282 1184 338 1208 393
person 0.404131 1041 344 1058 392
person 0.400927 850 342 869 383
person 0.373912 1824 311 1850 362
person 0.361108 963 345 981 383
person 0.353381 1018 343 1034 394
person 0.331197 1022 355 1039 402
person 0.283852 1036 355 1054 401
person 0.260374 1347 332 1373 384
person 0.253976 891 338 912 390
