person 0.997023 1142 429 1192 589
person 0.992528 335 424 376 515
person 0.992434 1449 502 1515 685
person 0.992004 218 420 260 519
person 0.986940 1612 398 1663 522
person 0.984268 917 450 964 570
person 0.980412 566 399 599 485
person 0.967784 1210 383 1243 475
person 0.960921 1705 346 1733 434
person 0.950618 1269 384 1301 477
person 0.948479 1353 381 1393 467
person 0.767687 938 385 967 472
person 0.765917 1786 299 1809 352
person 0.735155 1524 343 1555 423
person 0.705891 374 295 1839 462
person 0.654114 893 356 915 403
person 0.599771 1075 344 1097 392
person 0.546165 382 335 395 361
person 0.541798 336 333 349 357
person 0.538858 854 341 871 384
person 0.529555 614 338 628 358
person 0.500664 1362 331 1389 384
person 0.462327 1040 343 1058 392
person 0.456232 1184 339 1207 390
person 0.380324 303 359 320 379
person 0.358074 416 335 429 357
person 0.356879 1848 316 1880 361
person 0.333220 966 344 984 382
person 0.331592 1018 343 1035 392
person 0.309819 1818 300 1842 353
person 0.305328 1825 316 1848 359
person 0.276032 1021 356 1040 403
person 0.266163 940 330 955 359
person 0.992133 916 452 964 574
person 0.991705 1149 439 1196 579
person 0.991219 218 422 258 519
person 0.990622 1613 398 1664 522
person 0.990364 333 424 373 515
person 0.990065 1448 503 1514 682
person 0.984102 566 399 599 486
person 0.971302 1211 384 1243 476
person 0.934785 1268 384 1301 477
person 0.894378 1352 379 1390 469
person 0.860029 1703 349 1729 417
person 0.798263 1522 341 1552 424
person 0.776906 938 386 968 471
person 0.762814 1787 298 1810 354
person 0.717304 156 305 1774 463
person 0.687196 892 357 915 405
person 0.589251 1846 311 1877 363
person 0.564350 301 358 319 380
person 0.544099 383 335 397 362
person 0.541438 1363 331 1390 385
person 0.527240 337 333 350 357
person 0.525406 1075 343 1097 393
person 0.514731 614 338 628 358
person 0.503989 1183 336 1206 395
person 0.472023 856 344 871 382
person 0.424787 416 336 429 359
person 0.381869 1033 353 1053 403
person 0.363069 1817 301 1841 354
person 0.340278 1040 343 1058 393
person 0.334585 1022 355 1040 404
person 0.290482 1484 356 1508 384
person 0.269269 1347 334 1371 385
person 0.265623 968 343 985 381
person 0.258203 71 422 87 437
person 0.255542 940 330 954 360
