person 0.994352 1613 397 1666 523
person 0.993590 916 453 960 575
person 0.993260 1149 441 1199 583
person 0.991457 218 422 257 519
person 0.989044 332 424 371 515
person 0.986768 1445 503 1515 684
person 0.983058 564 400 599 486
person 0.967574 1698 347 1729 433
person 0.961886 1210 383 1242 475
person 0.928436 1268 385 1301 478
person 0.879501 939 387 968 471
person 0.853420 1351 379 1388 469
person 0.783421 1521 341 1551 425
person 0.687396 374 299 1840 465
person 0.583166 300 359 318 381
person 0.573392 893 356 916 403
person 0.562167 1789 300 1812 351
person 0.552214 385 334 399 363
person 0.529828 337 333 350 357
person 0.521841 613 338 627 359
person 0.505892 1183 335 1206 396
person 0.445639 1076 344 1097 391
person 0.410832 1365 330 1390 386
person 0.375583 417 336 429 360
person 0.354288 855 340 872 384
person 0.338344 1484 356 1507 384
person 0.342107 1033 353 1052 403
person 0.303218 1041 344 1058 392
person 0.301141 1846 317 1876 360
person 0.276616 1812 301 1834 351
person 0.275528 72 422 86 437
person 0.266451 1022 356 1040 403
person 0.994317 916 453 959 577
person 0.991791 1614 396 1666 523
person 0.991576 330 423 370 517
person 0.989287 216 421 256 517
person 0.989039 1152 443 1200 579
person 0.984059 564 399 599 486
person 0.982104 1443 503 1516 685
person 0.970611 1696 349 1727 432
person 0.958314 1210 382 1241 475
person 0.934309 1268 385 1300 476
person 0.883587 1345 380 1377 469
person 0.871860 938 389 969 470
person 0.698350 142 307 1792 463
person 0.684116 1522 341 1552 423
person 0.583817 1366 333 1391 385
person 0.572724 1791 300 1812 352
person 0.569363 1183 334 1205 398
person 0.568781 384 334 398 363
person 0.544488 336 333 350 357
person 0.535891 613 339 626 359
person 0.535126 300 358 317 379
person 0.470460 1076 344 1096 393
person 0.386082 1034 352 1053 404
person 0.378188 895 358 916 401
person 0.354503 856 339 873 386
person 0.352991 417 336 429 360
person 0.340520 1040 343 1058 393
person 0.335137 1811 301 1832 351
person 0.334626 1816 312 1839 360
person 0.311356 1845 316 1875 360
person 0.267201 1021 356 1040 404
