person 0.993040 1614 396 1667 524
person 0.992075 329 424 368 517
person 0.991944 214 420 255 520
person 0.989757 915 452 957 576
person 0.985702 566 400 599 487
person 0.979646 1433 504 1513 683
person 0.979183 1156 444 1199 584
person 0.945569 1692 349 1726 433
person 0.920141 1208 387 1240 475
person 0.914290 1344 379 1376 471
person 0.907782 1268 385 1300 478
person 0.861687 940 388 969 471
person 0.761641 1520 343 1550 424
person 0.663649 896 358 917 403
person 0.650390 373 298 1843 466
person 0.597228 384 333 397 362
person 0.555789 337 332 350 357
person 0.509973 613 338 625 360
person 0.479940 1184 337 1206 397
person 0.448258 1368 334 1391 382
person 0.424793 300 357 318 380
person 0.419713 1076 345 1096 391
person 0.408694 418 334 430 360
person 0.371832 858 341 875 383
person 0.366819 1792 303 1812 347
person 0.330433 1035 354 1053 403
person 0.316780 1041 344 1058 392
person 0.309393 1020 354 1039 404
person 0.291448 1082 355 1103 400
person 0.288468 1846 322 1878 361
person 0.289149 1810 303 1831 347
person 0.270939 1814 316 1837 359
person 0.256334 1348 336 1369 381
person 0.993748 327 424 367 518
person 0.993624 215 420 255 521
person 0.993088 915 453 957 575
person 0.990238 1614 398 1666 523
person 0.986857 1161 439 1209 588
person 0.986828 566 400 599 487
person 0.984759 1431 506 1514 683
person 0.959725 1691 351 1725 431
person 0.927845 1344 381 1375 471
person 0.908413 1207 387 1239 474
person 0.858781 939 389 971 470
person 0.856813 1268 385 1299 479
person 0.723667 591 293 1904 465
person 0.690800 1517 342 1547 423
person 0.643356 896 359 918 403
person 0.642523 383 334 398 362
person 0.574967 337 333 350 357
person 0.501385 418 335 432 361
person 0.497158 613 338 626 359
person 0.472472 857 340 876 385
person 0.452696 1075 346 1093 389
person 0.353236 1185 340 1206 395
person 0.345451 1041 345 1058 390
person 0.342773 1367 335 1391 382
person 0.334245 1807 301 1831 349
person 0.329076 1020 355 1040 403
person 0.304853 1812 315 1836 360
person 0.301571 300 359 318 379
person 0.292679 1793 304 1813 346
person 0.287445 1844 323 1874 360
person 0.270892 1083 357 1103 399
person 0.262927 1189 362 1208 398
person 0.261525 971 347 986 376
person 0.260052 1035 355 1052 402
