person 0.993961 215 421 255 521
person 0.992239 326 424 364 518
person 0.990431 915 453 954 574
person 0.988986 1162 436 1209 591
person 0.988661 1616 398 1666 523
person 0.988156 1428 507 1515 685
person 0.985120 566 401 598 487
person 0.948632 1689 351 1725 432
person 0.930836 1344 381 1373 471
person 0.873331 1268 385 1298 478
person 0.860743 944 387 980 474
person 0.842488 1208 387 1238 474
person 0.829719 1515 343 1546 423
person 0.721901 897 359 919 404
person 0.695013 603 295 1892 462
person 0.534517 383 334 398 363
person 0.523405 613 339 626 359
person 0.522469 337 334 350 358
person 0.480922 858 339 876 383
person 0.475911 1366 334 1391 384
person 0.465921 418 335 431 361
person 0.445922 1075 347 1091 386
person 0.390929 1041 346 1057 388
person 0.366599 941 399 967 459
person 0.349257 1185 341 1206 394
person 0.339497 1188 361 1207 399
person 0.336717 1843 320 1874 361
person 0.330726 301 359 318 380
person 0.307916 970 344 985 377
person 0.303309 1019 347 1034 388
person 0.295863 1806 301 1830 348
person 0.269638 1083 360 1101 399
person 0.267189 1021 356 1039 403
person 0.266930 1809 314 1836 362
person 0.994476 213 421 253 519
person 0.992672 324 424 363 518
person 0.988004 1428 507 1514 686
person 0.986987 915 454 953 572
person 0.986737 566 401 598 487
person 0.986564 1617 397 1668 523
person 0.976906 1165 438 1208 589
person 0.950280 1341 381 1373 470
person 0.933189 1689 355 1723 437
person 0.902070 1268 385 1297 479
person 0.861785 944 388 981 474
person 0.840335 1513 344 1545 423
person 0.748984 1208 386 1237 474
person 0.651780 896 358 918 406
person 0.643283 599 299 1890 459
person 0.550182 335 335 349 360
person 0.477517 379 343 396 367
person 0.453042 858 338 877 383
person 0.427762 941 398 969 459
person 0.427646 613 338 625 359
person 0.412786 417 336 432 362
person 0.383788 1366 334 1393 384
person 0.369248 1074 347 1090 385
person 0.339513 1806 301 1829 349
person 0.307655 304 357 322 379
person 0.305903 1189 363 1208 399
person 0.297706 1043 346 1059 389
person 0.295154 1020 355 1039 404
person 0.258799 1184 340 1206 393
person 0.258109 1037 357 1053 402
person 0.251779 971 342 987 379
