person 0.996264 211 422 254 522
person 0.991384 321 426 361 520
person 0.990534 915 453 952 572
person 0.989977 1617 396 1669 525
person 0.988046 1426 508 1512 686
person 0.984239 566 404 599 486
person 0.984050 1167 441 1211 585
person 0.969369 1338 385 1371 472
person 0.959543 1687 355 1722 438
person 0.875705 944 389 982 473
person 0.845530 1267 385 1297 478
person 0.723986 898 361 919 406
person 0.709236 1512 345 1543 426
person 0.681357 393 301 1828 467
person 0.643688 1207 384 1236 473
person 0.602910 380 343 396 368
person 0.534259 335 335 349 360
person 0.451247 613 338 625 360
person 0.401542 859 341 875 382
person 0.400407 1075 347 1091 387
person 0.396372 1366 334 1391 386
person 0.349939 303 358 320 379
person 0.345019 418 344 434 366
person 0.334417 942 400 969 459
person 0.321118 1185 337 1207 396
person 0.319554 415 336 429 361
person 0.313520 1109 346 1129 388
person 0.291986 1042 347 1058 389
person 0.289400 971 343 987 380
person 0.285462 1189 361 1209 401
person 0.253161 1020 356 1039 404
person 0.251369 1842 321 1872 362
person 0.996270 212 423 253 522
person 0.993385 914 454 951 574
person 0.988162 1617 396 1672 524
person 0.986513 323 425 359 520
person 0.986171 1426 508 1509 687
person 0.985139 565 404 599 487
person 0.976983 1336 384 1370 473
person 0.976623 1169 446 1216 578
person 0.927733 1684 357 1722 436
person 0.916376 946 389 981 473
person 0.848071 1269 392 1298 490
person 0.758981 1511 345 1542 426
person 0.756502 165 308 1770 463
person 0.606740 898 364 920 406
person 0.557709 1366 334 1392 387
person 0.533164 380 343 396 369
person 0.515722 335 336 350 360
person 0.496078 613 339 627 360
person 0.465894 1206 385 1237 471
person 0.404247 861 341 878 383
person 0.361443 973 345 989 379
person 0.353421 1073 347 1090 388
person 0.326405 302 359 320 378
person 0.324044 1202 392 1226 455
person 0.304919 1042 345 1059 389
person 0.294043 415 336 428 361
person 0.277576 1187 360 1210 402
person 0.264818 1183 337 1206 395
person 0.261056 1348 335 1372 385
person 0.259758 1037 357 1054 403
person 0.257808 1110 349 1129 388
person 0.255561 1805 300 1831 350
person 0.250419 1842 321 1871 362
