person 0.983232 696 266 741 383
person 0.979854 1220 235 1268 355
person 0.967430 975 261 1026 396
person 0.936619 1113 296 1182 417
person 0.921966 938 237 965 323
person 0.906647 1805 220 1850 305
person 0.869515 635 160 654 189
person 0.800483 487 165 503 194
person 0.721932 1338 200 1374 284
person 0.689508 1650 215 1683 300
person 0.682192 1594 222 1635 307
person 0.673334 1367 202 1403 305
person 0.635615 683 226 709 283
person 0.630418 562 158 577 185
person 0.611340 516 160 531 191
person 0.605856 1551 202 1580 264
person 0.566556 679 161 692 184
person 0.523902 1617 237 1659 319
person 0.459569 1006 212 1030 272
person 0.448385 443 184 465 208
person 0.401792 1240 228 1277 337
person 0.392604 226 127 1709 297
person 0.284665 228 163 246 192
person 0.986901 698 266 744 385
person 0.967792 1220 234 1267 356
person 0.959739 1115 296 1185 418
person 0.954866 976 256 1024 400
person 0.942746 940 237 966 325
person 0.855486 635 160 653 189
person 0.853400 1594 223 1631 305
person 0.845491 1806 220 1857 306
person 0.790166 487 165 503 194
person 0.740910 1366 202 1404 305
person 0.720868 678 162 691 185
person 0.709428 682 226 708 284
person 0.671038 1631 237 1666 322
person 0.646990 516 160 531 193
person 0.641160 1338 198 1375 286
person 0.574909 1557 204 1582 262
person 0.569237 1244 227 1278 337
person 0.562242 1006 210 1033 302
person 0.518188 562 159 577 185
person 0.445616 212 128 1720 296
person 0.430360 443 185 465 209
person 0.337021 1648 213 1682 301
person 0.283096 1 267 20 295
person 0.294545 229 163 246 192
