person 0.997062 212 423 253 522
person 0.989308 565 404 599 487
person 0.988630 913 456 950 574
person 0.986432 1618 395 1672 524
person 0.985779 1171 436 1219 588
person 0.982817 322 426 359 522
person 0.982761 1333 384 1369 474
person 0.976191 1425 513 1506 691
person 0.952872 1685 356 1721 437
person 0.918924 946 390 980 473
person 0.882356 1267 385 1297 479
person 0.868661 1508 347 1541 428
person 0.710696 371 304 1844 460
person 0.689391 899 357 923 408
person 0.577430 1365 333 1393 386
person 0.569175 381 343 396 368
person 0.567299 1200 390 1226 456
person 0.479261 861 342 878 383
person 0.453659 1206 385 1237 469
person 0.439771 335 336 349 361
person 0.412760 613 340 626 360
person 0.337228 973 343 988 379
person 0.314770 416 344 431 367
person 0.292838 1037 356 1054 404
person 0.282099 1183 336 1207 397
person 0.281720 1072 346 1089 390
person 0.276607 1347 336 1373 386
person 0.275930 1042 345 1059 390
person 0.266258 303 358 320 377
person 0.995750 211 425 254 524
person 0.990283 914 454 952 577
person 0.989859 564 403 600 488
person 0.985967 1619 395 1671 524
person 0.985323 1174 441 1220 581
person 0.982405 1422 511 1505 694
person 0.977113 1332 387 1368 474
person 0.961331 318 427 358 522
person 0.958548 946 391 981 475
person 0.915010 1683 357 1720 436
person 0.824711 1268 384 1297 478
person 0.795385 1507 347 1539 427
person 0.766517 901 360 925 408
person 0.712249 383 303 1833 465
person 0.490162 1365 334 1393 386
person 0.445435 862 344 879 383
person 0.445375 383 344 398 368
person 0.415040 336 336 349 360
person 0.353142 612 340 624 359
person 0.338282 1199 390 1223 453
person 0.317937 417 344 431 367
person 0.294496 1347 336 1372 386
person 0.289952 1072 347 1088 388
person 0.260573 303 359 320 378
person 0.250721 1038 357 1055 403
