person 0.995772 211 424 254 525
person 0.988736 563 404 599 488
person 0.982495 912 453 949 577
person 0.982268 1619 398 1672 524
person 0.980978 1423 509 1504 691
person 0.980842 1326 386 1366 474
person 0.978211 1177 435 1222 588
person 0.953947 318 426 356 523
person 0.944459 948 391 981 474
person 0.812417 1267 384 1297 477
person 0.811810 1506 347 1537 429
person 0.753821 1683 359 1719 434
person 0.750056 373 306 1846 462
person 0.726993 901 361 925 405
person 0.490493 1367 333 1393 386
person 0.480557 384 344 399 368
person 0.473640 334 335 349 361
person 0.440344 862 344 880 382
person 0.417450 611 340 623 359
person 0.405674 417 345 432 367
person 0.400114 1198 390 1223 454
person 0.375987 1070 346 1087 389
person 0.360647 1038 356 1054 404
person 0.329968 1348 334 1371 384
person 0.325901 1106 356 1128 400
person 0.283261 972 344 987 379
person 0.266154 1044 346 1060 391
person 0.995414 210 424 254 525
person 0.988382 1179 431 1227 594
person 0.988129 1418 514 1502 694
person 0.988096 1621 398 1674 523
person 0.988046 563 403 598 488
person 0.984897 911 452 948 578
person 0.978605 1325 385 1363 477
person 0.960863 949 390 982 475
person 0.941100 319 427 355 522
person 0.807798 1268 392 1298 493
person 0.770127 1505 347 1537 427
person 0.730880 903 357 926 407
person 0.722192 384 304 1834 463
person 0.700536 1676 358 1711 436
person 0.655692 384 344 399 368
person 0.544597 1368 334 1393 388
person 0.497625 334 335 349 361
person 0.496776 417 345 431 367
person 0.408070 612 339 623 360
person 0.366010 1348 336 1370 385
person 0.365855 1791 313 1815 362
person 0.354996 1196 391 1222 456
person 0.348870 446 346 459 366
person 0.334811 1069 346 1087 390
person 0.324309 861 343 880 382
person 0.319638 303 357 320 377
person 0.305568 1815 318 1841 364
person 0.274469 972 344 988 381
person 0.272642 1185 361 1209 404
person 0.261900 1039 354 1056 404
