person 0.995484 209 425 251 524
person 0.990244 1624 398 1676 523
person 0.986286 563 404 597 488
person 0.983112 1417 515 1500 697
person 0.982174 1180 436 1231 588
person 0.978993 911 452 947 576
person 0.978016 1323 385 1361 477
person 0.945355 950 391 983 474
person 0.922101 316 429 356 520
person 0.846103 1268 384 1298 479
person 0.809832 1503 348 1536 427
person 0.720397 399 302 1816 465
person 0.680242 902 355 927 407
person 0.680146 1674 354 1709 429
person 0.645175 382 344 398 369
person 0.619055 1369 333 1394 389
person 0.554826 334 335 349 361
person 0.474418 418 345 431 367
person 0.429930 1347 335 1371 387
person 0.407707 1196 388 1222 459
person 0.401732 446 346 459 366
person 0.395374 1791 313 1815 361
person 0.379435 862 342 881 382
person 0.367274 1814 315 1839 364
person 0.366628 611 339 623 360
person 0.344712 1069 345 1087 389
person 0.314561 1184 360 1207 405
person 0.290634 302 358 320 378
person 0.994269 207 425 252 525
person 0.989618 1624 398 1676 524
person 0.988520 1417 511 1498 695
person 0.986679 563 404 596 488
person 0.978954 910 453 946 575
person 0.972214 1323 385 1359 477
person 0.971002 1185 437 1233 591
person 0.958432 950 391 982 475
person 0.950242 313 433 358 526
person 0.891678 1268 384 1297 478
person 0.759142 1677 356 1710 438
person 0.748985 1503 348 1535 428
person 0.727619 904 360 928 408
person 0.674861 382 344 398 370
person 0.632363 423 301 1794 468
person 0.530635 1366 335 1393 387
person 0.527310 334 336 349 361
person 0.483379 1346 335 1371 388
person 0.464174 418 345 431 368
person 0.444032 1194 388 1220 460
person 0.398423 1789 313 1814 362
person 0.378480 1816 316 1844 366
person 0.346412 1068 345 1087 391
person 0.344728 863 341 880 381
person 0.320097 1104 357 1131 401
person 0.317300 445 347 459 367
person 0.316130 302 358 321 380
person 0.294194 611 339 624 361
person 0.267759 1184 359 1207 404
person 0.262387 299 364 317 389
