person 0.993592 208 424 251 525
person 0.989501 1416 510 1496 698
person 0.987243 563 403 595 489
person 0.984229 1626 399 1677 523
person 0.980259 1187 437 1234 591
person 0.974866 910 455 946 576
person 0.974582 1321 385 1357 478
person 0.951695 951 389 982 474
person 0.888639 304 432 348 529
person 0.877867 1269 384 1297 474
person 0.819963 1503 347 1534 429
person 0.745220 1669 353 1705 430
person 0.741844 382 344 397 370
person 0.636495 1366 333 1391 388
person 0.590607 418 303 1805 467
person 0.538515 1346 333 1370 388
person 0.535647 420 345 433 368
person 0.511634 334 336 349 361
person 0.486405 908 361 928 403
person 0.358851 1788 314 1814 363
person 0.345140 1816 314 1843 368
person 0.341138 1067 345 1086 391
person 0.340126 611 339 624 361
person 0.340019 1105 358 1130 401
person 0.329988 445 346 458 367
person 0.318560 1195 389 1219 460
person 0.255132 1184 363 1207 403
person 0.253519 919 360 935 404
person 0.994024 208 425 250 524
person 0.986315 1415 511 1494 703
person 0.985030 563 404 595 488
person 0.976609 1628 397 1679 523
person 0.971263 910 454 945 577
person 0.966913 952 388 983 476
person 0.960670 303 432 348 527
person 0.939682 1190 443 1235 583
person 0.935697 1320 383 1352 477
person 0.861020 1268 383 1297 472
person 0.815786 1501 347 1534 429
person 0.792041 1672 355 1700 419
person 0.743891 382 344 397 370
person 0.604905 1367 334 1391 387
person 0.584314 421 344 434 368
person 0.583341 414 301 1807 470
person 0.539667 334 335 349 361
person 0.477844 908 360 928 405
person 0.449311 1195 390 1219 462
person 0.445775 917 358 935 406
person 0.404628 1818 313 1843 368
person 0.402689 1346 334 1368 385
person 0.372897 1786 312 1812 362
person 0.338525 1068 344 1087 391
person 0.320012 445 346 459 367
person 0.289666 304 357 322 379
person 0.277239 1183 360 1205 404
person 0.263909 611 338 624 361
person 0.262101 867 347 884 382
