person 0.992868 208 425 250 524
person 0.988619 563 402 594 488
person 0.987790 1626 398 1682 524
person 0.986426 1415 510 1494 702
person 0.979293 909 453 946 579
person 0.971352 952 388 984 476
person 0.962274 1319 385 1351 477
person 0.936495 302 433 348 527
person 0.918392 1192 443 1235 583
person 0.895469 1270 383 1297 474
person 0.828351 1501 347 1534 430
person 0.798497 1670 355 1700 416
person 0.645587 412 300 1808 467
person 0.638628 381 344 396 369
person 0.626844 1367 333 1391 387
person 0.567874 916 357 935 408
person 0.529113 420 344 433 367
person 0.504701 334 335 349 361
person 0.393948 868 345 886 382
person 0.394892 1068 344 1087 391
person 0.392240 908 360 928 406
person 0.391251 1347 333 1368 384
person 0.366325 611 339 624 361
person 0.307288 1816 309 1842 368
person 0.302555 1184 362 1206 405
person 0.280934 1193 391 1217 461
person 0.280809 1039 353 1057 404
person 0.279354 976 343 990 378
person 0.259508 1108 355 1133 401
person 0.993022 208 426 249 523
person 0.986831 563 404 595 488
person 0.984376 1629 398 1679 523
person 0.983476 909 456 946 586
person 0.978528 1415 519 1491 706
person 0.974119 954 388 985 476
person 0.964470 1201 430 1242 596
person 0.959467 301 433 349 526
person 0.942535 1316 386 1349 475
person 0.909269 1269 385 1298 470
person 0.779358 1668 355 1697 414
person 0.756154 380 344 396 370
person 0.735624 1501 348 1533 430
person 0.711922 411 301 1797 467
person 0.642062 1820 307 1846 371
person 0.610197 1784 312 1810 363
person 0.589328 1367 333 1392 387
person 0.575652 418 344 432 367
person 0.554206 917 362 935 409
person 0.521079 333 336 349 361
person 0.470905 1345 332 1369 387
person 0.342998 1068 345 1086 390
person 0.330335 1183 362 1206 405
person 0.325616 611 339 624 360
person 0.308237 446 346 460 367
person 0.304351 868 346 886 381
person 0.276169 909 364 927 405
person 0.275560 1108 359 1133 400
person 0.255508 976 344 990 375
person 0.254068 1040 355 1058 403
