person 0.993533 208 424 248 524
person 0.988513 562 402 594 488
person 0.983235 1415 516 1491 706
person 0.978687 301 430 343 519
person 0.977492 1631 401 1678 521
person 0.975602 908 456 946 586
person 0.969276 1200 434 1246 591
person 0.942815 954 389 984 476
person 0.930161 1269 385 1298 471
person 0.929378 1316 383 1349 476
person 0.828184 1667 355 1696 416
person 0.715616 1490 346 1528 429
person 0.688735 380 344 395 369
person 0.685938 421 299 1796 470
person 0.660754 918 367 937 409
person 0.655712 1783 311 1810 363
person 0.560691 1368 333 1392 386
person 0.559445 417 345 430 367
person 0.541912 1823 309 1849 368
person 0.527398 1345 331 1368 387
person 0.481211 334 336 349 361
person 0.451661 1191 394 1215 457
person 0.360215 868 345 885 382
person 0.339907 1068 344 1087 392
person 0.338348 610 339 623 360
person 0.318509 1108 357 1135 400
person 0.271337 1039 354 1057 404
person 0.255729 445 347 458 366
person 0.994420 209 424 248 523
person 0.987666 563 402 595 488
person 0.986523 1414 515 1491 706
person 0.979308 300 429 344 521
person 0.966448 907 454 948 578
person 0.957941 1631 400 1677 521
person 0.947837 1201 430 1248 596
person 0.911192 1268 385 1299 469
person 0.899238 955 389 985 475
person 0.832758 1656 353 1700 427
person 0.761548 920 367 937 408
person 0.749119 1490 345 1528 431
person 0.702028 1308 386 1340 474
person 0.678947 404 300 1812 467
person 0.578909 1344 331 1368 388
person 0.577110 1369 333 1393 387
person 0.576275 379 344 394 369
person 0.564681 1783 315 1810 360
person 0.497426 334 336 349 361
person 0.479508 1189 393 1214 457
person 0.424794 1821 312 1845 364
person 0.403341 418 345 431 367
person 0.355430 1068 345 1086 391
person 0.340157 1039 353 1056 404
person 0.317963 610 339 623 361
person 0.309061 868 346 884 381
person 0.302228 1109 360 1136 399
person 0.253193 977 345 990 373
