person 0.992383 207 422 247 524
person 0.990045 563 401 595 489
person 0.988818 1414 513 1491 702
person 0.987362 297 429 344 521
person 0.966070 955 389 986 476
person 0.964798 907 459 947 583
person 0.956850 1204 429 1250 596
person 0.930631 1634 400 1677 522
person 0.908480 1269 385 1299 469
person 0.822664 1309 386 1339 472
person 0.800613 919 365 938 409
person 0.707692 1656 352 1698 426
person 0.698998 1490 345 1529 430
person 0.654253 408 303 1810 468
person 0.651936 380 344 394 368
person 0.632812 1782 315 1809 360
person 0.609333 1344 330 1370 387
person 0.567191 1369 332 1394 387
person 0.510278 1189 391 1213 459
person 0.495645 335 336 349 361
person 0.481418 418 345 430 366
person 0.397767 1068 344 1086 391
person 0.389635 610 339 623 361
person 0.387240 1823 315 1847 363
person 0.376162 868 345 884 383
person 0.286603 980 344 993 373
person 0.273296 1039 354 1057 403
person 0.266271 446 347 459 366
person 0.991807 296 429 341 520
person 0.990006 206 422 247 524
person 0.989715 563 401 595 489
person 0.989207 1413 513 1491 704
person 0.976215 906 459 948 583
person 0.961555 957 388 986 476
person 0.925247 1309 387 1338 472
person 0.916653 1204 432 1250 593
person 0.901317 1268 385 1299 467
person 0.859070 1491 347 1527 430
person 0.848304 1636 398 1677 523
person 0.718561 919 364 938 408
person 0.671494 393 303 1819 465
person 0.670956 1184 382 1214 475
person 0.650551 380 344 393 368
person 0.647728 1655 350 1696 426
person 0.621350 1369 331 1394 387
person 0.616153 1344 331 1370 387
person 0.590921 1780 314 1807 359
person 0.532936 417 346 429 367
person 0.516749 335 336 349 361
person 0.422499 611 339 623 360
person 0.369152 1820 315 1846 363
person 0.343492 871 346 886 379
person 0.335886 1068 345 1086 390
person 0.322999 448 348 460 366
