person 0.996059 294 427 341 522
person 0.989670 206 423 246 522
person 0.988610 562 401 595 489
person 0.986412 1412 513 1491 704
person 0.977730 959 389 989 475
person 0.972443 1208 432 1256 595
person 0.972602 906 459 948 584
person 0.922172 1307 388 1339 476
person 0.904375 1643 398 1687 522
person 0.892321 1268 385 1298 468
person 0.806059 1490 347 1526 429
person 0.726040 921 364 940 408
person 0.724014 1780 312 1807 361
person 0.705779 384 304 1830 462
person 0.691629 1662 358 1694 412
person 0.674003 1184 382 1213 476
person 0.573758 1368 331 1394 387
person 0.509734 380 344 393 368
person 0.504364 1344 331 1370 386
person 0.478698 1820 312 1848 365
person 0.446084 611 340 623 360
person 0.440156 335 336 350 361
person 0.372876 872 347 888 380
person 0.338973 416 345 428 366
person 0.325887 1068 345 1086 390
person 0.994527 291 427 339 521
person 0.988678 562 400 595 488
person 0.987348 205 423 247 522
person 0.984443 1411 513 1489 703
person 0.982428 958 389 991 476
person 0.981942 1209 433 1261 592
person 0.955009 907 459 948 584
person 0.939755 1305 387 1337 474
person 0.874537 1643 398 1686 524
person 0.863372 1267 385 1298 467
person 0.843475 1183 383 1212 474
person 0.830678 1490 347 1526 429
person 0.738420 922 363 942 408
person 0.711254 1779 310 1805 362
person 0.694413 1661 358 1692 413
person 0.670282 408 303 1805 462
person 0.548255 1369 332 1394 387
person 0.509099 1342 334 1368 386
person 0.492041 871 345 889 383
person 0.491185 612 340 624 360
person 0.481435 380 344 394 367
person 0.469709 1820 312 1848 364
person 0.420622 335 336 350 361
person 0.337720 1068 345 1086 389
person 0.276530 417 345 429 365
person 0.268955 1008 345 1023 386
person 0.251554 1112 361 1134 397
person 0.250401 1042 346 1058 389
