person 0.994874 288 428 336 520
person 0.986537 1411 513 1491 703
person 0.985910 562 401 595 487
person 0.980381 959 389 992 475
person 0.977350 1209 433 1262 595
person 0.975539 204 422 247 522
person 0.952030 907 459 947 584
person 0.928899 1305 388 1337 473
person 0.887327 1644 397 1687 523
person 0.849983 1184 383 1212 475
person 0.836751 1268 385 1299 470
person 0.815486 921 360 942 408
person 0.803703 1490 346 1525 430
person 0.750636 1657 356 1688 413
person 0.730478 1777 309 1804 362
person 0.664968 1818 309 1847 366
person 0.639720 207 309 1733 460
person 0.513233 613 340 626 360
person 0.510428 1369 332 1393 386
person 0.485686 1344 332 1368 385
person 0.436243 380 344 393 367
person 0.409924 872 345 890 380
person 0.394474 336 336 351 361
person 0.333849 1068 345 1086 390
person 0.324196 416 345 429 366
person 0.994905 287 427 335 519
person 0.988753 561 400 596 487
person 0.987740 1410 513 1488 700
person 0.982852 958 389 991 475
person 0.980022 1210 433 1264 595
person 0.976281 204 422 246 522
person 0.957041 906 459 948 584
person 0.918778 1302 387 1334 474
person 0.868686 1269 385 1299 472
person 0.852751 1644 387 1688 514
person 0.804145 922 364 942 408
person 0.799433 1656 355 1688 411
person 0.793385 1184 380 1211 477
person 0.696710 197 311 1746 460
person 0.693415 1490 346 1524 428
person 0.683089 1776 309 1802 363
person 0.638907 1820 306 1847 367
person 0.481234 612 340 626 360
person 0.449681 1343 334 1367 385
person 0.435456 336 336 351 361
person 0.435439 1370 333 1393 385
person 0.377392 380 344 394 368
person 0.335531 872 345 891 380
person 0.323590 415 345 428 367
person 0.319289 1068 345 1085 389
person 0.251268 883 347 897 382
person 0.251984 1005 344 1021 384
