person 0.995262 286 425 333 520
person 0.989952 561 399 594 487
person 0.988902 1407 512 1486 704
person 0.986868 1214 434 1270 594
person 0.980682 961 388 992 475
person 0.979041 200 424 235 518
person 0.918709 1646 390 1689 513
person 0.913652 906 459 946 584
person 0.911891 1299 385 1334 476
person 0.828027 1654 351 1687 413
person 0.823328 1268 384 1299 474
person 0.803829 923 362 946 406
person 0.793166 1182 382 1211 475
person 0.726493 185 306 1753 463
person 0.660713 1491 345 1525 427
person 0.658624 1776 308 1801 363
person 0.570942 612 339 625 360
person 0.545157 1819 307 1846 366
person 0.526304 1341 332 1367 386
person 0.509156 1370 331 1394 385
person 0.457107 380 345 394 368
person 0.442860 871 342 893 382
person 0.440796 337 335 351 360
person 0.433196 1068 343 1086 389
person 0.363294 414 346 427 367
person 0.308535 1009 342 1025 386
person 0.304609 416 336 428 361
person 0.279424 1044 345 1061 389
person 0.995233 285 426 331 520
person 0.991235 559 398 595 487
person 0.989964 1401 514 1485 709
person 0.982102 199 425 235 517
person 0.981523 965 388 994 475
person 0.979933 1216 435 1274 592
person 0.956850 1646 390 1689 513
person 0.906743 897 457 937 572
person 0.869979 1180 379 1211 475
person 0.860445 1652 351 1685 410
person 0.858201 1294 385 1332 475
person 0.812767 1267 384 1300 474
person 0.778431 924 363 948 404
person 0.752990 1490 347 1525 428
person 0.733626 206 304 1736 464
person 0.632346 1773 309 1798 362
person 0.631680 1370 329 1394 386
person 0.612779 1341 331 1365 385
person 0.607472 1819 306 1847 368
person 0.587107 613 340 625 360
person 0.530428 871 340 893 381
person 0.481090 1067 343 1086 388
person 0.451450 380 345 394 368
person 0.433513 338 335 352 360
person 0.349814 414 345 427 367
person 0.347953 1008 342 1025 387
person 0.301782 417 335 429 361
person 0.298018 1044 344 1062 390
person 0.284912 1269 396 1293 451
person 0.271627 937 328 952 356
