person 0.985684 700 266 745 384
person 0.958694 1116 296 1189 418
person 0.920509 976 260 1024 397
person 0.918774 1221 234 1270 357
person 0.918460 941 238 968 324
person 0.856797 636 160 653 189
person 0.840708 1805 220 1860 306
person 0.837223 682 224 707 287
person 0.814628 487 165 503 194
person 0.803489 1635 238 1672 327
person 0.803063 1593 227 1634 326
person 0.797148 1364 202 1404 304
person 0.684680 677 163 690 185
person 0.658896 1561 196 1584 252
person 0.657559 516 160 531 192
person 0.573052 561 158 575 184
person 0.562954 1340 200 1376 286
person 0.513009 1003 212 1034 298
person 0.441228 210 130 1728 295
person 0.399679 443 184 465 208
person 0.261889 2 268 20 296
person 0.282033 828 149 840 171
person 0.281358 820 166 832 184
person 0.274221 229 163 246 192
person 0.263493 753 149 765 172
person 0.251828 1005 229 1027 281
person 0.965339 706 265 749 385
person 0.961124 1128 296 1191 417
person 0.929494 1224 238 1270 354
person 0.895727 966 273 1017 395
person 0.853448 635 160 653 190
person 0.828511 1364 202 1404 304
person 0.797675 489 165 505 195
person 0.747341 682 226 706 285
person 0.737156 941 239 969 323
person 0.671836 1003 211 1034 298
person 0.655695 1804 217 1864 306
person 0.646058 1636 235 1677 328
person 0.617721 677 163 690 186
person 0.557012 1565 197 1591 250
person 0.542866 516 160 530 190
person 0.541527 1592 232 1634 326
person 0.532192 560 158 574 183
person 0.405385 270 130 1919 305
person 0.378434 445 184 466 207
person 0.315680 2 268 20 295
person 0.285103 1006 230 1028 281
person 0.274541 464 166 480 196
person 0.260535 1840 200 1885 283
person 0.260062 228 164 245 193
person 0.256648 1708 190 1739 237
person 0.251826 1343 198 1377 288
