person 0.996293 284 425 331 520
person 0.992132 560 397 595 487
person 0.991547 1218 428 1274 591
person 0.989397 1401 513 1484 707
person 0.985388 198 424 235 516
person 0.977273 965 388 995 474
person 0.966024 1646 389 1691 511
person 0.941585 1288 383 1330 474
person 0.912986 898 456 937 574
person 0.894896 1179 379 1208 474
person 0.825281 1772 309 1799 362
person 0.813157 1651 353 1684 410
person 0.790040 1490 347 1524 427
person 0.745597 209 300 1735 462
person 0.622819 1370 328 1394 385
person 0.607673 1266 384 1301 468
person 0.600735 1340 330 1365 386
person 0.584130 612 341 625 360
person 0.558025 1820 309 1848 365
person 0.479478 338 335 351 359
person 0.457694 927 363 949 403
person 0.440698 1067 342 1086 389
person 0.421848 872 342 892 380
person 0.378671 417 334 429 361
person 0.368363 1007 342 1024 388
person 0.361818 380 344 393 367
person 0.318330 882 342 898 382
person 0.286038 1043 345 1061 391
person 0.269402 1108 360 1136 399
person 0.263529 1038 359 1055 402
person 0.998240 22 521 76 674
person 0.993016 584 557 726 724
person 0.987372 249 419 283 515
person 0.986643 464 544 544 725
person 0.981947 1058 412 1097 516
person 0.978575 1344 411 1399 533
person 0.973194 1728 360 1767 449
person 0.970166 624 450 668 560
person 0.949930 1759 408 1808 555
person 0.948862 787 383 815 473
person 0.947914 1021 413 1060 514
person 0.943550 741 400 779 489
person 0.941955 865 402 896 492
person 0.883797 1581 345 1612 425
person 0.881492 503 381 540 457
person 0.765146 241 299 1684 459
person 0.683367 300 352 318 377
person 0.655897 1624 316 1645 363
person 0.602692 1392 354 1420 417
person 0.545472 1174 336 1198 395
person 0.512611 1080 341 1102 396
person 0.498154 1167 340 1188 394
person 0.461392 1339 386 1374 433
person 0.455535 1297 335 1319 387
person 0.400596 748 366 768 411
person 0.378379 1334 331 1359 385
person 0.326316 1277 339 1296 385
person 0.313999 495 392 523 451
person 0.297691 464 335 475 357
person 0.285317 345 347 360 370
person 0.264350 1484 359 1509 383
