person 0.998523 21 522 77 673
person 0.994306 628 449 673 562
person 0.994157 579 554 714 723
person 0.988349 249 420 286 515
person 0.985136 463 546 542 725
person 0.980012 1758 410 1807 552
person 0.975354 1345 411 1398 533
person 0.973829 1729 361 1770 448
person 0.972549 1057 413 1098 515
person 0.947902 1022 415 1063 512
person 0.923784 503 383 543 457
person 0.914087 783 385 811 473
person 0.912618 873 402 905 492
person 0.886739 743 398 779 489
person 0.884623 1581 345 1613 424
person 0.781810 225 297 1710 463
person 0.739505 1389 350 1423 427
person 0.703843 301 353 318 377
person 0.601687 1624 317 1645 363
person 0.529182 1174 336 1198 394
person 0.509957 1166 339 1188 395
person 0.494542 1339 386 1375 433
person 0.477246 749 366 771 409
person 0.474648 1081 340 1103 397
person 0.443002 1297 334 1320 387
person 0.398648 1334 330 1358 385
person 0.343179 464 335 475 357
person 0.326469 1277 338 1296 384
person 0.313690 345 347 359 370
person 0.280290 1483 358 1508 384
person 0.998016 20 521 78 673
person 0.996349 628 447 678 567
person 0.990033 572 555 682 724
person 0.989023 464 546 540 723
person 0.987012 249 421 288 513
person 0.980523 1755 405 1806 555
person 0.977923 1058 416 1100 516
person 0.976944 1023 414 1067 514
person 0.972524 1346 412 1397 531
person 0.966768 872 401 907 493
person 0.963320 506 382 546 456
person 0.962135 1730 363 1772 449
person 0.897903 781 385 809 473
person 0.881741 744 403 780 491
person 0.864604 1581 345 1612 425
person 0.825675 1390 350 1424 426
person 0.777074 215 298 1726 463
person 0.704593 301 352 319 376
person 0.670373 1623 316 1645 363
person 0.577272 1173 336 1198 395
person 0.541958 1081 340 1104 398
person 0.522880 1166 339 1188 395
person 0.447974 1340 384 1374 433
person 0.441436 1297 334 1320 387
person 0.382586 1334 331 1360 385
person 0.378801 750 367 770 407
person 0.363512 464 335 475 357
person 0.341177 1276 337 1296 385
person 0.279277 750 424 773 473
person 0.301796 1044 340 1067 393
person 0.279145 1484 359 1509 384
person 0.269264 344 332 360 364
