person 0.997526 20 522 78 672
person 0.995842 631 444 680 568
person 0.993192 564 557 660 725
person 0.989629 464 542 538 723
person 0.986154 251 421 287 513
person 0.982513 876 402 909 490
person 0.982274 1026 413 1072 514
person 0.974548 1345 411 1397 531
person 0.972020 1753 406 1807 553
person 0.963352 1055 414 1101 516
person 0.935221 511 379 547 458
person 0.915308 1732 361 1772 450
person 0.908686 1582 347 1614 426
person 0.894703 745 402 780 490
person 0.881494 780 382 809 475
person 0.837780 1392 353 1426 426
person 0.779126 212 296 1736 460
person 0.776557 302 352 320 377
person 0.600352 1624 316 1645 363
person 0.562599 1083 340 1105 397
person 0.532115 1173 335 1199 393
person 0.506244 1342 381 1374 433
person 0.504907 1298 335 1321 387
person 0.490848 1166 339 1188 394
person 0.375596 1277 338 1296 385
person 0.372511 464 335 475 357
person 0.349197 1335 333 1359 383
person 0.326679 1044 341 1066 391
person 0.300785 751 371 775 430
person 0.285124 342 347 357 372
person 0.279985 1371 335 1392 382
person 0.279304 343 331 359 364
person 0.266518 756 292 1919 428
person 0.258349 1483 359 1508 384
person 0.996537 18 523 78 672
person 0.991988 560 555 642 723
person 0.989049 633 445 680 568
person 0.985588 463 539 540 721
person 0.984340 250 421 289 514
person 0.983093 879 401 910 490
person 0.971969 1057 413 1101 515
person 0.966918 1030 413 1073 512
person 0.966473 1346 408 1396 533
person 0.963476 1752 410 1808 536
person 0.932164 1733 361 1774 450
person 0.919597 1582 344 1614 425
person 0.899710 746 400 784 491
person 0.870009 515 379 548 459
person 0.835301 1392 352 1426 427
person 0.810135 776 381 806 476
person 0.722131 224 292 1724 464
person 0.697334 1623 316 1646 366
person 0.653989 302 351 321 377
person 0.522007 1082 340 1105 398
person 0.505361 1343 380 1374 434
person 0.497261 1174 333 1199 393
person 0.477642 1166 338 1188 393
person 0.461242 1298 335 1321 387
person 0.368971 343 329 361 366
person 0.330858 1043 340 1066 393
person 0.318225 1337 334 1360 383
person 0.311821 1277 338 1296 385
person 0.311534 464 334 476 356
person 0.304831 753 367 774 409
person 0.285453 1483 358 1508 384
person 0.267114 785 396 806 454
person 0.263795 343 345 358 372
person 0.254421 1019 349 1040 404
person 0.253895 1372 335 1392 382
