person 0.995001 17 521 76 674
person 0.992080 638 445 679 570
person 0.987369 251 421 289 513
person 0.985977 560 549 634 720
person 0.980492 462 535 541 720
person 0.979567 882 402 913 492
person 0.972690 1753 404 1806 555
person 0.960586 1057 412 1100 515
person 0.953572 1345 408 1396 532
person 0.944744 1033 414 1076 512
person 0.935123 1736 360 1775 448
person 0.909583 1583 347 1616 426
person 0.836684 523 392 547 450
person 0.839271 748 400 782 491
person 0.794015 1392 352 1426 428
person 0.700287 775 382 803 475
person 0.680660 228 295 1719 465
person 0.679413 301 350 320 377
person 0.601470 1623 317 1645 361
person 0.554963 1083 341 1105 397
person 0.496171 1343 379 1376 435
person 0.471215 1299 335 1321 386
person 0.464489 1166 337 1188 393
person 0.456365 1175 333 1200 392
person 0.417207 343 329 361 366
person 0.396222 1276 338 1296 384
person 0.367731 1043 340 1065 390
person 0.366269 784 395 804 456
person 0.362956 1336 333 1360 383
person 0.300826 750 291 1919 432
person 0.288820 464 334 476 357
person 0.272532 1483 358 1508 384
person 0.256117 1019 351 1040 403
person 0.996876 17 516 75 680
person 0.992289 638 446 680 571
person 0.987128 251 420 290 513
person 0.981014 1754 403 1805 556
person 0.977099 462 534 539 720
person 0.971420 558 548 630 720
person 0.968377 1345 405 1395 534
person 0.963625 1035 413 1079 513
person 0.962894 1737 360 1775 447
person 0.951876 887 403 915 491
person 0.946150 1057 413 1099 515
person 0.928556 1582 348 1618 426
person 0.878251 524 393 549 451
person 0.828273 1394 355 1424 421
person 0.760988 748 405 784 490
person 0.718787 301 352 319 378
person 0.691576 1623 316 1645 364
person 0.655481 214 298 1731 461
person 0.615311 772 399 805 486
person 0.540209 1085 342 1107 397
person 0.474613 1299 336 1321 386
person 0.430268 1176 335 1198 391
person 0.365026 1276 339 1294 383
person 0.355570 1336 334 1360 382
person 0.354497 1167 340 1187 391
person 0.345981 1043 340 1064 390
person 0.316754 344 330 361 365
person 0.287941 1371 335 1393 382
person 0.257160 346 347 360 372
person 0.255627 1827 346 1846 364
