person 0.996576 15 515 75 681
person 0.989888 1344 407 1395 535
person 0.986622 250 420 289 513
person 0.986184 638 448 680 568
person 0.980242 463 520 538 718
person 0.976177 1038 409 1085 516
person 0.975984 891 403 920 492
person 0.966329 1754 401 1803 560
person 0.952788 537 540 627 721
person 0.919601 1741 359 1775 451
person 0.894081 1585 348 1618 427
person 0.889604 1398 354 1426 422
person 0.797211 522 382 558 458
person 0.732345 207 296 1731 463
person 0.696773 749 399 783 491
person 0.632382 772 382 801 474
person 0.619361 301 353 319 377
person 0.588843 1623 316 1645 364
person 0.508211 1086 341 1108 397
person 0.450681 1176 336 1198 391
person 0.435101 780 417 803 473
person 0.432119 1300 337 1320 385
person 0.415881 1167 338 1187 393
person 0.411359 1337 334 1360 383
person 0.398381 344 347 360 373
person 0.384392 1056 404 1099 505
person 0.373225 1370 334 1391 381
person 0.333008 1277 341 1294 381
person 0.329225 465 334 477 358
person 0.299998 1043 340 1065 391
person 0.996789 16 515 74 681
person 0.988299 1343 403 1396 537
person 0.987049 251 422 289 514
person 0.982772 1039 408 1088 516
person 0.978507 648 446 692 569
person 0.974500 466 537 543 716
person 0.960682 538 541 621 715
person 0.955164 1752 406 1804 554
person 0.951274 895 403 923 492
person 0.885281 1586 346 1619 426
person 0.882351 1742 360 1776 448
person 0.879722 1401 353 1428 422
person 0.795680 529 392 552 452
person 0.804068 768 398 803 486
person 0.743531 212 297 1727 462
person 0.713452 751 396 785 490
person 0.639500 299 353 318 379
person 0.535511 1086 340 1108 398
person 0.510552 1624 313 1645 364
person 0.471643 1336 333 1360 384
person 0.449544 1176 335 1199 392
person 0.434097 1166 338 1187 394
person 0.409582 1368 332 1390 382
person 0.396965 346 349 362 373
person 0.385967 1300 336 1321 385
person 0.382951 465 335 478 358
person 0.313720 779 418 802 474
person 0.305200 1042 339 1064 391
person 0.286710 1277 340 1294 381
