person 0.996118 15 513 74 684
person 0.990305 647 446 692 572
person 0.986712 252 422 290 512
person 0.981380 465 521 541 715
person 0.979601 533 540 616 716
person 0.978769 1343 409 1397 537
person 0.969543 1053 408 1097 516
person 0.938988 900 403 929 489
person 0.917167 1400 356 1429 421
person 0.901620 1587 346 1619 426
person 0.879356 1752 408 1804 555
person 0.847257 1743 361 1777 448
person 0.844085 763 394 803 487
person 0.833379 528 380 563 456
person 0.711294 199 297 1743 464
person 0.686434 299 353 318 379
person 0.458172 1336 334 1360 384
person 0.453241 1086 340 1108 397
person 0.444171 1624 314 1645 363
person 0.442119 755 377 788 485
person 0.417057 1367 333 1389 382
person 0.416061 1175 335 1198 392
person 0.390537 1298 336 1319 384
person 0.390384 346 349 362 373
person 0.375252 1167 338 1187 393
person 0.371131 465 335 478 358
person 0.366662 1277 339 1295 382
person 0.261814 1043 340 1065 391
person 0.996980 648 446 699 577
person 0.996510 14 516 74 680
person 0.989890 252 422 292 513
person 0.986011 529 540 613 717
person 0.981625 1342 403 1396 543
person 0.980438 1053 408 1097 516
person 0.969649 464 523 542 715
person 0.936782 898 403 932 491
person 0.926562 1753 411 1804 531
person 0.920239 762 377 799 486
person 0.915724 1403 355 1430 417
person 0.870078 1741 361 1777 446
person 0.833053 1585 348 1624 424
person 0.821799 528 381 561 457
person 0.778423 172 297 1764 459
person 0.708449 300 353 319 379
person 0.505031 1176 334 1199 392
person 0.484331 1087 340 1109 396
person 0.476549 1623 314 1645 364
person 0.449436 1336 333 1359 384
person 0.432283 346 348 362 373
person 0.418252 1298 336 1318 385
person 0.405008 1372 333 1393 382
person 0.402825 464 335 477 359
person 0.346618 1277 339 1294 382
person 0.330761 1167 340 1187 392
person 0.259234 1043 341 1066 392
