person 0.997876 652 450 700 575
person 0.996073 13 519 72 678
person 0.990680 253 422 293 513
person 0.988685 530 541 609 717
person 0.988777 1052 407 1097 516
person 0.976083 464 523 540 715
person 0.965511 1342 398 1394 546
person 0.916526 1403 355 1431 418
person 0.894020 910 399 943 492
person 0.877563 898 402 929 492
person 0.867529 1753 407 1802 534
person 0.840040 528 381 561 457
person 0.839158 1587 347 1622 425
person 0.814818 766 394 799 487
person 0.803849 181 293 1759 460
person 0.695031 299 354 316 379
person 0.686128 1743 361 1776 447
person 0.644202 1622 314 1644 367
person 0.575081 757 375 787 486
person 0.544447 1087 340 1108 394
person 0.491943 1335 332 1359 385
person 0.477199 1176 336 1199 392
person 0.450756 1297 337 1317 385
person 0.426271 346 349 361 372
person 0.417562 1371 332 1393 383
person 0.383470 465 336 476 357
person 0.356198 550 393 573 448
person 0.368350 1043 338 1067 391
person 0.368421 1277 339 1294 381
person 0.327015 1167 341 1186 391
person 0.996267 652 448 701 575
person 0.994873 14 523 73 674
person 0.989322 1053 410 1098 518
person 0.989021 253 422 294 514
person 0.978531 528 541 607 717
person 0.971659 464 524 541 713
person 0.959329 1342 402 1394 542
person 0.940948 911 400 944 492
person 0.918298 1406 354 1432 419
person 0.865036 1752 401 1801 539
person 0.801956 763 394 799 488
person 0.780465 1590 346 1622 425
person 0.776030 529 389 553 453
person 0.727758 189 294 1757 465
person 0.657133 299 353 317 379
person 0.635404 1622 314 1644 366
person 0.589905 551 389 575 450
person 0.549407 1744 360 1777 448
person 0.479994 898 403 931 492
person 0.473277 1087 342 1109 393
person 0.464587 1335 333 1358 384
person 0.434384 346 348 362 372
person 0.422353 1299 337 1319 385
person 0.396607 1372 332 1393 382
person 0.378766 1177 338 1199 390
person 0.368080 1167 338 1187 392
person 0.346555 465 335 476 358
person 0.314101 1043 340 1067 391
person 0.288878 1276 341 1292 380
person 0.254342 1596 377 1620 419
