person 0.997769 655 448 702 573
person 0.989939 1054 410 1100 517
person 0.988665 14 527 74 671
person 0.986894 253 422 295 515
person 0.982107 911 401 947 492
person 0.966213 1341 401 1396 541
person 0.958964 467 523 542 713
person 0.950919 525 541 603 715
person 0.930864 1406 357 1432 415
person 0.918916 761 393 798 489
person 0.840010 1751 405 1801 537
person 0.814761 185 293 1761 461
person 0.757050 530 390 555 451
person 0.709289 1593 358 1620 418
person 0.646357 543 381 577 456
person 0.621484 299 353 317 379
person 0.579524 1744 359 1778 446
person 0.539867 1334 332 1358 385
person 0.518836 1622 313 1645 365
person 0.512581 1087 342 1108 392
person 0.447448 1299 337 1319 385
person 0.408510 1176 337 1198 391
person 0.399177 1372 332 1393 382
person 0.375802 1167 340 1187 391
person 0.371580 347 348 362 373
person 0.342348 775 370 798 404
person 0.326723 1042 339 1067 391
person 0.281350 1277 341 1293 380
person 0.275062 464 335 476 357
person 0.996753 655 449 702 572
person 0.994247 1054 412 1103 519
person 0.988984 254 423 296 518
person 0.982254 912 400 947 492
person 0.970181 14 529 75 669
person 0.954114 1339 406 1385 537
person 0.944980 537 520 603 708
person 0.933242 760 389 797 492
person 0.917905 1406 355 1432 417
person 0.906987 474 529 532 698
person 0.839218 1750 408 1801 535
person 0.797117 186 293 1764 460
person 0.724552 1594 358 1620 417
person 0.685867 555 391 578 447
person 0.657502 533 393 554 448
person 0.621216 300 353 317 379
person 0.593404 1744 360 1779 441
person 0.523355 1088 343 1108 391
person 0.512791 1622 313 1645 367
person 0.442995 1335 333 1358 384
person 0.409754 346 348 361 373
person 0.392793 1167 340 1187 391
person 0.391603 775 370 798 407
person 0.373962 1177 337 1198 391
person 0.370394 1300 338 1318 384
person 0.361646 1373 333 1393 381
person 0.342575 546 571 588 694
person 0.321388 1042 340 1066 389
person 0.289504 1277 341 1293 380
