person 0.997978 659 447 702 572
person 0.988996 256 425 296 518
person 0.988926 1057 413 1106 519
person 0.987222 914 401 949 492
person 0.970832 533 521 599 705
person 0.969730 14 530 73 680
person 0.954559 1338 405 1386 539
person 0.948021 474 521 532 702
person 0.927829 760 388 798 494
person 0.845617 1409 353 1434 416
person 0.808051 1595 357 1621 418
person 0.794706 532 393 555 450
person 0.777357 189 293 1755 462
person 0.731837 559 391 581 448
person 0.607721 1745 405 1790 539
person 0.567268 300 353 318 380
person 0.508683 1746 360 1779 443
person 0.482572 1087 343 1108 394
person 0.459321 1622 314 1645 366
person 0.425349 1334 332 1357 384
person 0.366892 1167 338 1187 392
person 0.364360 345 348 361 374
person 0.354714 1301 337 1320 384
person 0.333223 1373 333 1394 381
person 0.327141 1042 340 1065 390
person 0.319936 1178 337 1198 391
person 0.304709 779 367 803 408
person 0.997178 660 446 706 580
person 0.991348 1056 414 1110 520
person 0.990227 257 426 297 518
person 0.987563 916 401 953 493
person 0.977734 15 533 73 679
person 0.962617 1339 404 1386 541
person 0.953695 475 519 532 703
person 0.953518 533 517 596 703
person 0.814589 761 391 800 491
person 0.810008 552 381 584 459
person 0.790038 1409 354 1434 418
person 0.785379 1594 348 1625 426
person 0.767706 185 293 1756 464
person 0.675816 542 568 581 692
person 0.675303 1729 378 1799 553
person 0.645794 530 382 561 461
person 0.619725 299 353 318 380
person 0.477515 1623 315 1646 365
person 0.446747 1085 343 1107 393
person 0.435242 1335 332 1359 385
person 0.377793 1373 332 1395 382
person 0.374929 1301 337 1320 384
person 0.361771 344 347 361 374
person 0.319432 1042 339 1066 391
person 0.311996 1167 340 1187 390
person 0.264202 1747 362 1780 442
person 0.256828 1178 337 1199 390
