person 0.996505 663 450 708 573
person 0.991663 1058 416 1109 521
person 0.989773 258 426 297 517
person 0.986618 920 402 955 493
person 0.984851 15 535 72 679
person 0.961626 1334 414 1385 547
person 0.947928 471 524 543 706
person 0.943090 533 515 594 699
person 0.848248 762 394 799 490
person 0.833862 1728 375 1800 553
person 0.824199 562 391 586 452
person 0.771144 1594 347 1625 426
person 0.724269 180 292 1755 467
person 0.702026 1409 354 1435 420
person 0.683454 532 381 562 460
person 0.617053 300 354 318 379
person 0.561163 1085 343 1108 393
person 0.550961 1622 315 1646 367
person 0.417732 1335 332 1359 384
person 0.415856 1371 331 1394 383
person 0.386857 344 348 360 375
person 0.384373 1300 337 1319 384
person 0.337238 1042 339 1067 391
person 0.285744 1177 334 1199 389
person 0.280081 1167 339 1187 389
person 0.995418 664 453 713 576
person 0.992470 1058 417 1110 520
person 0.991823 927 400 958 493
person 0.988115 17 530 71 681
person 0.988107 257 425 299 518
person 0.967882 1333 414 1384 548
person 0.954050 471 521 546 704
person 0.935387 527 515 587 695
person 0.848310 752 396 787 487
person 0.833181 1408 351 1442 428
person 0.827191 563 389 587 453
person 0.751051 1594 349 1626 427
person 0.724172 175 292 1761 466
person 0.706461 535 391 558 452
person 0.682943 1730 375 1798 554
person 0.586169 1085 342 1108 393
person 0.586153 301 353 319 379
person 0.560726 769 378 800 483
person 0.550417 1622 315 1646 367
person 0.440905 1371 331 1395 384
person 0.441012 1334 332 1359 385
person 0.389294 345 348 362 376
person 0.333815 1299 337 1319 384
person 0.313451 1042 339 1066 390
person 0.282329 783 370 804 410
person 0.260371 1167 341 1187 389
