person 0.981167 1773 261 1825 381
person 0.953043 781 271 820 406
person 0.952879 1036 275 1082 400
person 0.952568 1119 234 1155 331
person 0.952429 1590 208 1623 304
person 0.925715 1438 219 1478 312
person 0.922575 1662 219 1705 311
person 0.913254 1220 203 1251 284
person 0.909850 491 164 509 196
person 0.898571 954 216 984 294
person 0.886892 631 280 681 392
person 0.724844 681 164 695 190
person 0.705964 667 220 690 266
person 0.688958 1293 203 1325 285
person 0.661285 1270 201 1302 280
person 0.556893 439 186 461 208
person 0.539549 265 124 1685 304
person 0.519951 660 218 692 301
person 0.474482 1422 193 1448 249
person 0.459691 637 164 649 188
person 0.449942 540 164 552 190
person 0.446793 559 164 571 188
person 0.428556 598 164 610 189
person 0.414896 1033 239 1066 322
person 0.376309 1084 210 1118 310
person 0.351123 229 161 248 191
person 0.343362 788 240 809 284
person 0.315871 1785 216 1817 270
person 0.278903 816 162 828 182
person 0.979851 1035 275 1084 399
person 0.973382 783 276 822 403
person 0.970688 1775 258 1826 380
person 0.956970 1590 208 1624 304
person 0.949446 1218 202 1250 285
person 0.942260 1119 232 1156 330
person 0.930648 1437 219 1477 310
person 0.903465 631 281 680 392
person 0.894015 490 164 508 197
person 0.867788 959 224 983 287
person 0.864196 1665 215 1702 312
person 0.759625 668 229 692 281
person 0.760605 679 162 695 190
person 0.745140 1295 204 1326 285
person 0.623738 1270 201 1303 282
person 0.610827 247 126 1703 306
person 0.576682 439 184 461 208
person 0.517359 1421 190 1449 254
person 0.470010 598 163 611 188
person 0.456880 560 163 573 188
person 0.437440 789 237 813 287
person 0.404072 540 163 552 189
person 0.400459 636 161 649 185
person 0.376419 1083 209 1119 310
person 0.374443 1033 239 1066 319
person 0.346403 1787 215 1818 270
person 0.314650 230 162 248 192
person 0.271044 815 162 827 183
