person 0.986693 1137 293 1196 420
person 0.986608 707 266 752 385
person 0.941078 1223 237 1274 353
person 0.935302 966 276 1016 395
person 0.889326 1362 202 1402 305
person 0.831923 635 160 653 189
person 0.823834 1645 229 1692 329
person 0.814339 682 224 706 288
person 0.757954 490 165 506 193
person 0.757569 941 240 972 324
person 0.652901 1568 206 1594 260
person 0.603064 1007 212 1035 295
person 0.590591 560 159 575 185
person 0.588211 675 162 689 186
person 0.567852 1588 208 1626 313
person 0.551200 516 160 531 191
person 0.493233 1807 215 1867 306
person 0.479059 955 234 983 289
person 0.432319 197 128 1737 299
person 0.392634 1838 200 1885 284
person 0.314299 2 267 20 296
person 0.358867 446 183 467 206
person 0.305780 826 149 838 172
person 0.254331 463 166 480 196
person 0.252209 1708 192 1738 238
person 0.984222 1141 299 1201 418
person 0.979129 707 267 755 384
person 0.968350 1232 232 1288 355
person 0.927736 965 277 1015 396
person 0.891571 1651 227 1698 329
person 0.885331 1357 205 1403 303
person 0.874794 634 160 653 191
person 0.827058 681 224 705 287
person 0.787734 489 166 504 193
person 0.730846 561 161 577 188
person 0.728258 1583 201 1622 316
person 0.693286 1006 212 1035 294
person 0.604045 956 234 983 288
person 0.604473 516 160 531 191
person 0.513412 944 238 984 319
person 0.502583 674 162 688 186
person 0.438851 1807 213 1869 309
person 0.438228 188 131 1744 293
person 0.385239 445 183 466 206
person 0.277839 3 267 20 297
person 0.326403 1837 199 1885 285
person 0.262810 228 164 245 193
