person 0.993106 16 530 71 682
person 0.991459 1061 417 1111 520
person 0.991411 256 426 300 519
person 0.990613 931 398 963 495
person 0.989224 667 455 714 575
person 0.979264 1330 414 1385 549
person 0.948167 479 514 536 712
person 0.935506 523 516 585 691
person 0.931681 1408 353 1443 428
person 0.883452 1737 408 1791 557
person 0.833223 752 398 784 485
person 0.824216 1593 349 1624 427
person 0.816665 558 383 591 456
person 0.765500 765 398 798 488
person 0.741223 534 391 559 452
person 0.739616 192 294 1749 469
person 0.604469 299 353 318 380
person 0.577006 1749 364 1783 441
person 0.562513 1084 342 1108 393
person 0.519393 1623 316 1645 367
person 0.480114 1043 419 1089 520
person 0.452983 1372 331 1396 384
person 0.452734 1334 334 1359 385
person 0.426865 1299 338 1319 386
person 0.339455 345 348 361 374
person 0.314530 784 374 806 424
person 0.287819 1042 338 1066 390
person 0.262195 1167 341 1187 389
person 0.992032 17 529 70 686
person 0.991830 258 425 301 520
person 0.990088 1327 412 1387 551
person 0.989033 667 456 716 573
person 0.987868 1063 420 1108 519
person 0.984412 934 398 964 495
person 0.935712 480 520 536 706
person 0.918731 1407 355 1445 428
person 0.905668 524 515 584 690
person 0.892679 566 387 588 453
person 0.892325 1595 347 1627 426
person 0.891083 1734 408 1790 557
person 0.882628 752 396 783 488
person 0.812098 771 397 801 489
person 0.752513 536 388 559 454
person 0.705585 1095 416 1131 515
person 0.699440 1044 419 1088 518
person 0.689633 1749 363 1783 438
person 0.683249 226 294 1708 472
person 0.590950 300 353 318 379
person 0.515413 1085 340 1109 394
person 0.461938 1373 330 1396 384
person 0.432403 787 375 810 428
person 0.430937 1334 332 1359 385
person 0.420605 1621 315 1644 367
person 0.387757 1299 337 1320 386
person 0.374321 344 348 360 375
person 0.353854 512 529 556 694
person 0.264003 1167 339 1187 389
person 0.252357 1030 324 1067 405
