person 0.992455 1328 415 1386 550
person 0.991060 14 527 72 688
person 0.990895 259 425 301 520
person 0.987722 1063 418 1107 519
person 0.986039 669 458 715 587
person 0.983969 937 397 967 493
person 0.934227 517 520 580 691
person 0.905999 1731 406 1787 560
person 0.893664 1409 353 1444 428
person 0.885652 1596 346 1628 428
person 0.858338 1096 413 1130 514
person 0.843260 566 387 588 454
person 0.835733 474 527 546 697
person 0.734259 770 401 800 491
person 0.717472 1750 363 1783 437
person 0.669036 751 400 782 489
person 0.649299 237 296 1704 471
person 0.559195 787 378 810 429
person 0.543355 536 391 560 451
person 0.548733 300 353 318 380
person 0.444838 1085 340 1109 394
person 0.423748 1334 333 1359 386
person 0.406954 1622 314 1645 368
person 0.383196 1373 330 1397 384
person 0.342193 1298 337 1319 386
person 0.325934 1045 420 1088 517
person 0.291605 751 423 773 473
person 0.283884 1031 325 1068 406
person 0.268747 344 348 360 374
person 0.993440 671 453 716 576
person 0.992826 1328 417 1384 550
person 0.991765 258 425 302 520
person 0.988737 12 536 74 681
person 0.985089 1063 419 1103 522
person 0.982572 938 397 970 493
person 0.940433 1096 413 1131 515
person 0.927218 1731 408 1788 557
person 0.916375 513 521 577 692
person 0.897613 1412 353 1446 428
person 0.866752 1597 345 1627 428
person 0.863436 749 397 780 491
person 0.850090 563 389 587 453
person 0.846763 474 526 548 698
person 0.763974 768 400 803 494
person 0.676504 230 294 1703 471
person 0.667025 1751 363 1784 436
person 0.629634 791 377 815 428
person 0.562213 299 352 318 379
person 0.509315 582 391 607 450
person 0.479171 1044 419 1089 517
person 0.447493 1622 315 1645 369
person 0.406896 1374 329 1398 385
person 0.404167 1334 332 1360 386
person 0.403769 1085 341 1107 394
person 0.367885 344 347 361 375
person 0.358510 1296 336 1318 388
person 0.353081 538 393 560 447
