person 0.992725 672 453 717 577
person 0.991629 258 425 302 520
person 0.986962 1327 417 1382 550
person 0.986080 1060 419 1099 521
person 0.985728 8 541 75 680
person 0.963827 1096 413 1133 514
person 0.961336 1729 410 1786 556
person 0.954477 937 400 973 492
person 0.928854 511 522 576 694
person 0.895258 747 398 783 489
person 0.879896 1412 356 1448 427
person 0.865694 794 376 819 430
person 0.848908 1596 347 1626 429
person 0.828987 559 391 581 451
person 0.829455 474 525 549 701
person 0.752055 1750 364 1785 437
person 0.686001 227 295 1707 472
person 0.610621 584 389 608 450
person 0.590011 764 407 801 492
person 0.561654 299 352 319 379
person 0.549374 1623 316 1645 369
person 0.447072 1374 328 1399 384
person 0.432177 1334 331 1360 386
person 0.364685 1085 341 1107 395
person 0.347111 344 345 361 375
person 0.338344 1296 336 1318 387
person 0.262786 539 397 560 444
person 0.991379 259 426 302 519
person 0.988394 672 450 720 580
person 0.987955 1326 419 1382 551
person 0.980948 5 545 77 680
person 0.979466 1060 418 1099 522
person 0.973074 1728 411 1785 556
person 0.961783 944 399 983 494
person 0.946159 1097 409 1133 514
person 0.920605 507 522 575 698
person 0.856341 1415 355 1449 427
person 0.836145 1596 346 1626 430
person 0.824037 743 397 779 487
person 0.780405 1750 362 1785 438
person 0.754446 580 379 612 456
person 0.748903 474 524 550 704
person 0.745406 548 383 581 460
person 0.740777 796 378 819 426
person 0.678925 228 298 1709 472
person 0.559830 299 352 319 380
person 0.541980 766 407 802 491
person 0.525830 1622 315 1644 370
person 0.482088 540 534 575 686
person 0.425644 345 346 362 375
person 0.408702 1373 328 1399 384
person 0.399690 1333 332 1358 385
person 0.345005 1082 340 1104 395
person 0.340357 1298 336 1319 386
person 0.325880 804 376 827 431
person 0.268456 1042 335 1066 393
