person 0.991253 259 426 302 519
person 0.989087 7 544 77 680
person 0.984742 945 403 984 493
person 0.983143 1097 409 1135 514
person 0.981258 1729 407 1785 561
person 0.976965 1325 418 1381 551
person 0.975679 1060 419 1096 524
person 0.974712 674 451 719 579
person 0.916412 504 525 575 700
person 0.874692 1417 355 1450 428
person 0.852527 1597 345 1626 430
person 0.826084 735 387 773 477
person 0.823490 1750 363 1786 440
person 0.786057 547 382 578 460
person 0.750907 584 388 611 450
person 0.615405 248 298 1696 473
person 0.596452 540 539 577 685
person 0.589019 775 422 800 479
person 0.526566 299 352 318 379
person 0.522747 795 376 821 428
person 0.518906 1623 315 1645 369
person 0.476370 1373 328 1398 384
person 0.414530 1082 340 1106 397
person 0.407882 1333 333 1358 385
person 0.337283 1297 336 1318 386
person 0.327861 344 347 361 374
person 0.251676 1041 337 1066 392
person 0.992490 1727 411 1780 557
person 0.991942 259 426 302 520
person 0.989000 10 544 78 683
person 0.984615 1326 417 1379 554
person 0.982520 1059 418 1098 526
person 0.980417 949 401 985 492
person 0.969407 1099 407 1138 516
person 0.961147 499 526 572 704
person 0.948227 672 452 720 578
person 0.877659 1749 364 1787 442
person 0.867951 734 386 772 478
person 0.842375 587 388 611 451
person 0.846965 1417 356 1451 426
person 0.841037 546 383 576 461
person 0.821456 1597 345 1627 430
person 0.810012 806 375 828 429
person 0.648058 243 296 1697 472
person 0.588700 300 352 319 379
person 0.503975 776 423 800 477
person 0.469280 1622 316 1645 369
person 0.441187 344 346 362 376
person 0.422359 1082 340 1105 397
person 0.405028 1373 329 1398 384
person 0.392819 1333 333 1358 385
person 0.381718 539 537 577 690
person 0.314201 1296 336 1317 386
person 0.306763 796 380 820 426
person 0.278997 1041 336 1066 392
