person 0.993444 1725 416 1779 552
person 0.993309 11 539 79 687
person 0.991554 259 426 301 520
person 0.987461 1059 418 1096 527
person 0.984284 951 401 986 491
person 0.975684 1326 415 1378 557
person 0.973382 1105 408 1140 516
person 0.972309 501 527 575 702
person 0.961038 682 459 734 584
person 0.906429 547 385 578 461
person 0.872837 1749 364 1787 442
person 0.863509 735 385 770 479
person 0.846242 1418 356 1452 426
person 0.825368 589 389 614 450
person 0.825215 807 376 829 435
person 0.809739 1597 346 1627 430
person 0.643111 301 352 320 379
person 0.642071 236 297 1711 472
person 0.602834 773 432 801 488
person 0.481637 1373 328 1399 384
person 0.466597 343 345 362 376
person 0.443427 1622 317 1645 369
person 0.415591 1082 341 1106 398
person 0.342502 1333 333 1358 384
person 0.313001 1295 336 1316 387
person 0.295700 541 546 580 682
person 0.294507 1338 383 1384 516
person 0.250525 1040 337 1065 393
person 0.995265 1724 417 1778 550
person 0.993518 1059 418 1098 531
person 0.992907 15 542 78 682
person 0.990922 258 427 301 520
person 0.985026 952 401 988 492
person 0.982631 678 459 738 586
person 0.981975 1324 420 1377 551
person 0.964729 505 526 578 699
person 0.961373 548 384 580 461
person 0.954649 1110 407 1146 516
person 0.918616 809 376 831 432
person 0.863181 765 422 807 496
person 0.860885 1597 347 1628 429
person 0.858960 1749 364 1787 443
person 0.808205 593 393 617 449
person 0.797265 1423 355 1460 428
person 0.795292 731 388 764 477
person 0.690497 302 352 321 378
person 0.625909 245 299 1702 470
person 0.604232 470 528 554 703
person 0.555556 1372 328 1398 385
person 0.529684 544 541 581 690
person 0.452754 344 346 362 375
person 0.436895 1334 333 1359 384
person 0.427231 1622 316 1645 369
person 0.385336 1083 341 1106 396
person 0.370836 1294 336 1315 387
person 0.316303 1041 336 1065 393
