person 0.996179 1059 419 1102 531
person 0.995510 17 535 77 689
person 0.994290 1723 420 1775 551
person 0.993675 678 460 740 587
person 0.990870 1324 418 1375 555
person 0.989156 259 427 302 520
person 0.988170 955 402 991 492
person 0.982797 1112 406 1156 517
person 0.982612 502 527 579 696
person 0.951496 549 385 580 461
person 0.894827 811 374 835 430
person 0.881767 1748 364 1788 444
person 0.842137 767 418 806 490
person 0.834245 1424 355 1460 427
person 0.832561 729 388 762 476
person 0.793009 595 391 619 448
person 0.770512 1596 347 1626 429
person 0.677679 238 298 1704 474
person 0.675581 301 352 320 379
person 0.607844 1371 328 1397 386
person 0.504783 1623 316 1644 369
person 0.440672 344 348 362 376
person 0.389924 1082 341 1106 397
person 0.370677 1335 333 1359 384
person 0.353425 1293 337 1313 386
person 0.303761 551 571 583 683
person 0.308226 1041 336 1065 395
person 0.255375 1340 386 1383 462
person 0.994111 17 535 77 686
person 0.993775 1059 420 1104 529
person 0.992887 1323 416 1374 556
person 0.992820 1725 414 1774 556
person 0.990714 497 526 581 698
person 0.988890 678 460 741 589
person 0.987009 260 428 302 518
person 0.986143 957 401 993 492
person 0.985690 1113 404 1161 518
person 0.933729 549 383 581 459
person 0.920789 730 388 763 477
person 0.882783 599 391 623 448
person 0.878033 814 374 838 426
person 0.861655 1424 355 1460 428
person 0.831491 1749 363 1786 445
person 0.803782 1597 347 1626 430
person 0.747869 768 418 808 489
person 0.706958 244 300 1705 471
person 0.654001 301 351 320 378
person 0.625952 1372 328 1398 385
person 0.528572 1334 332 1359 385
person 0.460161 1622 316 1644 367
person 0.441287 1081 340 1105 398
person 0.423411 344 347 361 374
person 0.365179 1293 337 1313 386
person 0.277138 1041 337 1065 395
person 0.252447 1339 388 1384 460
