person 0.996210 675 463 744 589
person 0.996078 1722 412 1773 554
person 0.994106 497 525 579 701
person 0.993998 1058 420 1103 529
person 0.992038 21 534 78 685
person 0.990430 1323 411 1373 560
person 0.987905 1116 407 1162 517
person 0.987229 961 400 997 491
person 0.986477 260 429 302 518
person 0.919686 550 385 583 460
person 0.890693 769 419 810 499
person 0.874097 817 375 839 428
person 0.842810 1426 355 1461 428
person 0.831084 603 393 627 448
person 0.836334 1749 364 1787 445
person 0.815707 728 388 762 478
person 0.794578 1595 348 1625 429
person 0.740863 230 299 1717 472
person 0.673968 301 352 320 379
person 0.586320 1372 329 1396 386
person 0.446288 344 347 361 375
person 0.442685 1623 317 1644 366
person 0.357550 778 437 804 486
person 0.413087 1335 334 1358 384
person 0.333757 1080 341 1104 397
person 0.306114 1293 339 1312 386
person 0.994870 499 521 584 699
person 0.992518 1321 412 1373 559
person 0.992395 24 525 77 691
person 0.992396 1059 421 1102 528
person 0.992067 1723 410 1773 556
person 0.991473 680 463 747 587
person 0.986534 259 429 301 518
person 0.986110 964 401 999 492
person 0.982723 1116 408 1163 516
person 0.930529 551 383 584 460
person 0.874075 1429 354 1462 429
person 0.873221 727 390 761 475
person 0.856788 772 419 811 499
person 0.788981 605 394 629 448
person 0.795938 1749 364 1787 446
person 0.748308 238 298 1711 472
person 0.748103 1595 348 1625 429
person 0.732706 820 374 842 428
person 0.628171 302 352 320 379
person 0.621201 1372 329 1396 385
person 0.467342 1623 316 1643 364
person 0.436228 344 347 360 375
person 0.397022 1335 333 1358 384
person 0.331149 1079 341 1104 398
person 0.296218 1292 339 1310 385
person 0.256278 740 417 762 474
