person 0.994837 680 462 749 588
person 0.994308 508 521 593 692
person 0.991906 1321 417 1373 559
person 0.990558 1058 421 1101 528
person 0.988813 26 528 76 685
person 0.988239 1721 408 1773 557
person 0.988248 259 429 301 518
person 0.988113 1113 407 1167 518
person 0.986811 966 399 1000 492
person 0.889385 777 417 812 500
person 0.879212 727 389 762 476
person 0.863539 553 382 588 459
person 0.841991 607 394 632 448
person 0.840669 1595 348 1625 429
person 0.809394 820 372 843 428
person 0.788051 1748 365 1786 447
person 0.706563 1433 353 1459 421
person 0.692288 342 301 1848 460
person 0.663872 302 352 319 379
person 0.568443 1372 329 1397 385
person 0.410123 1334 333 1358 385
person 0.409414 1624 316 1645 365
person 0.408489 343 347 360 374
person 0.308357 1079 341 1104 397
person 0.304921 1292 339 1312 386
person 0.995404 1321 419 1373 555
person 0.994082 1058 422 1106 527
person 0.992607 1721 405 1773 559
person 0.992549 513 517 602 691
person 0.991125 686 462 752 590
person 0.988794 28 525 77 689
person 0.986141 257 429 300 519
person 0.981981 971 402 1005 492
person 0.980705 1123 410 1174 516
person 0.908699 778 418 813 499
person 0.898077 725 391 761 474
person 0.837056 561 391 588 452
person 0.844236 1748 365 1787 446
person 0.780819 1595 348 1625 429
person 0.775077 1435 353 1461 423
person 0.691617 239 297 1705 469
person 0.688426 824 373 847 428
person 0.642825 301 352 319 379
person 0.627239 608 394 634 448
person 0.538645 1372 329 1397 386
person 0.433744 344 348 361 374
person 0.407384 1623 316 1644 364
person 0.402620 1334 333 1357 384
person 0.346088 1339 385 1384 459
person 0.315409 1080 341 1104 397
