person 0.994409 689 465 755 588
person 0.994111 1320 419 1372 560
person 0.993415 1720 411 1771 557
person 0.992317 1057 422 1107 527
person 0.989471 521 519 607 687
person 0.983470 973 402 1004 490
person 0.982323 1126 411 1173 515
person 0.979934 257 429 300 519
person 0.934316 26 530 78 683
person 0.902351 781 419 814 499
person 0.873485 562 386 589 455
person 0.851902 1747 366 1787 446
person 0.834193 727 397 762 482
person 0.821759 1594 349 1625 429
person 0.745469 1436 354 1463 422
person 0.726058 828 373 850 428
person 0.719558 339 301 1854 461
person 0.627087 301 351 319 379
person 0.581946 608 397 633 446
person 0.521901 1372 330 1397 386
person 0.492354 1623 316 1645 366
person 0.411989 1340 386 1383 460
person 0.388426 344 346 361 374
person 0.330667 1335 333 1358 384
person 0.278986 1079 351 1104 403
person 0.996435 1718 414 1772 553
person 0.993361 692 461 757 588
person 0.991754 1320 423 1373 559
person 0.989072 1058 421 1105 529
person 0.986204 523 519 610 686
person 0.977643 1132 411 1173 515
person 0.977442 975 402 1006 491
person 0.977188 255 428 299 521
person 0.942532 29 528 83 685
person 0.924125 781 419 815 499
person 0.880798 1595 348 1625 430
person 0.864602 1748 366 1787 447
person 0.809721 564 393 590 452
person 0.790218 725 398 760 485
person 0.725190 359 301 1838 458
person 0.721040 1437 354 1465 422
person 0.707945 299 351 318 379
person 0.695050 831 375 853 430
person 0.540448 609 396 635 444
person 0.513227 1342 385 1382 460
person 0.456137 1373 330 1398 385
person 0.416272 619 393 647 447
person 0.407065 344 347 361 373
person 0.403984 1622 316 1645 366
person 0.349553 1334 331 1358 385
person 0.298220 1079 341 1102 396
