person 0.993544 1716 419 1771 553
person 0.993410 696 459 757 589
person 0.991748 524 521 616 689
person 0.989540 1319 423 1373 560
person 0.987357 1056 420 1102 530
person 0.982234 1133 407 1177 515
person 0.980108 254 429 298 520
person 0.979679 976 401 1007 490
person 0.959609 30 529 89 683
person 0.954642 781 418 816 498
person 0.906726 1747 366 1787 447
person 0.886220 1595 348 1625 429
person 0.856408 567 391 591 451
person 0.845211 725 397 759 485
person 0.814198 834 373 856 429
person 0.761846 337 303 1862 456
person 0.720646 1439 356 1467 421
person 0.705325 300 352 318 379
person 0.571620 619 394 647 447
person 0.478334 1372 330 1398 385
person 0.436342 1341 386 1382 458
person 0.358738 1622 316 1644 363
person 0.340039 344 347 359 373
person 0.321399 1334 332 1359 385
person 0.300143 1079 341 1102 397
person 0.287063 842 373 864 425
person 0.252529 1041 337 1064 395
person 0.993225 1316 423 1372 559
person 0.991938 1715 419 1769 555
person 0.991816 1054 419 1101 530
person 0.989295 525 522 618 691
person 0.989317 1135 405 1179 515
person 0.987130 701 460 758 589
person 0.980303 253 428 297 521
person 0.967963 782 417 816 499
person 0.956857 978 401 1007 490
person 0.947962 31 526 92 686
person 0.867780 1595 348 1625 430
person 0.843100 1748 366 1787 446
person 0.839031 722 398 759 490
person 0.797274 334 301 1862 456
person 0.758087 570 394 592 451
person 0.760158 616 380 650 455
person 0.717241 300 352 319 380
person 0.642577 842 372 865 426
person 0.596645 1440 371 1469 424
person 0.487551 1373 330 1398 385
person 0.460348 1342 386 1381 458
person 0.405377 344 348 360 374
person 0.362778 1079 341 1101 397
person 0.330692 1622 315 1644 364
person 0.324370 1334 331 1360 386
person 0.317127 1041 336 1064 396
