person 0.985388 705 266 758 386
person 0.972427 1236 235 1291 353
person 0.948425 1159 291 1212 420
person 0.894053 965 277 1015 396
person 0.849790 1358 205 1401 304
person 0.841583 634 160 652 189
person 0.837154 681 223 705 289
person 0.822369 560 160 576 189
person 0.786906 491 165 507 193
person 0.785667 1660 230 1705 331
person 0.752816 1004 212 1036 295
person 0.701951 1585 201 1622 316
person 0.626614 956 233 983 288
person 0.478365 516 161 530 190
person 0.475581 673 162 686 185
person 0.412222 444 183 467 207
person 0.409922 243 129 1919 296
person 0.359344 1830 210 1882 306
person 0.351752 946 237 984 323
person 0.280869 229 164 246 193
person 0.276167 464 166 480 195
person 0.258841 827 149 839 171
person 0.982731 706 267 759 387
person 0.963239 1240 237 1291 353
person 0.956802 1160 293 1220 419
person 0.941813 1361 201 1401 305
person 0.923679 1585 203 1624 316
person 0.917796 960 261 1016 397
person 0.876141 632 161 648 190
person 0.873763 1003 212 1038 293
person 0.859812 680 224 704 288
person 0.824930 561 163 576 189
person 0.793900 491 165 506 194
person 0.660231 958 235 985 288
person 0.618789 1668 231 1710 326
person 0.570262 671 162 684 186
person 0.529966 1659 206 1699 311
person 0.525852 517 162 530 190
person 0.440397 1832 213 1885 305
person 0.428681 2 264 20 330
person 0.429551 246 130 1919 292
person 0.414281 444 185 465 208
person 0.376224 1635 205 1674 310
person 0.368125 464 166 480 195
person 0.325629 951 238 986 322
person 0.282137 827 150 839 171
person 0.277260 756 150 768 172
person 0.271485 1589 198 1616 243
person 0.259995 1658 171 1684 226
