person 0.992889 1317 424 1372 559
person 0.991699 1052 420 1101 530
person 0.991428 1138 404 1181 517
person 0.990139 525 520 621 688
person 0.983326 1715 415 1768 555
person 0.978563 253 428 297 521
person 0.977455 35 521 93 694
person 0.968013 781 417 816 499
person 0.953496 707 461 758 588
person 0.942241 984 398 1016 489
person 0.844002 571 399 592 451
person 0.861466 1595 347 1625 431
person 0.800254 623 392 650 448
person 0.802919 842 374 866 425
person 0.802516 1436 357 1480 427
person 0.787026 1747 366 1787 448
person 0.776313 331 303 1867 458
person 0.750573 722 397 759 488
person 0.672679 301 351 320 378
person 0.553606 1342 386 1382 459
person 0.484163 1373 331 1399 385
person 0.396090 567 380 598 463
person 0.378500 1078 341 1101 397
person 0.351100 344 347 359 372
person 0.349369 1335 331 1361 386
person 0.310675 1622 316 1644 364
person 0.309874 1041 337 1063 396
person 0.996979 1714 421 1768 555
person 0.991230 1318 426 1371 560
person 0.991152 528 519 626 686
person 0.991014 1052 418 1100 529
person 0.986064 253 428 295 520
person 0.972940 781 417 816 501
person 0.966551 1145 406 1182 515
person 0.956705 984 398 1016 488
person 0.953238 715 463 768 585
person 0.946620 37 522 96 692
person 0.907595 845 374 868 432
person 0.872700 1756 362 1795 455
person 0.846134 571 399 595 452
person 0.832692 722 391 758 472
person 0.825426 1594 347 1624 430
person 0.796542 626 393 653 448
person 0.755080 342 303 1856 459
person 0.720814 1438 356 1480 428
person 0.657759 301 352 320 378
person 0.561959 1342 386 1382 458
person 0.471628 1373 331 1399 385
person 0.352587 1078 341 1100 397
person 0.342414 1335 330 1361 386
person 0.286753 1623 317 1645 361
