person 0.995632 1713 423 1767 557
person 0.992053 1052 419 1099 529
person 0.989594 1318 423 1370 562
person 0.989632 1148 402 1187 518
person 0.987125 253 428 295 520
person 0.981097 537 520 629 683
person 0.965498 985 397 1015 489
person 0.951743 719 464 772 588
person 0.950169 782 414 817 495
person 0.920957 49 527 103 688
person 0.910836 849 374 871 429
person 0.860369 1756 361 1794 457
person 0.823534 572 398 595 453
person 0.821356 1594 347 1624 431
person 0.820962 724 396 759 487
person 0.797636 1441 356 1483 428
person 0.735352 628 393 655 446
person 0.727025 339 303 1851 457
person 0.632633 302 352 320 379
person 0.527544 1341 386 1382 459
person 0.466292 1374 330 1400 385
person 0.346614 1335 330 1361 386
person 0.334668 1078 341 1099 397
person 0.292741 1623 316 1644 361
person 0.258682 1042 339 1063 394
person 0.995465 1714 423 1765 556
person 0.991048 1153 402 1188 517
person 0.988633 1320 420 1370 567
person 0.988191 253 427 295 521
person 0.987097 1051 421 1099 525
person 0.984056 552 523 642 681
person 0.979612 985 398 1017 489
person 0.967061 787 415 816 502
person 0.952132 49 529 104 686
person 0.928176 1757 362 1795 457
person 0.916855 722 459 774 588
person 0.844019 631 391 657 446
person 0.834984 853 377 875 425
person 0.839421 1594 348 1624 431
person 0.826729 722 390 759 474
person 0.793261 574 400 596 452
person 0.696816 344 301 1845 457
person 0.690865 302 352 320 379
person 0.586624 1444 356 1484 428
person 0.527001 1340 387 1381 460
person 0.471778 1374 329 1401 385
person 0.367277 1078 341 1100 397
person 0.349079 1334 330 1360 386
person 0.317827 1622 316 1644 362
person 0.306341 342 346 357 372
person 0.297530 1041 337 1063 395
