person 0.994304 1715 424 1764 554
person 0.992213 1321 418 1369 568
person 0.990179 253 426 294 522
person 0.986135 1156 404 1193 516
person 0.985368 987 396 1018 488
person 0.979469 1050 422 1099 527
person 0.973797 788 415 817 504
person 0.964827 555 525 639 679
person 0.947623 48 526 104 689
person 0.945156 723 460 776 585
person 0.907578 632 388 659 450
person 0.891703 1758 362 1795 458
person 0.868663 1593 347 1625 429
person 0.789413 573 398 597 453
person 0.792955 722 390 759 475
person 0.767076 853 375 876 427
person 0.700102 302 351 320 378
person 0.691725 224 297 1710 464
person 0.610623 1449 354 1485 428
person 0.476347 1374 330 1400 385
person 0.456108 342 346 357 373
person 0.440667 1339 388 1382 462
person 0.351384 1078 341 1101 397
person 0.331797 1622 315 1644 361
person 0.329945 1334 330 1360 386
person 0.294603 1042 338 1063 394
person 0.990552 252 426 294 522
person 0.988634 1321 419 1369 568
person 0.988091 1716 423 1763 557
person 0.986984 988 398 1020 488
person 0.984485 1155 403 1197 518
person 0.980637 789 413 818 507
person 0.977628 561 518 639 682
person 0.975900 1050 421 1097 527
person 0.945635 726 463 779 586
person 0.933391 48 529 105 685
person 0.901151 1757 362 1795 456
person 0.883095 725 394 760 491
person 0.811024 635 392 661 446
person 0.811377 856 378 880 428
person 0.783359 573 397 598 453
person 0.767635 1593 348 1624 429
person 0.702329 302 352 321 379
person 0.638906 233 297 1692 467
person 0.624156 1452 356 1483 423
person 0.527516 1372 329 1399 385
person 0.505549 1338 389 1383 463
person 0.402835 582 402 607 448
person 0.375021 342 346 358 372
person 0.342397 1335 329 1362 386
person 0.298887 1076 341 1100 398
person 0.291843 1623 316 1644 361
person 0.272146 1294 336 1317 387
person 0.254253 1041 338 1064 394
