person 0.994136 1702 422 1758 563
person 0.990750 1321 418 1370 569
person 0.988404 990 399 1022 487
person 0.987341 252 427 293 522
person 0.972678 791 417 819 508
person 0.967802 727 463 785 584
person 0.966577 1045 423 1086 526
person 0.960474 569 518 638 684
person 0.959027 1155 405 1198 518
person 0.921903 48 529 106 685
person 0.902091 724 396 760 487
person 0.856708 1757 361 1795 457
person 0.700739 637 391 664 448
person 0.696332 1592 349 1624 429
person 0.672116 301 352 320 379
person 0.651755 574 396 598 452
person 0.604127 1455 356 1485 422
person 0.596309 231 298 1699 471
person 0.585127 861 376 884 424
person 0.547846 555 515 606 670
person 0.503316 1338 387 1383 463
person 0.489623 1372 329 1400 385
person 0.392784 341 346 357 373
person 0.361035 1293 336 1316 388
person 0.325387 1335 329 1362 385
person 0.319541 1622 315 1644 363
person 0.280999 1076 341 1099 398
person 0.996576 1702 421 1758 564
person 0.993379 1322 419 1371 569
person 0.988595 990 399 1024 489
person 0.985851 252 427 293 522
person 0.975868 1160 403 1212 515
person 0.973813 791 418 820 509
person 0.972631 1041 425 1088 534
person 0.963272 729 467 793 583
person 0.947614 48 530 106 682
person 0.909836 1755 360 1797 460
person 0.908388 724 396 760 488
person 0.903927 593 499 647 683
person 0.859077 541 518 623 685
person 0.739148 301 351 321 378
person 0.694657 582 395 609 450
person 0.719706 1592 349 1624 428
person 0.673149 238 298 1688 468
person 0.599262 1456 357 1487 422
person 0.539360 1373 329 1400 385
person 0.520626 574 401 598 451
person 0.499021 640 373 673 450
person 0.462287 1293 337 1316 388
person 0.448887 1349 389 1389 465
person 0.411028 1335 330 1361 386
person 0.394976 1473 359 1503 413
person 0.389764 342 346 358 372
person 0.370166 1077 340 1099 398
person 0.327151 1622 315 1644 364
person 0.316555 867 378 889 423
person 0.298469 1042 336 1064 395
person 0.273216 343 333 359 365
