person 0.995756 1701 416 1759 567
person 0.989963 1322 416 1370 573
person 0.989422 1038 424 1089 536
person 0.987311 990 400 1025 488
person 0.984136 728 467 800 585
person 0.979256 252 427 294 522
person 0.979098 1162 406 1214 514
person 0.977224 791 420 820 504
person 0.956708 49 534 107 679
person 0.940721 1755 360 1798 462
person 0.926103 607 514 660 661
person 0.917755 724 399 759 485
person 0.889527 539 517 625 683
person 0.846587 577 383 611 459
person 0.745925 1592 349 1624 428
person 0.679040 301 352 320 379
person 0.648173 226 300 1712 473
person 0.530325 1348 389 1389 468
person 0.505179 1373 330 1399 385
person 0.458013 641 393 674 445
person 0.445578 1334 329 1361 386
person 0.431976 1293 335 1316 388
person 0.417195 1463 356 1506 424
person 0.342188 342 346 358 372
person 0.330597 1077 340 1100 398
person 0.320430 1622 315 1644 364
person 0.295883 1459 373 1486 423
person 0.283332 343 332 359 365
person 0.261099 1042 336 1065 396
person 0.993216 1701 416 1756 563
person 0.989795 1038 427 1087 535
person 0.989359 1163 407 1222 513
person 0.988337 1321 423 1370 566
person 0.972526 732 470 801 588
person 0.972178 252 427 293 523
person 0.968750 992 401 1025 486
person 0.968722 791 420 821 503
person 0.960528 53 506 103 692
person 0.949622 578 513 667 677
person 0.945231 1753 361 1799 463
person 0.928007 723 398 759 488
person 0.920479 535 516 632 686
person 0.880618 1592 350 1623 429
person 0.720635 617 504 673 647
person 0.717718 579 383 613 458
person 0.709425 1348 389 1390 468
person 0.700805 301 352 320 379
person 0.687861 1462 356 1509 426
person 0.618222 243 299 1698 471
person 0.513586 646 384 687 452
person 0.511832 1373 330 1399 385
person 0.416942 1335 330 1361 386
person 0.400361 1294 334 1318 387
person 0.374970 343 347 358 372
person 0.341671 1623 315 1645 363
person 0.323406 1078 340 1102 398
person 0.267538 1042 336 1066 396
person 0.263759 881 359 903 419
