person 0.994301 1699 417 1757 562
person 0.992144 1163 408 1223 513
person 0.990357 1321 425 1372 565
person 0.989166 1036 426 1088 538
person 0.984043 731 476 807 584
person 0.970039 791 420 820 504
person 0.968890 992 401 1029 487
person 0.967055 53 508 104 691
person 0.959547 253 427 293 524
person 0.940529 590 517 678 677
person 0.933506 723 398 759 488
person 0.910975 583 382 617 456
person 0.895574 1593 350 1624 429
person 0.872229 535 514 631 683
person 0.825779 1754 360 1799 461
person 0.709743 1465 355 1509 428
person 0.697465 301 352 320 379
person 0.611700 239 298 1700 470
person 0.606904 1348 389 1390 465
person 0.542838 1372 329 1399 385
person 0.520951 648 384 687 452
person 0.455289 1335 330 1361 385
person 0.399214 1296 333 1319 387
person 0.388744 544 505 588 641
person 0.388322 883 360 906 416
person 0.374715 1623 315 1645 363
person 0.373715 1080 340 1102 396
person 0.328786 342 347 358 373
person 0.325491 1043 336 1066 395
person 0.256676 343 333 359 364
person 0.993595 1699 414 1756 563
person 0.993329 1166 409 1224 512
person 0.989505 1320 427 1369 574
person 0.983784 736 474 802 583
person 0.981045 1036 430 1082 535
person 0.962598 253 428 294 523
person 0.958770 54 510 103 688
person 0.941438 791 420 820 503
person 0.939646 998 399 1027 486
person 0.936752 605 514 687 680
person 0.911513 724 399 758 485
person 0.903778 535 509 624 680
person 0.869094 1760 378 1803 469
person 0.855805 1593 349 1623 429
person 0.844252 583 381 617 458
person 0.785581 1468 355 1510 427
person 0.774371 1349 389 1390 468
person 0.629488 302 352 320 379
person 0.619480 233 301 1703 469
person 0.483666 653 374 686 449
person 0.486583 1372 330 1398 384
person 0.446266 888 358 910 417
person 0.422949 1336 330 1361 386
person 0.366611 539 501 589 648
person 0.356599 1623 315 1646 364
person 0.342991 342 346 358 373
person 0.319229 1298 333 1320 386
person 0.303214 1081 341 1104 396
person 0.280290 1042 337 1065 395
