person 0.995651 1697 413 1755 566
person 0.990658 1169 407 1225 513
person 0.989981 1320 424 1368 579
person 0.969424 1026 428 1079 538
person 0.961254 736 479 804 584
person 0.960450 51 536 107 678
person 0.958379 790 417 823 505
person 0.956204 253 427 294 523
person 0.944900 1756 360 1801 463
person 0.931700 725 399 757 484
person 0.902996 620 515 695 678
person 0.895762 1593 348 1623 429
person 0.831912 591 388 616 452
person 0.790670 1350 389 1390 470
person 0.756433 1001 398 1031 486
person 0.730300 536 508 586 639
person 0.675805 1471 353 1511 428
person 0.636514 659 391 687 450
person 0.635201 300 352 319 379
person 0.549684 1372 328 1399 386
person 0.526202 242 301 1692 469
person 0.445849 1335 330 1361 388
person 0.411405 1623 315 1646 365
person 0.371269 1474 378 1503 424
person 0.345383 891 359 915 415
person 0.343556 1082 341 1104 395
person 0.329214 342 346 358 375
person 0.297709 1298 334 1320 387
person 0.289376 1043 338 1065 393
person 0.996053 1696 415 1755 564
person 0.989341 1174 408 1229 513
person 0.987419 1319 429 1368 574
person 0.972637 737 475 803 584
person 0.963901 253 428 294 523
person 0.959060 51 532 107 681
person 0.956701 631 517 706 678
person 0.939868 791 417 823 504
person 0.936290 1022 427 1076 539
person 0.926852 1760 362 1804 462
person 0.916158 725 398 758 487
person 0.898972 526 504 606 672
person 0.871581 591 389 617 451
person 0.857790 1592 348 1624 428
person 0.823939 1351 388 1392 471
person 0.797017 663 395 690 449
person 0.731589 1003 402 1035 485
person 0.623345 300 353 318 379
person 0.534053 1478 352 1515 429
person 0.525231 1373 328 1399 386
person 0.487827 320 301 1866 460
person 0.469343 1624 315 1647 366
person 0.439315 891 373 916 428
person 0.413222 1334 329 1361 387
person 0.332081 342 347 358 375
person 0.315554 1082 343 1104 391
person 0.308133 1597 373 1619 424
person 0.297815 1299 332 1321 387
person 0.260673 1045 339 1066 391
