person 0.996356 1695 408 1756 570
person 0.983227 1182 410 1231 512
person 0.982525 651 511 705 674
person 0.974128 1319 432 1368 571
person 0.972632 739 474 802 586
person 0.972189 1020 426 1071 542
person 0.957250 1762 362 1806 462
person 0.956791 253 428 295 522
person 0.950310 52 535 107 681
person 0.928053 790 416 823 505
person 0.925439 725 398 758 488
person 0.877206 665 395 692 449
person 0.876040 517 499 591 656
person 0.845186 595 393 618 450
person 0.827036 1592 349 1622 430
person 0.810562 1350 387 1394 475
person 0.612749 299 353 317 379
person 0.587680 1481 353 1518 429
person 0.558222 894 373 920 431
person 0.523560 1372 328 1399 386
person 0.505069 1623 314 1646 367
person 0.489114 238 300 1692 472
person 0.392647 1008 401 1032 453
person 0.361960 1335 329 1362 387
person 0.282524 1082 343 1104 391
person 0.278084 343 348 358 374
person 0.257755 1300 331 1321 386
person 0.996267 1695 409 1755 572
person 0.989923 642 519 720 672
person 0.978484 747 475 810 586
person 0.976732 1018 422 1069 542
person 0.976202 520 497 575 648
person 0.974517 254 427 295 523
person 0.969472 1319 433 1366 572
person 0.958866 1187 405 1234 513
person 0.957325 52 535 107 682
person 0.952893 1762 367 1809 470
person 0.942983 796 415 835 510
person 0.902282 725 397 760 488
person 0.875918 1355 391 1397 492
person 0.856384 1591 350 1623 429
person 0.842971 597 393 618 449
person 0.663310 668 398 695 446
person 0.652115 300 353 318 379
person 0.643567 1483 354 1520 429
person 0.579731 328 303 1854 462
person 0.495007 1623 314 1646 367
person 0.472441 1372 328 1399 386
person 0.363977 1335 330 1361 386
person 0.348173 1082 342 1104 391
person 0.306643 899 376 923 426
person 0.261713 343 348 358 373
person 0.259882 1046 338 1067 389
