person 0.997490 1694 410 1752 572
person 0.995069 653 514 731 675
person 0.985926 515 490 570 655
person 0.978403 749 473 808 586
person 0.972710 1317 434 1367 571
person 0.969975 796 415 835 513
person 0.969495 255 427 296 523
person 0.966471 1018 422 1068 540
person 0.966467 1765 361 1810 464
person 0.950208 52 537 110 684
person 0.908222 1192 402 1234 516
person 0.903259 1354 391 1401 492
person 0.871267 1591 351 1623 429
person 0.857050 726 396 761 487
person 0.788161 599 391 621 448
person 0.723452 1485 355 1524 427
person 0.660583 300 353 317 379
person 0.633299 673 377 696 442
person 0.597375 333 303 1852 459
person 0.559173 1623 314 1646 367
person 0.552997 1372 328 1399 386
person 0.461829 1014 398 1041 451
person 0.383763 904 377 929 426
person 0.380212 1335 330 1361 387
person 0.315727 1082 342 1103 391
person 0.269231 161 351 178 383
person 0.263686 343 348 357 374
person 0.997330 663 511 748 674
person 0.996781 1694 415 1752 568
person 0.995162 508 486 565 659
person 0.989405 1315 432 1367 574
person 0.979944 750 472 809 586
person 0.974215 1018 421 1065 541
person 0.972947 796 417 835 514
person 0.967364 1767 362 1811 463
person 0.956838 52 532 109 688
person 0.943363 1202 405 1242 514
person 0.938204 255 427 294 524
person 0.860525 1352 390 1398 473
person 0.853907 1486 357 1528 426
person 0.834518 601 388 623 451
person 0.797536 726 397 765 484
person 0.794590 1592 351 1623 429
person 0.696964 672 396 698 449
person 0.647665 301 354 318 379
person 0.644120 355 302 1834 461
person 0.519755 915 357 939 414
person 0.481298 1624 314 1646 367
person 0.479500 1372 328 1398 385
person 0.430478 1015 398 1041 447
person 0.421243 1080 342 1101 393
person 0.413735 1334 330 1360 386
person 0.349923 343 348 358 374
person 0.336780 908 356 929 416
person 0.321917 1048 339 1067 390
person 0.254623 1300 333 1321 385
