person 0.996674 1694 418 1751 567
person 0.995041 673 507 759 673
person 0.994846 502 483 562 663
person 0.989545 1313 435 1366 571
person 0.978130 753 469 808 586
person 0.978006 1208 395 1241 511
person 0.976459 796 418 835 514
person 0.958817 52 532 108 688
person 0.957035 254 427 296 524
person 0.951430 1768 362 1812 463
person 0.931231 1019 419 1062 544
person 0.905135 727 395 765 485
person 0.893299 1353 391 1399 472
person 0.834444 1487 357 1529 426
person 0.791862 601 391 624 449
person 0.803637 1591 351 1622 430
person 0.725540 674 392 701 449
person 0.713140 301 353 319 379
person 0.576890 343 303 1844 463
person 0.519098 916 356 939 419
person 0.508252 343 348 358 376
person 0.470035 1373 328 1398 386
person 0.463521 1624 314 1646 366
person 0.386296 1335 330 1361 386
person 0.380341 1080 341 1101 392
person 0.307022 1017 400 1042 447
person 0.272266 1049 340 1068 389
person 0.996446 491 496 558 651
person 0.996375 1694 421 1749 563
person 0.992620 1313 431 1366 575
person 0.991553 677 504 770 673
person 0.990858 1209 401 1246 517
person 0.971052 254 427 295 522
person 0.965864 797 419 835 516
person 0.963228 51 532 109 686
person 0.960389 754 466 808 584
person 0.958384 1770 362 1814 463
person 0.957840 1020 395 1059 548
person 0.912826 1358 395 1404 491
person 0.804752 730 396 766 485
person 0.756688 604 394 626 449
person 0.721614 919 360 942 415
person 0.684303 301 352 319 379
person 0.669303 348 303 1834 462
person 0.640813 1592 350 1623 430
person 0.555702 1373 329 1398 385
person 0.515681 679 379 705 440
person 0.506595 342 346 358 376
person 0.497134 1502 354 1538 429
person 0.462956 1335 331 1360 386
person 0.445299 1080 342 1101 392
person 0.423079 1624 314 1645 365
person 0.352080 1492 369 1521 427
person 0.315753 1300 333 1320 386
person 0.312615 1049 341 1068 389
person 0.251266 342 329 359 368
