person 0.988469 708 267 760 386
person 0.962327 1167 292 1227 421
person 0.946507 1584 199 1623 317
person 0.944710 1364 199 1403 308
person 0.934596 1245 236 1293 354
person 0.937688 960 254 1016 399
person 0.889272 679 227 702 289
person 0.887556 630 162 647 192
person 0.850987 1686 231 1723 326
person 0.823638 562 163 577 189
person 0.819642 491 165 507 193
person 0.738721 1004 212 1035 295
person 0.601933 1834 214 1889 305
person 0.523873 671 163 684 185
person 0.479902 2 265 21 331
person 0.441777 444 186 465 208
person 0.425050 464 165 480 194
person 0.396077 960 236 987 285
person 0.400244 953 239 990 319
person 0.399458 517 162 529 189
person 0.395174 1653 203 1695 312
person 0.379563 195 130 1745 291
person 0.307763 757 150 769 173
person 0.299043 780 150 793 169
person 0.301772 826 149 837 171
person 0.983736 1172 296 1232 421
person 0.980643 706 267 761 384
person 0.952737 1246 236 1295 354
person 0.928011 1688 235 1729 321
person 0.920905 1364 204 1407 306
person 0.912626 965 250 1014 401
person 0.893200 677 220 706 300
person 0.843768 1586 197 1625 316
person 0.835370 630 161 645 191
person 0.825534 490 167 505 194
person 0.781471 562 163 576 188
person 0.689602 670 160 682 183
person 0.673884 1003 213 1035 294
person 0.664293 1835 217 1892 305
person 0.499247 2 265 20 331
person 0.470696 957 238 991 321
person 0.436384 445 186 464 208
person 0.418655 517 163 530 190
person 0.395507 194 131 1739 292
person 0.345281 465 166 480 194
person 0.300491 1028 231 1049 282
person 0.328655 826 149 837 171
person 0.319989 936 147 948 172
person 0.304387 780 150 792 169
person 0.307539 758 151 769 172
person 0.285593 0 250 26 349
person 0.279978 1644 202 1690 308
person 0.270497 964 237 989 285
person 0.273499 820 166 831 184
