person 0.996788 1693 420 1746 564
person 0.995830 1313 428 1367 580
person 0.993649 484 507 556 644
person 0.989117 1211 401 1249 517
person 0.984206 686 503 776 671
person 0.975989 797 420 837 517
person 0.971638 254 427 295 522
person 0.967646 1774 362 1816 463
person 0.956126 52 530 108 688
person 0.949789 1021 392 1060 547
person 0.916836 1360 396 1410 492
person 0.909455 758 469 805 580
person 0.881487 602 381 633 461
person 0.731284 729 396 768 487
person 0.669396 338 305 1850 462
person 0.659314 302 352 319 379
person 0.602899 923 360 946 417
person 0.603049 1592 350 1624 431
person 0.588772 678 394 705 447
person 0.562800 1372 328 1397 386
person 0.465899 1508 370 1535 428
person 0.462190 1080 342 1100 392
person 0.460812 342 346 357 376
person 0.439811 1335 330 1361 386
person 0.368525 1624 314 1646 365
person 0.333724 1048 341 1068 388
person 0.328074 734 399 764 452
person 0.271928 1300 332 1321 386
person 0.997224 1693 420 1745 565
person 0.996153 1313 427 1367 582
person 0.989667 798 418 838 516
person 0.987731 1212 401 1255 517
person 0.984928 703 511 786 672
person 0.979836 478 507 548 645
person 0.976457 52 533 109 695
person 0.962844 254 426 295 523
person 0.953393 1777 367 1816 469
person 0.910707 602 383 637 460
person 0.905702 1362 397 1412 492
person 0.903113 1014 420 1063 543
person 0.804018 729 396 770 490
person 0.774124 1592 352 1624 430
person 0.718825 925 376 948 426
person 0.696950 329 305 1864 465
person 0.639888 763 472 801 577
person 0.614040 302 352 319 379
person 0.586250 1371 329 1398 385
person 0.537527 604 400 628 449
person 0.464886 680 394 710 446
person 0.471487 1513 370 1538 428
person 0.469334 342 346 357 376
person 0.444495 1336 329 1362 387
person 0.408414 749 461 792 556
person 0.400343 1624 315 1646 365
person 0.387176 1080 342 1099 390
person 0.287325 1301 332 1321 386
person 0.273763 1049 341 1068 386
