person 0.997695 1692 420 1746 563
person 0.996372 1314 430 1367 578
person 0.992494 800 419 837 516
person 0.986968 711 510 784 675
person 0.982072 50 531 113 697
person 0.980751 1214 400 1262 517
person 0.973767 466 510 556 647
person 0.950885 1776 362 1819 463
person 0.949973 254 427 295 524
person 0.927449 1363 396 1413 491
person 0.926391 1001 425 1052 544
person 0.836628 730 396 769 491
person 0.828972 604 383 638 460
person 0.763186 929 374 953 425
person 0.753581 1018 401 1064 535
person 0.684179 763 472 798 576
person 0.661685 337 305 1855 467
person 0.657136 302 352 320 379
person 0.634686 1594 352 1626 431
person 0.498301 1522 360 1548 418
person 0.477781 1371 330 1398 385
person 0.466721 683 394 711 447
person 0.429435 1336 328 1363 387
person 0.353167 342 345 357 373
person 0.346692 1624 315 1646 364
person 0.327820 1080 343 1098 391
person 0.305087 694 383 716 435
person 0.275828 342 330 359 367
person 0.998249 1691 420 1745 563
person 0.996295 1314 426 1368 582
person 0.989349 801 419 837 518
person 0.988433 728 493 785 686
person 0.987635 1215 402 1264 516
person 0.985975 463 512 558 645
person 0.966835 1002 430 1048 541
person 0.960800 43 544 127 688
person 0.950746 1366 397 1416 491
person 0.949012 256 429 295 531
person 0.934213 1780 367 1819 471
person 0.808481 604 382 640 459
person 0.779633 729 399 770 494
person 0.735477 930 374 956 427
person 0.684029 301 353 319 380
person 0.650639 695 381 718 435
person 0.648242 347 301 1845 468
person 0.629555 1601 368 1626 429
person 0.600521 1523 361 1551 415
person 0.560985 604 400 628 447
person 0.523540 1370 330 1396 385
person 0.465632 1337 329 1363 387
person 0.434752 1624 315 1645 364
person 0.418304 1029 396 1058 448
person 0.395402 758 472 798 550
person 0.328818 1080 344 1098 390
person 0.326536 1023 417 1064 525
person 0.292803 1301 332 1321 385
person 0.264097 1050 341 1067 386
person 0.252022 341 346 355 371
