person 0.997760 1691 420 1745 563
person 0.996984 1315 425 1367 583
person 0.988894 458 522 558 646
person 0.988340 733 504 794 674
person 0.982737 41 548 135 684
person 0.982209 1217 404 1269 514
person 0.981821 801 419 837 515
person 0.962630 256 429 294 532
person 0.962652 1000 433 1045 539
person 0.948463 1372 396 1416 489
person 0.930108 1781 361 1821 463
person 0.789995 729 400 772 493
person 0.716575 347 302 1841 470
person 0.685875 1522 355 1559 428
person 0.677920 301 352 319 380
person 0.647126 695 392 721 449
person 0.626089 605 381 640 458
person 0.616225 936 374 959 426
person 0.612944 1596 350 1627 430
person 0.547370 606 398 629 447
person 0.561253 1030 396 1058 446
person 0.514511 1019 433 1060 532
person 0.478976 1370 331 1397 385
person 0.449267 765 474 797 532
person 0.447943 1336 330 1363 387
person 0.355605 620 393 645 450
person 0.361758 1624 315 1645 363
person 0.296933 343 331 359 365
person 0.281359 1080 344 1097 391
person 0.265959 1049 339 1067 386
person 0.264872 341 345 355 372
person 0.255128 1301 332 1321 384
person 0.997721 1315 420 1370 591
person 0.997553 1689 422 1743 562
person 0.992604 450 511 549 645
person 0.991876 40 552 141 681
person 0.986889 802 419 838 516
person 0.981125 743 499 798 678
person 0.980743 1217 404 1276 514
person 0.973913 998 436 1044 541
person 0.965793 254 429 295 532
person 0.964029 1374 394 1418 489
person 0.955726 1783 363 1822 473
person 0.872143 733 395 772 491
person 0.815437 697 392 721 450
person 0.765297 363 301 1829 469
person 0.747287 606 383 640 459
person 0.720655 1523 359 1566 435
person 0.705997 301 352 319 380
person 0.658842 1596 352 1630 430
person 0.580089 1034 393 1060 487
person 0.518330 938 376 963 425
person 0.482597 1370 331 1396 384
person 0.389350 606 402 628 444
person 0.462649 1337 330 1363 386
person 0.446305 1624 314 1646 364
person 0.361155 767 473 797 529
person 0.306282 622 394 646 447
person 0.300461 1050 338 1067 387
person 0.295589 342 346 356 372
person 0.286891 1080 344 1098 390
person 0.263334 1301 332 1321 384
person 0.258516 1017 346 1035 386
person 0.253934 1167 336 1187 389
