person 0.998579 1315 420 1370 590
person 0.997362 1689 421 1743 564
person 0.991378 803 420 840 518
person 0.990291 41 551 147 682
person 0.984387 997 434 1043 540
person 0.978224 446 520 545 649
person 0.976667 1220 404 1276 513
person 0.971862 1375 393 1418 487
person 0.968572 255 429 295 533
person 0.943256 752 507 808 664
person 0.927567 1786 364 1822 473
person 0.886306 731 401 773 492
person 0.796336 351 302 1837 472
person 0.774798 701 394 726 446
person 0.705245 1033 395 1059 454
person 0.683921 301 353 319 380
person 0.645126 1523 361 1568 436
person 0.556245 621 394 647 448
person 0.511947 1336 330 1363 386
person 0.507013 1370 331 1396 384
person 0.490696 606 382 642 459
person 0.482738 1597 353 1631 429
person 0.422780 1625 315 1646 364
person 0.342562 953 360 974 417
person 0.296713 606 401 628 443
person 0.309141 944 380 966 423
person 0.313580 1049 336 1068 389
person 0.285624 1037 445 1064 487
person 0.283772 1081 344 1099 391
person 0.282557 341 346 356 372
person 0.275111 1301 332 1322 384
person 0.271044 1166 337 1187 390
person 0.998438 1317 420 1370 590
person 0.997910 1689 420 1742 565
person 0.990935 996 433 1042 541
person 0.988315 803 422 839 519
person 0.981376 45 550 152 680
person 0.981391 254 427 292 534
person 0.964431 437 519 535 649
person 0.961779 1378 394 1418 486
person 0.923014 758 487 815 663
person 0.919593 1784 364 1824 471
person 0.915804 1222 403 1277 514
person 0.867103 734 400 775 493
person 0.827108 1535 359 1576 436
person 0.825764 613 381 647 458
person 0.791053 1039 394 1064 488
person 0.777670 356 304 1842 471
person 0.702551 707 380 731 438
person 0.672020 301 353 319 380
person 0.623760 1599 353 1632 428
person 0.453416 1371 330 1397 385
person 0.423667 1336 329 1362 386
person 0.388618 955 359 978 417
person 0.310251 1624 315 1645 362
person 0.287923 341 345 356 373
person 0.286099 1050 334 1070 390
person 0.263351 768 476 800 514
person 0.268843 1016 344 1036 390
person 0.264259 1302 332 1322 384
