person 0.998685 1317 424 1370 589
person 0.998327 1689 416 1740 566
person 0.991338 996 434 1044 541
person 0.985154 804 425 841 518
person 0.979357 255 429 293 535
person 0.967661 422 508 514 647
person 0.955549 55 549 153 677
person 0.953592 757 480 826 670
person 0.940888 1231 406 1284 514
person 0.922062 1384 389 1427 489
person 0.872522 1790 367 1833 469
person 0.849731 1542 358 1581 436
person 0.804513 737 393 778 489
person 0.785734 614 381 649 459
person 0.753318 359 303 1843 471
person 0.680627 960 362 983 413
person 0.662384 708 380 732 440
person 0.654325 1040 391 1067 488
person 0.632000 1600 352 1635 429
person 0.554270 301 354 318 378
person 0.502884 1371 330 1396 386
person 0.487116 1336 330 1362 388
person 0.337629 1624 316 1645 361
person 0.319050 1015 343 1036 391
person 0.302131 1049 334 1070 392
person 0.289300 1299 331 1320 385
person 0.269787 1080 343 1099 391
person 0.998756 1318 424 1369 589
person 0.998163 1689 416 1739 566
person 0.995130 994 433 1041 543
person 0.986978 417 508 487 639
person 0.983544 254 428 294 535
person 0.982844 805 425 842 518
person 0.979168 1387 391 1427 489
person 0.966098 761 481 835 667
person 0.937917 70 551 141 676
person 0.930431 1234 406 1285 514
person 0.903867 1789 367 1834 470
person 0.892947 738 395 778 490
person 0.846673 1548 360 1586 434
person 0.797450 1042 394 1071 484
person 0.784288 618 381 650 460
person 0.747132 355 304 1848 473
person 0.634316 964 362 987 415
person 0.598059 301 354 318 378
person 0.528384 710 381 734 438
person 0.497799 1371 330 1396 386
person 0.469488 1336 331 1362 388
person 0.440880 1602 376 1633 426
person 0.334802 1015 344 1036 390
person 0.293532 343 330 360 366
person 0.289372 1297 332 1318 385
person 0.283857 1624 316 1645 360
person 0.257398 1049 336 1070 390
