person 0.998413 1689 414 1739 567
person 0.997941 1319 420 1371 594
person 0.994956 993 431 1039 543
person 0.986988 253 429 294 535
person 0.984330 806 427 844 517
person 0.980897 411 511 481 637
person 0.980114 1387 391 1429 490
person 0.973136 1245 401 1286 502
person 0.947129 1791 369 1835 469
person 0.929443 73 549 141 675
person 0.910337 1556 360 1592 435
person 0.897924 619 379 652 459
person 0.829816 780 503 851 675
person 0.805256 741 398 780 485
person 0.763051 1043 393 1073 487
person 0.753712 363 303 1841 473
person 0.733905 760 475 802 577
person 0.719333 968 363 992 416
person 0.717816 714 379 738 439
person 0.619472 1595 361 1639 435
person 0.585004 302 354 319 378
person 0.454948 1370 329 1397 386
person 0.443370 1336 329 1363 388
person 0.381366 1015 343 1037 392
person 0.342825 343 330 360 366
person 0.293207 1048 336 1069 391
person 0.271488 1079 342 1098 391
person 0.250952 1298 332 1318 385
person 0.998326 1689 413 1738 568
person 0.994497 993 429 1036 548
person 0.994175 1320 421 1371 593
person 0.993485 402 503 468 641
person 0.982680 255 430 293 533
person 0.982357 1249 400 1289 504
person 0.981979 1390 391 1431 492
person 0.971403 784 510 858 671
person 0.969358 807 428 845 515
person 0.967896 84 543 150 681
person 0.944459 1792 369 1838 468
person 0.902045 1560 359 1598 434
person 0.890902 761 476 800 575
person 0.852938 1046 396 1076 485
person 0.803003 620 380 654 460
person 0.761980 716 381 740 437
person 0.709342 374 304 1827 474
person 0.655589 972 364 996 415
person 0.633047 746 399 781 488
person 0.554737 301 355 318 378
person 0.525057 1597 361 1638 435
person 0.470632 1371 330 1397 385
person 0.420501 1336 329 1362 388
person 0.309453 1015 343 1038 392
person 0.308778 1623 316 1644 361
