person 0.998635 1688 413 1738 568
person 0.997347 1320 418 1372 596
person 0.997050 396 499 456 646
person 0.995792 991 429 1036 550
person 0.987309 1251 397 1291 506
person 0.984736 254 430 293 534
person 0.979141 1392 391 1431 493
person 0.963493 78 542 171 674
person 0.962248 798 512 860 664
person 0.961738 1795 369 1841 468
person 0.947487 809 429 848 518
person 0.922584 761 475 800 575
person 0.914811 621 380 656 459
person 0.809536 1562 359 1599 433
person 0.733661 718 383 742 435
person 0.689660 383 301 1823 478
person 0.641502 1046 398 1077 486
person 0.542657 977 362 1000 417
person 0.519569 301 354 319 379
person 0.451527 1371 330 1397 385
person 0.420446 745 400 780 489
person 0.405126 746 388 767 430
person 0.398964 1336 329 1362 388
person 0.380727 1605 376 1634 425
person 0.345834 1591 361 1636 433
person 0.315341 1622 316 1644 362
person 0.308929 1015 342 1037 391
person 0.271712 1045 335 1067 392
person 0.269841 343 329 360 367
person 0.998669 1688 413 1738 568
person 0.998060 1321 415 1374 597
person 0.997231 387 504 445 640
person 0.995758 989 428 1034 551
person 0.991230 75 542 181 678
person 0.988288 1253 399 1297 507
person 0.987834 252 431 293 535
person 0.976652 1394 392 1433 492
person 0.967536 1799 367 1841 471
person 0.954770 813 428 852 518
person 0.951248 806 517 864 658
person 0.938186 761 468 800 579
person 0.926426 1049 397 1078 484
person 0.918860 621 382 660 459
person 0.729570 359 299 1836 477
person 0.614909 740 398 780 489
person 0.608863 1578 361 1626 433
person 0.519874 302 354 319 379
person 0.498953 1372 331 1397 385
person 0.481830 978 363 1001 410
person 0.469211 1564 359 1602 433
person 0.443143 721 383 745 433
person 0.401673 1335 329 1361 388
person 0.372044 1622 315 1645 362
person 0.319475 1597 375 1627 425
person 0.313403 340 344 356 374
person 0.304781 1046 335 1067 391
person 0.281318 342 329 360 367
person 0.261557 1015 343 1036 391
person 0.256452 738 386 762 428
