person 0.998454 1688 415 1738 566
person 0.997723 1323 414 1375 599
person 0.997179 379 505 441 640
person 0.996296 989 427 1034 551
person 0.990963 1258 397 1300 506
person 0.990578 79 538 191 675
person 0.989397 251 431 293 535
person 0.976066 1395 393 1435 492
person 0.960646 1801 368 1841 469
person 0.957422 815 429 859 517
person 0.950399 761 456 801 572
person 0.948422 623 380 661 459
person 0.939643 1048 399 1081 484
person 0.926000 818 510 869 666
person 0.733110 1580 360 1625 432
person 0.658168 371 299 1832 478
person 0.576014 1371 329 1397 386
person 0.568636 302 353 319 378
person 0.564302 740 395 781 489
person 0.481903 1622 316 1645 366
person 0.471472 980 364 1004 412
person 0.446811 1335 328 1361 389
person 0.348075 1617 372 1645 426
person 0.347116 340 344 356 373
person 0.344791 1002 359 1023 405
person 0.294939 341 330 359 367
person 0.268106 737 381 762 429
person 0.259384 1104 341 1126 391
person 0.998368 1688 414 1738 566
person 0.997212 1324 423 1376 587
person 0.993459 989 429 1034 550
person 0.992275 370 501 432 646
person 0.991270 1262 396 1305 511
person 0.989690 252 432 293 533
person 0.981959 1396 394 1440 491
person 0.977964 763 451 803 575
person 0.967761 84 536 202 675
person 0.957813 1802 367 1840 469
person 0.952108 623 380 663 461
person 0.949765 1047 403 1082 484
person 0.936669 828 521 881 660
person 0.862482 818 428 860 519
person 0.817613 740 384 774 476
person 0.663059 370 299 1823 477
person 0.608630 1586 358 1626 435
person 0.548923 1372 329 1398 385
person 0.542102 1000 359 1024 409
person 0.521300 303 354 320 378
person 0.445338 631 398 658 449
person 0.449443 1619 372 1646 430
person 0.434456 1335 328 1361 388
person 0.314611 1623 316 1645 360
person 0.297604 339 345 354 372
person 0.270558 341 330 358 366
person 0.256255 1044 336 1066 391
