person 0.998165 1689 416 1738 566
person 0.996349 1327 425 1376 586
person 0.995384 989 429 1033 550
person 0.992362 252 432 294 534
person 0.987409 100 539 216 663
person 0.986190 1266 396 1307 511
person 0.983424 350 502 429 649
person 0.979109 1402 393 1441 492
person 0.962513 762 452 806 573
person 0.948180 1804 368 1842 467
person 0.947052 823 505 901 675
person 0.919589 624 382 666 460
person 0.891522 1052 394 1095 486
person 0.818471 820 432 868 534
person 0.779958 1592 359 1632 433
person 0.678974 742 385 779 477
person 0.668537 1001 358 1026 411
person 0.664789 360 299 1834 478
person 0.596965 302 353 320 378
person 0.581582 1373 329 1398 386
person 0.440530 1336 328 1361 388
person 0.410995 1616 361 1654 433
person 0.393487 342 330 359 366
person 0.326729 340 344 356 373
person 0.311660 1623 316 1644 360
person 0.259481 465 334 478 362
person 0.998284 1688 413 1739 570
person 0.996789 1325 416 1378 593
person 0.995227 989 429 1033 551
person 0.989091 252 430 294 535
person 0.988414 762 449 807 572
person 0.979127 1403 394 1444 491
person 0.979038 1267 396 1310 511
person 0.964126 826 504 910 675
person 0.963550 339 503 419 651
person 0.953663 1808 368 1846 469
person 0.952571 113 541 222 665
person 0.942292 1053 398 1098 485
person 0.930117 627 382 670 458
person 0.849657 821 428 864 520
person 0.845772 1599 360 1637 433
person 0.691759 1006 356 1030 409
person 0.651293 366 295 1826 481
person 0.584900 745 385 779 475
person 0.567088 1372 330 1398 386
person 0.555072 303 354 320 378
person 0.554934 1614 362 1655 433
person 0.497460 1335 329 1361 387
person 0.463545 1621 316 1646 365
person 0.405219 341 330 358 366
person 0.259834 339 344 354 372
person 0.257556 1076 339 1097 391
person 0.256661 1295 333 1315 385
person 0.256081 1104 341 1125 391
person 0.251641 1047 338 1067 391
