person 0.997172 1688 415 1740 569
person 0.995103 989 429 1031 551
person 0.994664 1328 422 1382 587
person 0.989544 253 431 293 533
person 0.972898 1406 391 1448 491
person 0.969664 766 453 813 569
person 0.969151 833 504 923 675
person 0.956003 1056 394 1100 485
person 0.951202 1814 357 1850 464
person 0.926589 1272 403 1319 516
person 0.921666 344 505 403 637
person 0.916640 631 382 672 458
person 0.910018 121 539 227 663
person 0.789063 1008 351 1032 411
person 0.745990 1609 360 1652 434
person 0.718684 747 387 781 495
person 0.671202 823 428 864 517
person 0.645840 374 297 1814 478
person 0.577267 1372 330 1398 386
person 0.576112 302 354 319 378
person 0.455201 1336 329 1360 387
person 0.324537 342 330 358 366
person 0.321484 340 345 355 372
person 0.318558 1622 316 1647 362
person 0.252498 1296 334 1315 385
person 0.995404 1688 417 1741 567
person 0.995361 988 428 1031 553
person 0.993451 1332 412 1382 596
person 0.991094 335 499 394 654
person 0.989098 255 431 293 534
person 0.977772 767 447 815 569
person 0.974050 848 510 937 680
person 0.972178 1406 392 1451 488
person 0.969306 1273 404 1320 514
person 0.964290 1058 399 1101 484
person 0.918573 634 384 674 459
person 0.899007 1608 360 1655 433
person 0.888931 1818 354 1853 464
person 0.816674 128 545 226 645
person 0.733196 1011 351 1035 410
person 0.717161 748 393 780 494
person 0.672139 1372 329 1398 386
person 0.623284 384 295 1806 478
person 0.607879 828 435 879 534
person 0.607875 302 354 319 378
person 0.563070 1334 330 1360 387
person 0.372131 342 330 359 366
person 0.351889 1623 315 1647 359
person 0.350970 1293 335 1313 386
person 0.315715 340 345 355 373
person 0.278268 1076 342 1096 391
