person 0.975371 716 269 767 386
person 0.943904 1367 202 1406 306
person 0.942711 678 220 706 299
person 0.920901 966 279 1010 395
person 0.908192 1694 238 1738 323
person 0.897034 1168 282 1252 427
person 0.887805 1586 197 1626 315
person 0.853397 1253 230 1287 338
person 0.807030 491 166 506 193
person 0.794980 630 161 645 191
person 0.781550 561 163 575 188
person 0.728840 1838 219 1895 307
person 0.675210 1003 213 1036 295
person 0.623261 670 160 682 183
person 0.598124 965 232 992 291
person 0.541578 1022 216 1053 296
person 0.492424 184 133 1756 294
person 0.464012 463 166 479 194
person 0.423530 445 185 465 208
person 0.423482 517 162 529 189
person 0.387720 3 265 20 330
person 0.313609 779 150 791 169
person 0.313483 1635 207 1675 306
person 0.308497 0 245 26 352
person 0.307393 826 148 837 171
person 0.286777 758 152 770 172
person 0.972144 717 268 767 386
person 0.949937 678 220 707 299
person 0.936188 1701 238 1743 321
person 0.934909 966 265 1012 389
person 0.915462 1190 292 1256 420
person 0.914019 1255 230 1290 334
person 0.904009 1585 204 1625 313
person 0.901813 1367 203 1407 304
person 0.855949 631 162 646 190
person 0.798166 492 166 508 194
person 0.785252 562 164 576 189
person 0.744971 669 161 682 184
person 0.735578 1022 215 1053 298
person 0.711205 998 213 1034 294
person 0.682741 1839 219 1896 304
person 0.542701 463 166 479 195
person 0.514279 153 133 1783 288
person 0.485311 3 265 20 330
person 0.436213 447 184 467 207
person 0.425729 1634 208 1672 303
person 0.398993 936 149 948 173
person 0.384408 826 148 837 172
person 0.363598 516 163 529 190
person 0.338210 965 235 989 286
person 0.325458 1662 172 1688 228
person 0.319412 0 248 26 349
person 0.278056 757 151 769 172
person 0.256872 820 166 832 183
