person 0.996086 1688 415 1743 570
person 0.995275 987 428 1030 554
person 0.991405 331 495 389 660
person 0.988483 254 431 293 533
person 0.986614 1335 415 1383 593
person 0.983314 853 502 942 681
person 0.974545 1410 391 1454 487
person 0.965254 1279 396 1318 506
person 0.962981 771 452 815 566
person 0.942344 148 541 246 660
person 0.941519 1060 397 1100 482
person 0.931055 1611 360 1660 433
person 0.885065 639 383 675 456
person 0.803586 749 394 788 495
person 0.797032 1821 359 1855 456
person 0.717308 1014 350 1038 413
person 0.640019 302 354 320 379
person 0.617009 1372 331 1398 386
person 0.592451 833 424 877 518
person 0.576302 393 296 1799 477
person 0.540785 1334 330 1360 387
person 0.396842 1624 316 1646 356
person 0.385501 341 346 357 375
person 0.348658 342 330 358 366
person 0.306273 1077 340 1096 390
person 0.305505 1292 336 1313 386
person 0.994550 987 429 1029 554
person 0.994138 1689 420 1745 563
person 0.991614 253 430 293 535
person 0.991298 321 498 380 655
person 0.987955 1336 421 1385 589
person 0.987602 860 509 951 680
person 0.977983 771 452 818 568
person 0.957492 1063 399 1101 483
person 0.953356 1274 404 1323 515
person 0.947537 1411 392 1454 486
person 0.931812 1618 359 1666 437
person 0.858873 643 397 674 451
person 0.801349 750 397 787 492
person 0.752164 1823 354 1856 461
person 0.694346 149 551 245 659
person 0.667602 834 427 884 544
person 0.655647 301 355 318 379
person 0.616316 1372 331 1398 386
person 0.592699 365 295 1823 482
person 0.513930 1334 331 1360 387
person 0.479502 1014 349 1038 413
person 0.426283 1624 317 1646 357
person 0.330865 341 347 356 374
person 0.321142 342 330 358 366
person 0.281387 1077 340 1096 389
person 0.269619 1294 335 1315 386
