person 0.994470 1690 419 1747 563
person 0.992694 987 429 1027 554
person 0.989354 252 429 293 536
person 0.988456 871 511 945 680
person 0.985985 1335 418 1387 592
person 0.978850 312 499 373 650
person 0.975282 1277 404 1325 514
person 0.955741 838 419 877 526
person 0.929748 1068 400 1102 482
person 0.921698 1623 358 1673 437
person 0.910564 1417 385 1452 482
person 0.883244 779 452 819 567
person 0.863289 750 393 790 496
person 0.804554 148 545 246 651
person 0.696951 1824 356 1858 461
person 0.693637 639 383 678 456
person 0.656449 300 354 317 379
person 0.612041 1371 330 1398 386
person 0.587101 348 294 1841 482
person 0.498996 1334 331 1360 387
person 0.451739 1622 317 1643 357
person 0.405613 1016 351 1040 413
person 0.355118 342 346 357 374
person 0.331830 342 330 359 366
person 0.305737 1293 335 1315 386
person 0.258511 656 396 682 448
person 0.250597 1077 341 1096 390
person 0.994075 1692 414 1750 568
person 0.992022 877 505 950 680
person 0.991981 987 429 1028 553
person 0.986328 310 494 369 653
person 0.984806 251 430 292 535
person 0.980888 840 416 878 523
person 0.965353 1278 404 1332 514
person 0.955383 1337 421 1386 590
person 0.912373 777 451 822 565
person 0.910398 148 539 244 658
person 0.856210 1416 383 1453 483
person 0.850357 1635 357 1674 438
person 0.820971 1073 398 1105 483
person 0.770787 757 393 801 492
person 0.686592 1830 351 1869 460
person 0.660596 301 354 319 379
person 0.607410 358 294 1829 482
person 0.547484 1371 330 1397 386
person 0.523928 1623 317 1643 360
person 0.490834 649 381 685 457
person 0.489920 1335 331 1360 387
person 0.420757 646 397 674 450
person 0.336473 1071 442 1100 481
person 0.372641 1017 347 1042 414
person 0.372186 341 346 357 375
person 0.307817 342 328 359 368
person 0.301380 1033 354 1056 412
person 0.300260 1292 337 1313 386
person 0.265674 1825 347 1845 371
