person 0.993156 1692 421 1753 560
person 0.991618 883 499 951 680
person 0.991291 251 429 295 546
person 0.991046 988 429 1028 553
person 0.986798 306 502 368 639
person 0.971673 1341 428 1400 579
person 0.966428 844 414 875 527
person 0.952403 155 541 263 664
person 0.951457 1291 400 1335 501
person 0.943450 781 449 826 565
person 0.920342 1426 383 1460 479
person 0.876897 1072 403 1111 482
person 0.743954 1646 351 1684 430
person 0.728730 649 380 686 457
person 0.702572 301 354 319 380
person 0.694795 1832 355 1868 463
person 0.654523 358 294 1838 478
person 0.634639 761 394 797 489
person 0.574100 1371 331 1397 386
person 0.499189 1334 331 1359 387
person 0.475896 1622 317 1642 361
person 0.375852 341 347 357 376
person 0.329477 1293 335 1314 386
person 0.311851 1076 339 1095 391
person 0.297465 342 328 360 367
person 0.292658 1036 355 1059 410
person 0.259910 1827 347 1846 372
person 0.250678 1017 348 1042 412
person 0.250308 464 334 476 361
person 0.991780 1692 421 1753 561
person 0.991599 988 428 1027 551
person 0.985680 249 430 295 536
person 0.983531 890 497 957 678
person 0.983031 781 447 828 562
person 0.978293 1341 429 1401 580
person 0.974752 299 500 357 641
person 0.974693 843 416 876 521
person 0.961519 1295 397 1338 506
person 0.941780 1426 381 1461 479
person 0.932606 157 540 260 664
person 0.915764 1076 401 1116 481
person 0.855773 1650 350 1687 432
person 0.771258 651 379 686 456
person 0.751699 1833 355 1869 460
person 0.728036 301 354 319 379
person 0.629054 360 293 1829 479
person 0.603068 1370 330 1397 387
person 0.572627 761 395 797 488
person 0.492938 1334 330 1359 387
person 0.487452 342 346 359 376
person 0.476054 1621 315 1643 363
person 0.376860 1039 354 1061 409
person 0.353310 343 329 360 367
person 0.316190 1293 335 1313 386
person 0.311972 1827 347 1847 374
person 0.306413 464 333 476 361
person 0.298033 1018 346 1041 412
person 0.282638 1076 342 1094 390
