person 0.994427 988 427 1028 547
person 0.993431 295 490 353 657
person 0.986877 1694 425 1756 560
person 0.984335 249 432 295 537
person 0.978636 1343 429 1401 580
person 0.975627 1429 381 1463 478
person 0.975286 780 446 830 561
person 0.970825 1301 399 1342 504
person 0.970446 893 495 957 678
person 0.951002 848 414 879 519
person 0.945617 157 537 237 656
person 0.869137 1074 406 1116 481
person 0.857733 1653 360 1696 438
person 0.852578 1835 356 1872 459
person 0.810973 652 380 687 459
person 0.728627 300 354 319 379
person 0.646264 763 385 800 475
person 0.644573 349 295 1840 477
person 0.604075 1371 330 1397 387
person 0.594535 342 346 359 376
person 0.494518 1334 330 1359 388
person 0.454958 1017 346 1042 409
person 0.400682 1041 354 1066 409
person 0.350322 464 333 476 361
person 0.340294 1621 314 1642 364
person 0.338206 1292 335 1313 387
person 0.293984 1076 340 1096 391
person 0.289887 343 329 359 367
person 0.259339 1828 347 1848 372
person 0.994669 988 427 1029 547
person 0.994633 289 496 350 656
person 0.992503 1695 426 1756 560
person 0.990320 248 433 295 536
person 0.985905 1346 423 1402 586
person 0.971851 851 416 882 522
person 0.961255 160 536 237 655
person 0.959138 1430 379 1464 479
person 0.942864 781 447 829 560
person 0.942705 1305 399 1344 503
person 0.934171 1080 402 1119 479
person 0.912393 901 494 966 677
person 0.908153 1839 372 1877 466
person 0.839174 654 377 687 458
person 0.804046 1656 362 1707 437
person 0.698796 764 385 804 474
person 0.693745 302 355 320 379
person 0.663392 344 297 1838 477
person 0.608875 1371 331 1397 387
person 0.536248 341 346 358 375
person 0.483853 1334 332 1360 387
person 0.380653 1668 375 1701 427
person 0.377843 1620 312 1644 365
person 0.366814 1017 346 1041 409
person 0.348864 463 333 476 362
person 0.343235 1828 347 1848 372
person 0.324444 1293 335 1313 387
person 0.294880 343 330 360 367
person 0.266992 1851 349 1874 371
person 0.259129 1045 352 1067 407
