person 0.996163 1345 424 1403 587
person 0.995807 988 427 1029 545
person 0.993106 282 496 345 654
person 0.984271 1697 429 1757 556
person 0.983851 1431 379 1467 476
person 0.978184 251 433 296 534
person 0.951592 1079 402 1119 481
person 0.939783 166 535 240 658
person 0.940068 1838 361 1878 456
person 0.933375 852 418 885 520
person 0.921643 780 449 829 560
person 0.902938 656 377 690 458
person 0.885061 907 480 976 669
person 0.849490 1312 399 1349 496
person 0.753699 1656 356 1700 427
person 0.666738 301 354 320 380
person 0.649787 765 385 806 475
person 0.640902 1371 330 1398 387
person 0.640468 358 297 1820 473
person 0.479240 1334 332 1361 387
person 0.476219 1618 312 1643 367
person 0.449981 341 345 358 375
person 0.446039 1017 347 1041 407
person 0.384285 1684 363 1725 434
person 0.382588 1045 348 1069 410
person 0.348536 342 329 359 368
person 0.310959 1291 336 1312 387
person 0.290413 1278 337 1298 386
person 0.285472 464 333 476 362
person 0.284184 1828 347 1849 371
person 0.270242 1078 341 1097 392
person 0.260846 535 329 547 351
person 0.996387 1345 421 1404 588
person 0.995803 279 499 338 651
person 0.993927 988 426 1031 546
person 0.982787 1432 382 1469 476
person 0.981553 1698 430 1761 557
person 0.980063 253 432 296 534
person 0.968250 1840 362 1883 455
person 0.965145 858 421 891 520
person 0.930650 173 537 239 656
person 0.928481 792 448 837 560
person 0.925256 1314 397 1350 500
person 0.914269 1082 401 1119 482
person 0.888228 912 478 983 670
person 0.887896 657 379 695 459
person 0.812473 1656 355 1701 427
person 0.681291 1695 361 1733 434
person 0.675786 354 298 1826 472
person 0.662782 302 354 321 379
person 0.631449 767 402 807 485
person 0.619082 1371 331 1397 387
person 0.522173 341 345 357 375
person 0.499187 1017 347 1040 407
person 0.492101 1618 312 1643 368
person 0.482902 1334 332 1362 387
person 0.469199 1320 445 1387 572
person 0.440321 1046 348 1069 412
person 0.320743 787 381 812 426
person 0.309243 1078 341 1097 392
person 0.306003 1278 338 1298 386
person 0.296021 342 330 359 367
person 0.293671 1291 337 1311 387
person 0.269645 1828 347 1848 369
person 0.266433 464 333 476 362
person 0.255777 1848 350 1873 370
