person 0.994225 1347 421 1403 587
person 0.993234 990 427 1031 543
person 0.989309 275 501 332 650
person 0.982448 1435 381 1471 477
person 0.981761 253 432 296 536
person 0.967923 178 534 239 659
person 0.961913 1699 431 1761 556
person 0.940004 859 422 894 521
person 0.938123 1318 399 1352 493
person 0.938002 795 445 838 560
person 0.933120 658 380 697 457
person 0.925103 1842 362 1885 459
person 0.843008 1082 400 1121 482
person 0.828425 918 476 988 672
person 0.825332 1665 354 1705 427
person 0.736674 1708 365 1738 429
person 0.697736 768 402 807 484
person 0.663572 351 298 1831 475
person 0.656922 303 354 321 379
person 0.624801 1325 442 1388 574
person 0.604207 340 345 358 376
person 0.590675 1372 332 1397 387
person 0.552895 1620 314 1644 369
person 0.550528 1016 348 1040 406
person 0.480691 1334 333 1361 387
person 0.375927 465 333 477 362
person 0.349775 1050 335 1070 396
person 0.335099 1851 351 1872 371
person 0.335100 1077 339 1096 393
person 0.318764 533 329 545 352
person 0.302081 1829 347 1847 368
person 0.270800 788 383 812 427
person 0.254594 1292 337 1312 387
person 0.996433 1347 424 1404 585
person 0.994109 992 428 1033 543
person 0.984494 1437 383 1475 476
person 0.977262 179 535 239 659
person 0.977125 254 434 300 534
person 0.967447 269 501 327 647
person 0.957813 936 476 1002 672
person 0.957277 793 443 840 561
person 0.956393 1322 396 1357 501
person 0.950157 1844 360 1886 461
person 0.948188 657 381 703 458
person 0.942689 1708 427 1767 559
person 0.937194 1666 353 1708 427
person 0.932595 861 424 896 517
person 0.748487 1091 397 1132 482
person 0.654841 364 296 1814 471
person 0.604650 1372 332 1397 387
person 0.600973 302 354 320 379
person 0.564350 769 406 806 487
person 0.550632 1017 348 1040 406
person 0.518369 1334 333 1361 388
person 0.492189 665 397 695 446
person 0.479311 1620 314 1645 370
person 0.451664 341 346 357 373
person 0.360431 1709 361 1744 438
person 0.335631 772 426 801 472
person 0.337120 1048 335 1068 396
person 0.326856 1829 347 1847 368
person 0.322118 1076 339 1097 392
person 0.319108 1166 339 1186 390
person 0.305367 790 384 814 431
person 0.299981 1851 350 1872 370
person 0.298482 1292 335 1312 388
person 0.291123 465 333 478 362
person 0.279843 778 385 815 472
person 0.268710 534 329 547 352
