person 0.995762 1348 422 1405 587
person 0.993048 993 431 1034 544
person 0.986307 1439 383 1478 476
person 0.984712 937 492 1012 678
person 0.981554 178 534 238 661
person 0.973700 1690 414 1772 569
person 0.973373 262 504 317 647
person 0.947517 254 434 302 534
person 0.946753 657 381 704 457
person 0.945914 795 438 846 552
person 0.940526 1843 359 1889 458
person 0.939286 1672 350 1712 427
person 0.938003 1324 397 1362 500
person 0.912240 1092 398 1130 479
person 0.883585 864 424 898 521
person 0.838390 1725 361 1760 442
person 0.779545 769 402 804 488
person 0.674266 276 294 1679 475
person 0.625035 1372 332 1397 387
person 0.595247 302 353 319 379
person 0.585002 1017 349 1039 406
person 0.534229 1334 333 1361 387
person 0.496088 341 345 358 374
person 0.483081 1621 314 1645 371
person 0.337760 1167 340 1186 390
person 0.336678 1329 441 1386 575
person 0.321590 1292 335 1313 388
person 0.310888 1075 355 1096 403
person 0.309143 1049 337 1068 395
person 0.299755 792 383 818 428
person 0.291225 772 422 797 472
person 0.279813 1280 338 1297 385
person 0.272587 803 378 829 429
person 0.270231 535 329 547 352
person 0.269160 464 334 476 361
person 0.993059 941 495 1025 677
person 0.989310 995 429 1033 543
person 0.987876 177 528 232 669
person 0.987725 1350 424 1407 588
person 0.980031 1440 384 1481 476
person 0.968228 1695 415 1774 568
person 0.955685 799 436 848 552
person 0.934075 1852 358 1889 453
person 0.933023 258 486 313 663
person 0.928820 1325 398 1362 498
person 0.923287 662 381 704 457
person 0.895998 255 431 300 536
person 0.858667 864 424 899 518
person 0.844644 1676 351 1713 427
person 0.821720 1095 383 1132 480
person 0.717986 1729 363 1766 438
person 0.695850 769 404 803 489
person 0.623427 277 294 1678 480
person 0.577820 303 354 320 379
person 0.577996 1621 315 1645 371
person 0.574746 1372 332 1397 386
person 0.530880 805 380 831 428
person 0.489230 1335 333 1361 386
person 0.480137 341 344 358 373
person 0.470632 1017 349 1039 406
person 0.322466 1166 340 1186 391
person 0.313826 1047 335 1067 395
person 0.285629 1279 338 1297 385
person 0.283057 1327 444 1385 574
person 0.252658 773 425 798 471
person 0.267901 1077 338 1098 394
person 0.262989 410 331 424 363
person 0.253670 1295 335 1315 387
