person 0.995868 949 497 1032 681
person 0.990424 1352 418 1407 592
person 0.985776 1444 384 1485 478
person 0.984422 173 530 232 666
person 0.972394 1714 424 1773 563
person 0.971718 997 431 1039 543
person 0.954888 254 493 311 658
person 0.940634 801 437 849 551
person 0.923869 1855 360 1891 449
person 0.921477 1092 399 1137 478
person 0.921264 1326 400 1367 495
person 0.904374 666 379 705 456
person 0.899114 863 423 900 521
person 0.882304 1687 348 1719 427
person 0.875303 256 428 300 541
person 0.790653 1743 363 1779 438
person 0.748334 771 399 804 490
person 0.721402 1621 315 1645 371
person 0.662025 297 294 1658 477
person 0.590552 1373 331 1397 386
person 0.581104 808 378 831 429
person 0.587889 302 355 319 380
person 0.537431 1333 333 1360 387
person 0.498071 1017 348 1039 406
person 0.414194 342 346 357 373
person 0.358922 1047 335 1068 395
person 0.332995 1829 346 1847 367
person 0.325947 1078 339 1099 393
person 0.320705 1166 341 1187 391
person 0.312097 1280 339 1297 385
person 0.296861 133 373 154 398
person 0.279730 1851 350 1873 369
person 0.994358 952 505 1043 680
person 0.991849 997 430 1041 547
person 0.989508 1447 383 1485 478
person 0.988493 1719 421 1774 565
person 0.981487 170 525 231 670
person 0.980477 1352 423 1409 588
person 0.976367 1095 396 1141 480
person 0.972363 802 435 850 550
person 0.960566 1692 347 1725 427
person 0.953959 1854 360 1894 456
person 0.939835 249 496 306 655
person 0.909885 870 420 910 521
person 0.894103 1331 399 1374 500
person 0.889050 772 398 804 492
person 0.852397 670 379 707 457
person 0.803047 255 428 299 547
person 0.764230 1621 315 1645 371
person 0.681678 815 378 838 429
person 0.681943 1747 364 1786 438
person 0.678104 290 297 1671 471
person 0.621761 1373 330 1397 386
person 0.591967 302 354 319 380
person 0.570649 1333 333 1360 387
person 0.416242 1017 350 1039 405
person 0.403249 1047 333 1067 396
person 0.385762 342 345 358 372
person 0.357942 1280 341 1297 384
person 0.328584 1078 338 1100 393
person 0.327285 1167 341 1187 391
person 0.278340 1486 364 1509 387
person 0.276300 1829 346 1847 367
person 0.276270 1175 336 1198 392
