person 0.994730 1723 418 1777 570
person 0.994038 959 508 1050 682
person 0.988899 999 429 1041 545
person 0.981225 1352 430 1413 582
person 0.980249 1451 381 1487 478
person 0.979525 871 419 911 523
person 0.979376 800 433 852 552
person 0.968898 168 526 231 669
person 0.957796 1097 398 1144 479
person 0.948664 1696 347 1727 427
person 0.928876 1335 400 1376 498
person 0.927024 247 504 302 646
person 0.881236 773 399 807 492
person 0.845640 1762 360 1801 437
person 0.786971 1860 360 1896 452
person 0.760424 672 379 707 457
person 0.737349 255 430 300 549
person 0.689661 818 383 842 431
person 0.686076 1621 316 1645 370
person 0.673124 296 296 1661 472
person 0.656862 1373 331 1397 386
person 0.632312 1334 334 1360 388
person 0.555687 301 355 319 380
person 0.531852 1279 341 1297 388
person 0.448537 1018 350 1039 405
person 0.378115 342 346 357 373
person 0.372540 1047 335 1067 395
person 0.335915 1486 364 1510 387
person 0.335641 1167 340 1186 390
person 0.327562 1830 347 1847 367
person 0.311539 1079 354 1101 404
person 0.256147 1176 337 1198 392
person 0.255008 1295 338 1315 387
person 0.994626 1725 420 1779 566
person 0.992640 960 504 1056 680
person 0.983890 1350 432 1413 577
person 0.982058 873 417 911 525
person 0.978560 999 430 1043 543
person 0.975741 1451 381 1488 478
person 0.965937 241 498 300 652
person 0.960534 165 524 225 670
person 0.945959 773 399 810 495
person 0.942165 801 440 854 546
person 0.939391 1102 388 1146 478
person 0.917732 1700 346 1730 426
person 0.874000 1770 363 1814 437
person 0.868725 255 432 301 536
person 0.840024 1337 401 1376 498
person 0.796945 676 378 709 458
person 0.749431 822 381 844 431
person 0.746490 1621 316 1645 371
person 0.704740 282 296 1680 470
person 0.689001 1372 331 1396 387
person 0.653562 1858 357 1898 451
person 0.615238 1333 334 1359 389
person 0.529732 301 355 319 380
person 0.456491 1279 342 1297 389
person 0.423728 1018 351 1039 404
person 0.393358 1048 336 1067 394
person 0.354811 342 346 357 373
person 0.330561 1485 365 1509 388
person 0.331046 1078 339 1098 395
person 0.328326 1167 340 1187 391
person 0.279791 1175 337 1198 393
person 0.262772 1881 396 1905 450
