person 0.994764 1728 416 1780 570
person 0.990298 965 503 1057 678
person 0.985649 876 417 912 525
person 0.967407 161 527 244 671
person 0.962446 1000 430 1043 541
person 0.951767 258 431 304 533
person 0.950190 1454 380 1489 480
person 0.947803 1350 433 1414 577
person 0.947175 235 500 293 646
person 0.946113 801 450 858 559
person 0.915428 777 401 811 494
person 0.914919 1107 388 1147 477
person 0.877449 1707 346 1737 426
person 0.779420 680 378 709 459
person 0.762949 1621 316 1646 371
person 0.716397 1372 330 1397 388
person 0.695125 1871 362 1905 448
person 0.683822 825 380 845 431
person 0.680489 1779 363 1821 438
person 0.677526 276 297 1683 469
person 0.624450 1333 334 1359 389
person 0.529473 301 354 319 380
person 0.497466 1340 403 1381 496
person 0.445585 1048 335 1067 395
person 0.440937 1018 351 1039 405
person 0.406373 1279 342 1297 389
person 0.389637 1174 334 1199 395
person 0.374764 1078 339 1098 395
person 0.362048 1167 338 1188 392
person 0.350103 342 346 357 373
person 0.306991 1485 365 1511 389
person 0.287875 1881 395 1906 451
person 0.261632 1829 347 1847 366
person 0.997610 1731 416 1785 569
person 0.986298 876 417 914 525
person 0.979775 964 496 1057 679
person 0.975717 1348 437 1414 576
person 0.973129 262 430 305 532
person 0.968220 777 401 812 492
person 0.948407 157 529 246 671
person 0.945207 802 452 859 558
person 0.940772 1109 389 1150 477
person 0.933684 999 431 1042 539
person 0.930728 1463 378 1497 478
person 0.860462 1713 348 1742 425
person 0.851448 224 481 282 660
person 0.824762 681 379 711 457
person 0.820303 1797 363 1833 443
person 0.699780 1621 317 1646 369
person 0.698071 1372 331 1397 388
person 0.691060 1874 359 1910 449
person 0.648487 827 380 848 432
person 0.640435 377 302 1808 464
person 0.626940 1333 333 1359 389
person 0.583475 301 355 319 379
person 0.487425 1349 397 1395 467
person 0.484737 1279 343 1297 389
person 0.451563 1048 336 1067 394
person 0.386676 1077 341 1096 394
person 0.383626 1174 336 1199 395
person 0.378678 342 347 357 372
person 0.360570 1019 351 1039 404
person 0.347420 1167 339 1187 393
person 0.319124 1106 342 1127 395
person 0.309230 1884 396 1910 452
person 0.263542 1826 347 1847 367
person 0.254071 1295 338 1315 389
