person 0.980346 720 268 768 387
person 0.947757 679 220 707 299
person 0.946402 963 282 1009 395
person 0.945202 1702 236 1751 326
person 0.937351 1367 201 1411 305
person 0.906924 1583 209 1625 314
person 0.889544 1186 274 1276 424
person 0.885462 630 163 647 191
person 0.883979 1255 228 1291 337
person 0.838951 493 165 509 195
person 0.782596 562 162 575 189
person 0.751665 1023 218 1054 299
person 0.675848 670 162 682 184
person 0.621785 462 165 479 195
person 0.581320 998 214 1031 294
person 0.551518 1629 205 1666 301
person 0.492471 157 132 1785 284
person 0.476808 1848 215 1898 307
person 0.475259 936 149 948 172
person 0.454974 3 264 20 331
person 0.410771 446 184 467 208
person 0.381128 516 163 529 191
person 0.377155 969 216 1005 307
person 0.346960 827 148 839 172
person 0.292286 967 236 991 285
person 0.309667 0 247 25 351
person 0.297790 1594 197 1635 289
person 0.291464 822 165 834 184
person 0.264578 1662 171 1689 230
person 0.988404 724 268 770 387
person 0.961658 680 221 708 299
person 0.958567 1716 233 1766 323
person 0.951663 1581 227 1615 322
person 0.909732 963 285 1009 395
person 0.906555 1369 204 1413 303
person 0.900124 629 161 647 192
person 0.871423 1200 298 1266 421
person 0.842068 493 165 510 195
person 0.785044 1024 218 1057 296
person 0.773154 1260 230 1293 336
person 0.768769 562 161 575 187
person 0.742584 1630 209 1665 303
person 0.626048 461 165 479 196
person 0.559180 1620 195 1655 291
person 0.517116 669 161 682 184
person 0.457024 152 131 1789 288
person 0.437096 446 183 467 208
person 0.425619 3 261 20 332
person 0.404190 1853 213 1897 307
person 0.403121 993 215 1029 295
person 0.386001 938 149 949 171
person 0.365355 970 215 1009 308
person 0.356299 516 162 528 190
person 0.284091 1003 230 1028 283
person 0.288696 828 147 839 171
person 0.252616 229 165 246 191
