person 0.996307 1735 415 1787 568
person 0.988570 877 417 915 527
person 0.981899 263 429 307 533
person 0.973089 1350 436 1414 575
person 0.972787 778 400 815 493
person 0.963785 1463 379 1499 476
person 0.963164 967 492 1054 679
person 0.952400 805 452 861 558
person 0.943335 149 529 241 672
person 0.941725 226 486 279 661
person 0.932147 1112 396 1152 481
person 0.916163 1715 349 1746 425
person 0.876574 999 432 1044 536
person 0.860082 1803 360 1838 443
person 0.833164 682 378 712 458
person 0.726285 1621 316 1646 370
person 0.675522 1882 355 1912 451
person 0.672356 1372 330 1397 387
person 0.668031 1333 333 1359 389
person 0.662380 350 302 1833 463
person 0.588270 301 354 320 380
person 0.575141 1279 343 1297 390
person 0.528333 831 380 853 432
person 0.413440 685 398 706 446
person 0.429926 1352 396 1398 466
person 0.421828 1048 336 1066 394
person 0.395740 1174 336 1198 395
person 0.380144 1889 397 1914 455
person 0.363338 342 347 358 372
person 0.356967 1078 341 1097 394
person 0.343511 1167 340 1186 391
person 0.309733 1019 352 1039 403
person 0.288911 1107 343 1126 394
person 0.282655 1294 339 1313 389
person 0.987444 217 490 276 660
person 0.987421 265 430 307 536
person 0.986686 1737 417 1789 566
person 0.978998 781 398 816 494
person 0.973005 1465 382 1501 474
person 0.968354 808 447 866 558
person 0.967446 1353 435 1417 574
person 0.955341 1115 386 1152 477
person 0.954990 877 427 915 536
person 0.942958 978 475 1053 674
person 0.925809 149 531 234 671
person 0.882335 1003 429 1040 517
person 0.831173 1811 359 1845 442
person 0.823278 1719 346 1757 433
person 0.669411 1882 360 1915 448
person 0.667785 1621 316 1646 370
person 0.628876 338 300 1847 469
person 0.628107 1372 330 1397 387
person 0.602431 1332 333 1358 389
person 0.599155 301 355 319 380
person 0.594636 834 378 855 433
person 0.590306 682 379 713 456
person 0.501721 1360 399 1396 456
person 0.499083 1279 344 1297 390
person 0.375897 694 399 718 445
person 0.399349 1048 337 1066 392
person 0.375599 1175 337 1199 394
person 0.349952 1889 397 1914 452
person 0.339766 1079 343 1097 390
person 0.325862 1019 352 1038 404
person 0.324797 342 347 357 372
person 0.315840 1166 339 1186 390
