person 0.986595 266 430 308 535
person 0.982517 1739 414 1791 568
person 0.979134 878 418 915 527
person 0.972874 1357 437 1418 571
person 0.972921 1466 377 1503 472
person 0.972359 782 398 817 495
person 0.969358 810 449 865 557
person 0.966895 981 476 1054 672
person 0.961580 213 495 272 654
person 0.956610 150 532 242 671
person 0.951259 1116 383 1155 479
person 0.912833 1002 429 1040 517
person 0.881761 1883 358 1915 446
person 0.877560 1819 358 1855 439
person 0.757436 1721 346 1760 434
person 0.738314 1621 316 1646 371
person 0.726319 1364 399 1401 457
person 0.608133 302 354 320 380
person 0.607195 1333 334 1359 389
person 0.597223 345 303 1844 466
person 0.590208 1373 331 1397 386
person 0.528823 1278 343 1297 391
person 0.512642 694 397 718 446
person 0.502286 682 380 713 457
person 0.479087 835 381 857 432
person 0.421634 342 347 357 373
person 0.419484 1019 351 1039 404
person 0.413465 1175 336 1199 394
person 0.410185 1048 337 1066 394
person 0.399373 1079 342 1097 390
person 0.316448 1165 338 1184 391
person 0.265205 1295 340 1315 389
person 0.260344 1112 344 1130 389
person 0.987715 880 419 917 527
person 0.985332 265 433 309 534
person 0.983633 209 484 269 669
person 0.981373 782 397 817 493
person 0.976865 1469 375 1507 472
person 0.975588 987 473 1058 672
person 0.972965 1360 435 1419 569
person 0.963220 147 522 207 690
person 0.954244 813 449 864 557
person 0.945599 1743 414 1790 568
person 0.931552 1003 431 1041 515
person 0.903988 1118 379 1158 478
person 0.837125 1366 398 1401 455
person 0.787988 1824 360 1859 440
person 0.775203 1883 356 1914 450
person 0.736488 688 381 723 459
person 0.696889 1725 346 1764 431
person 0.691613 1621 315 1645 370
person 0.624868 1333 333 1359 389
person 0.608622 352 302 1842 463
person 0.601190 1372 331 1396 386
person 0.600152 301 354 320 379
person 0.581508 1838 359 1876 446
person 0.561203 841 381 863 436
person 0.503754 1175 336 1200 395
person 0.480003 1279 344 1297 389
person 0.421901 342 347 358 373
person 0.401189 1019 351 1039 405
person 0.385718 1079 341 1098 391
person 0.376715 1046 337 1065 394
person 0.351691 1164 338 1185 392
person 0.273826 1758 423 1793 522
