person 0.992065 205 488 267 659
person 0.990860 265 436 310 536
person 0.978307 882 419 917 527
person 0.975432 783 397 816 494
person 0.972949 1469 374 1508 473
person 0.966970 1362 433 1419 570
person 0.963763 146 520 204 692
person 0.963815 819 437 865 551
person 0.957592 991 473 1058 672
person 0.931601 1004 431 1042 513
person 0.901560 1839 361 1876 443
person 0.884451 688 381 724 460
person 0.861980 1755 424 1798 555
person 0.835966 1882 355 1915 448
person 0.816874 1121 376 1157 478
person 0.765884 1370 396 1401 455
person 0.751084 1729 344 1769 432
person 0.732310 1621 315 1645 371
person 0.713086 841 380 864 438
person 0.607973 1333 333 1359 389
person 0.588062 301 355 319 380
person 0.583885 339 302 1851 461
person 0.577702 1372 331 1396 386
person 0.516875 1175 336 1200 395
person 0.486144 1278 344 1297 389
person 0.442009 1019 351 1039 405
person 0.360335 1079 340 1099 393
person 0.352434 342 347 358 373
person 0.350345 1046 337 1065 395
person 0.311996 1164 338 1185 392
person 0.992936 204 484 258 663
person 0.991314 266 438 311 537
person 0.983736 145 518 201 695
person 0.976666 1472 373 1512 475
person 0.964825 886 421 918 525
person 0.962268 1366 414 1418 573
person 0.962048 1754 422 1801 559
person 0.954270 782 400 816 493
person 0.953210 994 473 1060 674
person 0.922225 1005 433 1042 513
person 0.922098 1130 381 1170 478
person 0.913700 690 380 725 458
person 0.885561 819 449 867 558
person 0.881408 1844 363 1885 441
person 0.853290 1372 393 1403 455
person 0.794673 842 382 866 439
person 0.767950 1621 315 1645 371
person 0.731599 1882 356 1916 448
person 0.655436 1731 345 1771 432
person 0.594620 1333 334 1360 388
person 0.570775 339 302 1850 462
person 0.569796 301 355 320 380
person 0.560392 1175 335 1200 394
person 0.555348 1372 332 1396 385
person 0.470378 1277 344 1297 390
person 0.429351 343 347 359 374
person 0.362695 1078 339 1098 394
person 0.339361 1045 337 1064 395
person 0.337874 1019 352 1039 404
person 0.310014 786 434 810 489
person 0.265722 1161 341 1181 391
