person 0.992517 266 439 311 535
person 0.984250 1472 374 1514 476
person 0.980624 203 486 252 658
person 0.980016 782 396 815 492
person 0.979813 144 518 200 695
person 0.979376 822 437 865 550
person 0.966359 1362 429 1420 573
person 0.943975 1130 384 1171 478
person 0.942580 885 429 921 537
person 0.933076 689 380 726 457
person 0.928040 1003 432 1042 514
person 0.924833 1754 423 1806 557
person 0.900960 995 473 1060 676
person 0.865077 1374 393 1405 453
person 0.853567 1854 362 1893 442
person 0.793329 1620 315 1645 372
person 0.789293 847 381 869 436
person 0.790183 1733 345 1774 433
person 0.724926 1881 359 1917 445
person 0.605134 1333 333 1360 388
person 0.595950 1372 332 1396 387
person 0.592819 301 355 320 380
person 0.562669 353 302 1838 464
person 0.483410 1175 336 1201 393
person 0.429453 344 348 359 373
person 0.411903 1277 342 1297 390
person 0.302151 1046 337 1066 396
person 0.290585 1019 351 1039 404
person 0.283167 1078 340 1100 394
person 0.254737 1158 342 1179 391
person 0.992042 264 439 311 532
person 0.984651 783 397 815 492
person 0.984628 1474 376 1517 479
person 0.979146 1363 432 1419 570
person 0.977836 886 420 919 525
person 0.974741 1756 421 1811 559
person 0.974182 824 438 864 549
person 0.966822 144 515 195 680
person 0.962293 691 380 729 456
person 0.948339 201 491 250 646
person 0.928405 1132 382 1173 480
person 0.925929 1376 393 1408 453
person 0.916282 1001 431 1043 517
person 0.892772 1002 494 1069 679
person 0.886516 851 380 873 435
person 0.875154 1735 347 1775 432
person 0.831330 1620 315 1645 373
person 0.764459 1878 362 1918 446
person 0.641219 1371 331 1396 385
person 0.629836 1333 333 1361 389
person 0.620099 301 355 319 380
person 0.596137 279 299 1673 468
person 0.459955 1176 335 1201 392
person 0.419764 1277 340 1297 391
person 0.408061 344 348 359 373
person 0.324461 1860 361 1896 443
person 0.322784 1079 339 1100 395
person 0.307211 1046 337 1067 396
person 0.279749 1158 343 1178 391
person 0.266734 1019 352 1038 404
