person 0.990661 266 439 311 531
person 0.987158 146 510 193 684
person 0.986758 888 421 920 521
person 0.984720 1363 433 1419 570
person 0.981131 1002 494 1070 678
person 0.981102 785 397 815 491
person 0.977922 1477 376 1518 478
person 0.974258 193 471 240 672
person 0.967433 824 438 865 548
person 0.952468 1134 382 1174 479
person 0.944420 1759 424 1812 557
person 0.941114 694 380 730 456
person 0.936711 1001 431 1043 518
person 0.907064 1379 396 1411 454
person 0.901779 1739 348 1778 432
person 0.883090 854 381 876 435
person 0.808832 1620 315 1644 372
person 0.741141 1878 363 1918 446
person 0.648305 1372 331 1396 386
person 0.631013 1334 333 1361 389
person 0.613234 301 354 319 380
person 0.607597 278 299 1668 472
person 0.481315 1176 335 1201 393
person 0.460612 1277 338 1297 391
person 0.380534 343 348 359 374
person 0.347358 1081 339 1101 394
person 0.332469 1046 338 1066 395
person 0.329561 1019 352 1038 404
person 0.259097 1298 336 1320 389
person 0.988709 146 511 193 683
person 0.987880 267 439 310 531
person 0.987301 1363 435 1422 569
person 0.985728 1003 492 1069 679
person 0.982257 1477 377 1522 477
person 0.979590 784 396 815 490
person 0.977962 192 476 237 667
person 0.973638 888 423 922 520
person 0.963751 823 438 867 551
person 0.948553 1000 431 1042 518
person 0.941296 694 381 730 457
person 0.939517 1761 424 1814 556
person 0.918485 1137 386 1175 476
person 0.878529 857 382 878 431
person 0.865191 1379 395 1415 453
person 0.845204 1881 362 1917 447
person 0.802106 1620 316 1645 372
person 0.798865 1742 358 1791 437
person 0.715335 1371 331 1396 386
person 0.670959 1334 332 1361 388
person 0.604898 276 299 1674 471
person 0.592374 301 355 319 380
person 0.549141 1276 339 1296 389
person 0.380772 343 347 359 373
person 0.345021 1080 341 1100 393
person 0.337645 1046 339 1066 394
person 0.296258 1176 335 1199 392
person 0.273623 1301 336 1322 388
person 0.271525 1159 341 1181 394
person 0.256490 1019 352 1039 404
