person 0.984463 147 514 191 680
person 0.984081 1004 489 1071 679
person 0.983987 1482 375 1523 478
person 0.983151 269 438 309 535
person 0.982711 1363 433 1422 569
person 0.978418 785 397 815 489
person 0.978091 1763 417 1816 561
person 0.971938 888 423 925 520
person 0.968556 191 482 234 660
person 0.932781 834 435 870 553
person 0.932231 999 431 1042 516
person 0.918941 1139 387 1178 474
person 0.892473 858 382 881 432
person 0.883495 695 380 731 458
person 0.870384 1750 348 1783 432
person 0.824831 1888 361 1918 451
person 0.805513 1620 315 1645 374
person 0.748174 1372 330 1396 386
person 0.704333 1335 332 1361 388
person 0.642300 1381 398 1415 455
person 0.611310 283 300 1667 471
person 0.584185 301 355 320 380
person 0.561498 1276 342 1296 388
person 0.385664 1388 394 1427 500
person 0.367885 342 347 358 373
person 0.322540 1080 340 1100 393
person 0.311545 1160 341 1182 393
person 0.303300 1045 339 1065 394
person 0.282022 1898 369 1917 433
person 0.280191 1176 337 1199 392
person 0.261783 1301 336 1322 388
person 0.989462 1007 474 1075 679
person 0.987430 1764 412 1817 563
person 0.987111 891 422 929 521
person 0.986003 1481 375 1523 476
person 0.982035 147 509 189 687
person 0.981408 270 438 310 538
person 0.977960 782 397 815 490
person 0.976398 1364 434 1424 569
person 0.951098 833 435 871 553
person 0.950190 185 497 232 644
person 0.942484 696 380 730 458
person 0.934452 999 429 1043 519
person 0.869898 1142 385 1177 472
person 0.859668 861 381 883 429
person 0.811706 1893 358 1918 452
person 0.759991 1621 314 1645 372
person 0.694091 1758 346 1791 432
person 0.688882 1372 330 1396 386
person 0.616081 1333 331 1360 388
person 0.568024 278 299 1674 472
person 0.560283 302 354 321 380
person 0.510942 1276 341 1295 388
person 0.474649 1386 394 1428 467
person 0.325042 1079 339 1100 395
person 0.305023 343 347 359 373
person 0.282184 1043 337 1064 396
person 0.264318 462 334 474 361
