person 0.991354 1766 410 1819 562
person 0.985764 1009 490 1081 680
person 0.983283 271 437 311 540
person 0.982268 1365 434 1424 568
person 0.979515 892 420 928 522
person 0.976751 834 435 872 551
person 0.974907 1483 374 1524 476
person 0.972664 781 401 815 491
person 0.969313 145 512 185 682
person 0.952125 1141 386 1179 475
person 0.945735 179 495 228 649
person 0.910222 996 429 1044 519
person 0.864143 698 379 732 458
person 0.814560 1759 347 1792 429
person 0.779670 863 382 886 431
person 0.760458 1621 314 1645 372
person 0.666327 1389 397 1428 458
person 0.651889 1372 330 1397 387
person 0.629715 288 299 1667 474
person 0.588928 301 353 321 379
person 0.588156 1899 349 1919 462
person 0.554968 1332 331 1360 389
person 0.500160 1274 336 1294 387
person 0.372284 462 334 475 362
person 0.369935 343 347 359 374
person 0.311302 1079 340 1099 395
person 0.285951 1043 336 1065 396
person 0.988581 1010 475 1082 678
person 0.982284 1771 404 1821 564
person 0.981001 1483 376 1524 473
person 0.980694 1365 433 1423 568
person 0.980108 270 436 311 539
person 0.973986 145 512 187 682
person 0.968445 835 434 873 548
person 0.966861 895 421 930 521
person 0.957844 1143 386 1179 473
person 0.953517 781 401 816 490
person 0.900848 999 429 1043 517
person 0.847029 177 501 226 646
person 0.834888 698 380 733 457
person 0.812750 1764 341 1796 431
person 0.809625 1621 313 1645 374
person 0.694534 1371 329 1397 387
person 0.669692 867 380 889 431
person 0.663660 1385 396 1433 464
person 0.643999 287 299 1667 470
person 0.620453 302 353 321 379
person 0.575460 1273 334 1294 387
person 0.574634 1332 329 1360 388
person 0.420948 462 333 475 363
person 0.405247 1900 344 1919 467
person 0.374117 342 348 359 375
person 0.344896 1079 339 1099 395
person 0.303755 785 436 812 487
person 0.310225 1043 337 1065 397
person 0.282022 1178 333 1202 395
person 0.265390 1039 353 1059 403
