person 0.986434 1484 376 1525 471
person 0.981265 836 430 876 549
person 0.980829 271 436 310 538
person 0.979756 1012 473 1082 678
person 0.974842 1367 425 1421 565
person 0.974549 146 516 192 678
person 0.973766 1142 389 1181 473
person 0.954740 781 401 816 491
person 0.949688 894 419 928 523
person 0.926543 1000 428 1043 517
person 0.861472 1621 313 1646 375
person 0.855027 171 502 219 640
person 0.799975 698 379 733 457
person 0.733936 1371 329 1397 387
person 0.688891 1390 399 1436 500
person 0.637296 1332 329 1360 389
person 0.630162 297 296 1653 470
person 0.627702 302 352 321 378
person 0.626270 1273 333 1295 387
person 0.615313 1767 368 1828 566
person 0.531854 462 333 475 363
person 0.488616 868 379 890 429
person 0.446473 1767 342 1798 433
person 0.398209 1078 339 1098 396
person 0.348289 342 347 358 374
person 0.339555 1044 338 1065 397
person 0.315507 1179 334 1203 392
person 0.276511 1773 332 1810 522
person 0.986716 1485 376 1525 471
person 0.982589 1142 388 1184 473
person 0.981249 146 511 192 682
person 0.980444 837 429 877 546
person 0.979269 271 434 310 537
person 0.978052 1367 425 1423 564
person 0.971433 1015 473 1085 678
person 0.956190 895 420 932 524
person 0.942289 780 400 816 492
person 0.927449 995 427 1049 541
person 0.875170 699 379 735 456
person 0.858581 1620 313 1645 374
person 0.831452 171 498 213 647
person 0.733086 1370 328 1397 386
person 0.647672 302 353 321 379
person 0.638309 1781 400 1823 539
person 0.632974 301 293 1647 472
person 0.609459 1392 398 1436 502
person 0.603305 1331 329 1359 388
person 0.590859 1274 334 1295 387
person 0.556884 462 332 475 363
person 0.521439 870 376 895 431
person 0.426420 634 329 646 352
person 0.410867 1771 341 1802 435
person 0.380886 1077 337 1099 397
person 0.359813 1043 336 1065 398
person 0.315921 342 347 359 375
person 0.299056 342 329 359 366
person 0.278480 1831 347 1849 365
person 0.271065 1177 338 1200 393
person 0.253173 1852 349 1872 364
person 0.253400 1774 334 1815 521
