person 0.989822 1483 375 1525 470
person 0.986337 148 511 191 683
person 0.984816 1144 388 1184 471
person 0.982584 838 429 877 546
person 0.978275 1367 425 1425 563
person 0.973327 1018 494 1090 678
person 0.971631 272 435 310 538
person 0.966575 895 417 932 524
person 0.959569 779 400 815 491
person 0.954424 993 427 1053 542
person 0.905839 171 491 210 657
person 0.871461 699 379 736 456
person 0.854669 1620 314 1645 374
person 0.773014 1371 328 1398 386
person 0.675440 302 352 321 379
person 0.655968 305 291 1642 467
person 0.647169 1330 329 1359 387
person 0.646848 1783 402 1826 534
person 0.635783 1389 398 1440 503
person 0.566136 1275 332 1296 387
person 0.537847 631 327 644 353
person 0.531989 1773 342 1806 433
person 0.470985 463 331 477 362
person 0.429299 1076 337 1098 398
person 0.406845 1767 348 1829 549
person 0.400638 1041 335 1063 399
person 0.387276 532 329 545 353
person 0.346798 785 437 812 487
person 0.306497 342 330 359 365
person 0.305248 1178 338 1204 394
person 0.286966 342 346 358 372
person 0.273070 1019 351 1040 405
person 0.255700 1104 341 1125 393
person 0.992026 147 510 193 683
person 0.989112 1483 375 1525 469
person 0.981942 1367 427 1425 561
person 0.979078 1145 388 1184 471
person 0.977523 271 435 309 537
person 0.975729 1016 475 1086 676
person 0.975110 839 429 876 545
person 0.967110 779 397 814 493
person 0.966228 995 428 1049 544
person 0.957534 896 416 932 523
person 0.864793 699 380 738 455
person 0.853606 1620 314 1645 374
person 0.748201 1370 328 1397 386
person 0.706801 301 352 321 379
person 0.637210 287 292 1661 470
person 0.618949 630 328 643 353
person 0.605683 173 493 205 655
person 0.604098 1779 401 1827 567
person 0.601531 462 331 477 363
person 0.589069 1392 394 1439 466
person 0.587473 1331 330 1360 387
person 0.555186 1776 341 1810 431
person 0.517125 1275 333 1296 386
person 0.448023 1075 337 1098 398
person 0.439566 533 331 545 354
person 0.423707 1040 333 1062 399
person 0.340321 341 330 358 365
person 0.338579 341 347 357 374
person 0.318979 1178 341 1206 393
person 0.276205 1103 342 1125 393
