person 0.991686 146 512 195 678
person 0.987740 1482 374 1526 470
person 0.986684 1014 473 1084 677
person 0.980909 1146 387 1186 471
person 0.976226 840 432 876 548
person 0.976132 272 435 309 537
person 0.965711 779 396 814 494
person 0.962818 1366 428 1426 560
person 0.918299 899 417 930 521
person 0.905700 995 429 1049 515
person 0.837691 1620 314 1645 373
person 0.827635 706 391 735 447
person 0.694328 1371 328 1398 386
person 0.655979 302 353 321 379
person 0.642357 1393 393 1442 466
person 0.642045 293 292 1656 471
person 0.612230 629 328 642 353
person 0.599566 1772 372 1836 564
person 0.550071 463 331 477 362
person 0.536899 1331 330 1360 387
person 0.485852 1275 334 1295 386
person 0.462608 1074 337 1098 398
person 0.403059 532 331 544 353
person 0.379486 1040 334 1062 399
person 0.323256 1780 343 1815 433
person 0.322417 341 347 357 373
person 0.290780 342 330 359 364
person 0.287644 1103 341 1125 394
person 0.991255 1017 477 1082 676
person 0.990214 145 513 195 675
person 0.989860 1481 374 1526 469
person 0.982035 1145 388 1186 471
person 0.978595 272 434 308 537
person 0.977526 1367 427 1424 561
person 0.972225 843 429 877 546
person 0.955237 780 400 814 495
person 0.948259 996 429 1049 513
person 0.903762 706 391 737 447
person 0.856237 900 415 932 520
person 0.845268 1792 410 1844 559
person 0.838311 1620 314 1645 373
person 0.735105 1371 328 1398 385
person 0.692863 275 291 1677 470
person 0.679517 301 354 321 380
person 0.647712 1394 394 1443 464
person 0.612079 630 327 642 352
person 0.592069 1331 330 1359 387
person 0.557832 463 331 477 362
person 0.540029 1273 336 1294 387
person 0.486727 1074 336 1098 400
person 0.434688 1782 345 1817 431
person 0.424246 1039 333 1062 401
person 0.390379 533 331 545 353
person 0.375740 342 330 359 365
person 0.352056 1178 340 1209 395
person 0.290216 340 346 356 373
person 0.255589 786 437 812 488
person 0.259170 1849 348 1872 364
