person 0.989568 725 266 772 387
person 0.964399 680 221 709 298
person 0.951274 1723 236 1776 320
person 0.936387 963 261 1013 393
person 0.911601 633 162 649 190
person 0.911476 1579 227 1615 321
person 0.856211 1370 206 1414 303
person 0.807364 1205 255 1291 425
person 0.800127 493 166 509 195
person 0.795067 1023 217 1056 296
person 0.740191 561 161 575 187
person 0.724533 1630 208 1665 303
person 0.616545 462 165 479 196
person 0.572680 0 231 26 337
person 0.509206 143 134 1807 281
person 0.438898 668 162 680 184
person 0.412858 446 183 467 207
person 0.371169 972 211 1009 308
person 0.356015 517 163 529 190
person 0.326485 991 215 1029 296
person 0.305346 1252 232 1299 370
person 0.290688 938 149 950 170
person 0.280043 1263 231 1292 287
person 0.259859 1004 230 1028 282
person 0.994677 727 268 774 386
person 0.958629 680 221 708 299
person 0.955732 1735 235 1782 321
person 0.953740 1578 227 1613 322
person 0.924137 962 286 1009 395
person 0.896292 1372 203 1414 305
person 0.866061 633 165 649 191
person 0.793727 1023 218 1056 297
person 0.792296 1632 207 1666 303
person 0.734751 1231 233 1302 417
person 0.722988 492 167 506 193
person 0.698556 561 163 574 188
person 0.621988 0 233 28 336
person 0.506962 463 166 479 195
person 0.477651 127 134 1813 282
person 0.415816 972 212 1010 310
person 0.411280 445 184 466 208
person 0.370916 1263 232 1301 330
person 0.361889 518 163 530 189
