person 0.991864 1481 375 1526 468
person 0.991806 1017 478 1086 672
person 0.986803 144 517 195 670
person 0.979961 1366 428 1427 561
person 0.979708 1147 388 1186 471
person 0.975052 272 434 308 538
person 0.970374 778 395 812 493
person 0.969933 843 432 876 545
person 0.961494 1001 429 1047 513
person 0.921332 706 392 737 448
person 0.916927 1795 413 1849 560
person 0.862586 899 415 932 521
person 0.839322 1620 314 1644 373
person 0.683028 1371 329 1398 385
person 0.668719 289 293 1659 471
person 0.660539 301 354 320 380
person 0.599396 629 327 642 353
person 0.556183 1332 330 1360 386
person 0.535486 1396 394 1446 462
person 0.513550 1786 346 1819 431
person 0.505747 463 330 477 362
person 0.493260 1272 339 1292 387
person 0.460059 1074 336 1098 399
person 0.443713 1038 332 1061 401
person 0.330065 342 329 359 364
person 0.311143 1183 338 1209 395
person 0.300130 533 331 545 353
person 0.261097 1848 348 1871 365
person 0.253584 341 347 357 372
person 0.989859 1481 374 1525 469
person 0.988520 1017 478 1084 673
person 0.978587 139 518 195 665
person 0.976766 1146 389 1185 470
person 0.976704 843 432 877 547
person 0.975001 1794 417 1850 558
person 0.971296 272 435 309 537
person 0.969074 1001 428 1047 512
person 0.963071 780 399 811 492
person 0.960474 1367 429 1425 559
person 0.914626 706 394 736 447
person 0.904851 899 415 933 521
person 0.844665 1620 314 1644 373
person 0.790914 1394 390 1453 512
person 0.724234 1787 348 1821 428
person 0.676335 287 294 1658 470
person 0.675505 1371 329 1398 385
person 0.664637 301 354 321 380
person 0.539504 461 331 475 363
person 0.518170 1331 331 1359 386
person 0.507876 630 328 642 352
person 0.464843 1194 354 1218 405
person 0.461537 341 329 359 365
person 0.412229 1074 336 1097 399
person 0.405958 1039 332 1062 400
person 0.405152 1272 342 1291 386
person 0.299951 1848 348 1870 365
person 0.276000 1 337 18 389
