person 0.993166 1018 482 1087 668
person 0.989166 1480 376 1525 468
person 0.981026 1003 427 1047 512
person 0.980758 271 434 309 536
person 0.979183 139 515 194 668
person 0.967386 1149 389 1182 470
person 0.966132 1797 417 1853 558
person 0.958084 780 398 810 491
person 0.954757 1367 428 1425 560
person 0.950941 841 434 874 544
person 0.902762 900 416 933 519
person 0.873808 705 394 735 448
person 0.802410 1620 314 1644 373
person 0.801225 1398 392 1453 511
person 0.719404 301 353 321 380
person 0.680453 275 294 1676 470
person 0.654101 1371 329 1398 386
person 0.558845 461 331 475 363
person 0.526522 630 328 642 352
person 0.456055 341 329 359 366
person 0.443641 1789 346 1820 428
person 0.425687 1074 337 1097 398
person 0.404152 1332 332 1359 386
person 0.396909 1038 334 1062 399
person 0.390116 1197 358 1219 401
person 0.387926 1848 348 1870 365
person 0.348279 1271 343 1289 387
person 0.336700 1793 362 1834 440
person 0.270465 534 332 546 354
person 0.251284 1190 344 1213 393
person 0.990931 1020 485 1089 662
person 0.985672 1481 376 1526 468
person 0.981899 1003 427 1047 514
person 0.971350 272 436 308 536
person 0.967791 1149 388 1182 470
person 0.965650 138 518 191 665
person 0.964174 1798 419 1858 554
person 0.959365 1368 425 1426 565
person 0.947388 843 434 875 543
person 0.914809 779 400 809 490
person 0.902076 900 417 931 520
person 0.861688 703 396 735 445
person 0.834951 1405 393 1456 508
person 0.808449 1620 314 1644 373
person 0.701355 270 295 1682 476
person 0.649075 300 354 320 380
person 0.636931 1371 329 1398 386
person 0.577358 1793 363 1834 437
person 0.507094 630 329 642 352
person 0.469751 461 332 476 363
person 0.407100 1332 332 1359 386
person 0.397495 1849 348 1871 365
person 0.382523 1074 336 1097 398
person 0.378006 1200 352 1224 403
person 0.377353 341 329 359 365
person 0.369174 1038 333 1062 399
person 0.287589 1194 342 1217 396
person 0.274570 1270 344 1289 388
person 0.260108 1790 344 1809 374
