person 0.984675 270 437 309 534
person 0.983528 1480 375 1525 469
person 0.977359 1150 386 1180 472
person 0.970743 1003 426 1047 514
person 0.967653 842 432 876 546
person 0.963731 1021 488 1088 661
person 0.962146 137 513 189 668
person 0.940894 1799 418 1860 555
person 0.939170 775 394 807 493
person 0.898388 899 417 933 520
person 0.893732 1377 424 1443 563
person 0.830735 703 395 735 446
person 0.818788 1620 314 1644 373
person 0.695886 284 293 1662 471
person 0.663052 300 354 320 380
person 0.620987 1371 329 1398 386
person 0.548156 460 331 476 364
person 0.544073 1404 393 1457 506
person 0.471281 630 330 641 352
person 0.447463 1074 337 1097 397
person 0.422441 1795 350 1832 429
person 0.412922 1850 348 1871 365
person 0.413063 341 329 360 366
person 0.407221 1038 335 1062 396
person 0.404602 1333 332 1360 386
person 0.360931 1201 356 1223 401
person 0.255160 1195 345 1215 392
person 0.988422 271 437 308 532
person 0.982564 841 431 878 546
person 0.980223 1480 376 1525 471
person 0.979578 136 509 189 675
person 0.974292 1151 385 1179 472
person 0.972606 1003 426 1048 517
person 0.955204 1023 484 1086 660
person 0.947928 774 395 806 488
person 0.922835 1375 400 1458 569
person 0.896390 1801 416 1864 557
person 0.873548 899 418 932 520
person 0.853379 1620 313 1644 373
person 0.819955 701 397 733 448
person 0.673022 1797 349 1834 431
person 0.668812 1371 329 1398 386
person 0.666611 300 354 319 380
person 0.642164 294 290 1655 473
person 0.623869 1401 393 1459 507
person 0.480188 1073 337 1097 397
person 0.478914 1332 332 1360 386
person 0.428780 630 330 641 351
person 0.414225 341 329 359 365
person 0.405414 461 332 475 363
person 0.390745 1039 336 1063 396
person 0.337253 1850 348 1872 365
person 0.335009 1271 343 1289 387
person 0.319688 1210 356 1233 402
person 0.291253 885 371 912 433
person 0.290259 1201 354 1224 400
person 0.287612 1192 342 1214 394
person 0.262307 697 387 725 433
person 0.255646 533 331 546 353
