person 0.989257 135 517 193 667
person 0.987693 272 436 307 532
person 0.978053 1152 384 1178 473
person 0.976713 1026 480 1089 661
person 0.975410 1003 426 1047 518
person 0.974784 1482 376 1523 470
person 0.974090 842 430 879 544
person 0.967026 772 395 805 489
person 0.966134 1375 427 1445 562
person 0.924168 1802 416 1867 559
person 0.904566 899 417 931 520
person 0.868287 700 399 730 448
person 0.845507 1621 313 1644 373
person 0.655174 300 291 1652 477
person 0.649224 1371 329 1398 387
person 0.645452 300 355 318 380
person 0.505306 1408 395 1459 499
person 0.492674 1333 332 1361 387
person 0.488207 1074 338 1097 396
person 0.472327 1211 355 1235 409
person 0.419107 1040 336 1063 396
person 0.403281 1851 347 1872 365
person 0.397596 631 332 641 350
person 0.381343 1800 346 1835 430
person 0.376863 342 331 359 365
person 0.359687 462 333 475 363
person 0.358793 1271 342 1288 385
person 0.317499 885 371 912 432
person 0.258224 341 347 357 373
person 0.989481 271 436 308 534
person 0.984373 138 523 195 662
person 0.981141 1479 375 1524 469
person 0.976173 1375 429 1442 560
person 0.973674 843 430 881 543
person 0.967265 1026 481 1089 662
person 0.959627 770 394 802 489
person 0.953425 1152 384 1177 473
person 0.946824 1003 426 1047 520
person 0.936295 1803 409 1868 561
person 0.896050 697 396 729 448
person 0.880345 898 417 932 520
person 0.845050 1620 313 1644 374
person 0.689889 1372 329 1398 387
person 0.639744 310 291 1652 474
person 0.598288 301 354 318 379
person 0.590272 1405 392 1460 501
person 0.543165 1803 345 1836 427
person 0.531049 1333 332 1360 387
person 0.530645 1073 337 1096 397
person 0.481888 887 375 913 433
person 0.446260 1041 336 1064 396
person 0.429267 461 332 475 363
person 0.427652 1214 352 1238 406
person 0.423145 1270 339 1288 386
person 0.337412 1851 348 1872 365
person 0.305989 630 332 640 350
person 0.303180 686 389 706 425
person 0.296021 341 348 356 372
person 0.286210 1166 336 1186 389
person 0.283785 1105 342 1125 390
person 0.259535 1185 337 1204 392
