person 0.987935 270 434 308 533
person 0.985355 1373 428 1444 562
person 0.981816 768 392 801 492
person 0.978768 1030 481 1091 663
person 0.977218 841 431 880 542
person 0.972558 1481 375 1524 467
person 0.965666 1151 382 1176 473
person 0.955971 1004 427 1048 517
person 0.953916 141 523 196 659
person 0.878908 694 395 726 448
person 0.855985 897 417 933 520
person 0.841438 1621 314 1645 374
person 0.808994 1423 395 1468 502
person 0.780479 1798 387 1873 557
person 0.682320 1372 329 1398 386
person 0.669538 291 294 1673 473
person 0.649329 302 354 320 379
person 0.635242 1217 357 1242 408
person 0.566513 1334 331 1360 387
person 0.551564 1073 337 1095 397
person 0.486048 1040 334 1062 396
person 0.470236 632 332 642 353
person 0.466920 1808 354 1836 418
person 0.458484 1409 393 1457 462
person 0.446498 461 332 474 362
person 0.432733 887 372 913 433
person 0.415250 684 390 706 426
person 0.392305 340 346 357 373
person 0.367791 1270 341 1288 385
person 0.361417 341 331 358 365
person 0.343467 1851 348 1872 365
person 0.341362 1167 336 1186 390
person 0.280007 1106 340 1125 389
person 0.276056 1181 338 1200 390
person 0.984383 768 393 802 490
person 0.979621 1035 483 1095 662
person 0.977678 1483 376 1525 468
person 0.976316 271 433 307 535
person 0.975926 842 431 881 545
person 0.970550 1375 432 1448 567
person 0.963660 1002 424 1050 542
person 0.953392 142 523 197 658
person 0.943787 1152 383 1176 472
person 0.928999 1805 404 1874 565
person 0.872727 898 417 932 521
person 0.862007 1424 394 1469 502
person 0.831323 1621 313 1645 375
person 0.768833 691 397 725 447
person 0.750961 1807 354 1835 416
person 0.694289 1372 328 1398 386
person 0.651920 302 353 322 379
person 0.650143 291 292 1675 475
person 0.565249 1334 331 1361 387
person 0.555402 1074 337 1096 397
person 0.485489 1038 334 1061 397
person 0.480883 340 345 357 373
person 0.457984 461 331 474 362
person 0.439180 1409 393 1457 461
person 0.433977 631 331 642 352
person 0.417130 1219 357 1244 406
person 0.380565 680 390 705 427
person 0.378052 889 377 914 434
person 0.363320 1166 336 1186 390
person 0.342984 1269 338 1288 385
person 0.318764 1851 349 1872 365
person 0.313751 1105 341 1124 389
person 0.271607 1179 335 1199 391
