person 0.988392 768 395 801 490
person 0.978163 1002 426 1050 542
person 0.976451 842 432 879 544
person 0.974094 1485 375 1524 465
person 0.970764 1379 430 1444 560
person 0.966862 271 431 307 535
person 0.963724 1036 486 1098 661
person 0.918830 1807 407 1873 560
person 0.896440 145 524 199 651
person 0.880034 1150 382 1175 471
person 0.876949 1426 393 1468 506
person 0.840633 898 418 931 521
person 0.820216 689 400 724 449
person 0.821887 1621 314 1645 373
person 0.741975 1808 352 1836 416
person 0.682507 262 292 1703 474
person 0.678112 302 354 322 380
person 0.677364 1372 328 1398 386
person 0.574152 1333 331 1360 387
person 0.559655 1222 359 1247 409
person 0.553549 340 346 358 375
person 0.502301 1073 338 1095 396
person 0.447871 461 331 474 362
person 0.445117 1038 334 1060 395
person 0.404461 890 374 914 434
person 0.399680 630 332 639 353
person 0.351672 1166 337 1186 390
person 0.337697 678 390 703 427
person 0.327582 681 399 709 439
person 0.335089 1851 348 1872 365
person 0.302967 1178 336 1198 392
person 0.285120 1106 341 1124 389
person 0.250650 1270 340 1288 382
person 0.989258 765 396 802 490
person 0.981745 1379 433 1448 567
person 0.979123 1037 484 1101 662
person 0.978933 1002 424 1049 542
person 0.976331 1485 375 1525 466
person 0.975985 271 432 307 534
person 0.974628 842 432 879 543
person 0.960323 1427 393 1470 506
person 0.941777 1151 382 1175 471
person 0.909880 142 528 201 651
person 0.837901 1621 314 1646 374
person 0.790607 1819 414 1883 558
person 0.774482 1811 358 1839 415
person 0.753985 899 421 932 520
person 0.698034 304 353 322 380
person 0.666125 686 403 724 449
person 0.671465 266 293 1692 475
person 0.662579 1372 328 1397 386
person 0.641722 1224 360 1248 408
person 0.567454 340 346 358 375
person 0.540739 890 371 915 434
person 0.528892 1334 331 1360 387
person 0.456011 629 330 639 354
person 0.454089 1075 338 1096 396
person 0.444793 461 332 474 362
person 0.422897 1039 334 1061 394
person 0.337151 1853 348 1874 365
person 0.324704 1166 336 1185 389
person 0.301749 910 438 944 523
person 0.289160 1270 342 1287 384
person 0.267716 1106 340 1124 389
