person 0.990828 764 398 802 489
person 0.989489 841 431 881 542
person 0.985482 1003 424 1048 541
person 0.976488 1148 381 1174 472
person 0.971167 270 431 310 535
person 0.970534 1039 482 1098 663
person 0.969887 1486 374 1525 464
person 0.965516 1383 427 1441 562
person 0.935013 1427 394 1471 505
person 0.832486 1621 315 1645 375
person 0.830592 147 530 201 648
person 0.819412 1810 403 1872 563
person 0.792947 1226 360 1251 408
person 0.729673 900 418 933 520
person 0.710470 265 293 1692 474
person 0.695870 1372 329 1398 386
person 0.658348 677 403 708 443
person 0.678516 303 353 321 380
person 0.675495 671 389 718 456
person 0.586563 1813 359 1840 413
person 0.566616 1334 332 1360 387
person 0.531014 341 346 359 374
person 0.501983 629 329 640 355
person 0.433533 1074 339 1096 395
person 0.419884 460 332 473 363
person 0.408840 1039 334 1060 393
person 0.373663 890 370 915 433
person 0.337625 1272 343 1290 385
person 0.319647 911 438 945 523
person 0.298584 1854 349 1874 366
person 0.264260 1106 342 1124 388
person 0.263752 1166 335 1185 388
person 0.990294 840 432 883 543
person 0.988783 763 399 801 489
person 0.987115 1002 421 1047 542
person 0.982214 1386 421 1443 568
person 0.975846 1148 380 1173 471
person 0.968736 269 430 310 533
person 0.954731 1042 486 1104 662
person 0.950959 1486 373 1525 468
person 0.948786 1429 394 1472 505
person 0.940821 1819 412 1882 560
person 0.908212 146 533 204 650
person 0.852168 676 398 707 446
person 0.837895 1621 315 1645 375
person 0.792706 910 421 943 519
person 0.733355 1227 361 1252 409
person 0.692378 263 292 1693 475
person 0.681463 303 353 321 379
person 0.633664 1372 329 1398 386
person 0.595779 343 347 360 374
person 0.571846 627 328 639 354
person 0.516887 1334 333 1361 387
person 0.489018 1815 358 1841 412
person 0.443947 1271 342 1290 386
person 0.411404 461 331 473 363
person 0.402381 1075 338 1095 394
person 0.400667 1039 335 1060 392
person 0.341213 1854 348 1873 366
person 0.329782 892 373 915 433
