person 0.989981 840 432 883 542
person 0.984317 762 400 801 490
person 0.978019 1041 483 1103 661
person 0.970535 1005 424 1045 524
person 0.969584 1146 382 1174 472
person 0.969344 1391 420 1451 567
person 0.963857 1821 410 1886 557
person 0.962461 1485 373 1524 470
person 0.962294 269 430 309 533
person 0.909233 674 395 705 448
person 0.881652 147 532 205 651
person 0.881489 1429 394 1474 505
person 0.827983 1621 315 1645 373
person 0.813344 910 421 943 520
person 0.697409 303 354 320 379
person 0.675041 1231 359 1252 407
person 0.649171 283 293 1674 477
person 0.638640 1372 330 1398 386
person 0.569310 343 349 359 374
person 0.520515 628 330 639 354
person 0.512737 1334 333 1360 387
person 0.434315 1270 344 1288 386
person 0.401806 460 332 473 362
person 0.394196 1041 336 1061 392
person 0.362026 1075 340 1095 393
person 0.321227 1854 349 1873 366
person 0.293354 1816 360 1841 410
person 0.294142 139 494 186 560
person 0.274026 1106 344 1123 387
person 0.254037 1167 339 1184 385
person 0.993151 840 431 884 544
person 0.987711 1392 417 1447 570
person 0.983014 761 401 800 489
person 0.980669 1006 425 1046 522
person 0.978026 1042 482 1102 662
person 0.975439 268 430 309 534
person 0.974275 1145 382 1174 472
person 0.969654 1825 409 1889 561
person 0.918758 1432 394 1479 506
person 0.899930 671 398 701 450
person 0.887954 141 510 216 666
person 0.879181 1485 372 1525 471
person 0.843692 1621 315 1645 373
person 0.810596 910 422 943 520
person 0.705042 302 355 319 380
person 0.669152 273 296 1683 475
person 0.644912 1372 329 1398 387
person 0.549651 343 349 359 374
person 0.548073 1815 361 1841 410
person 0.549104 1232 361 1253 405
person 0.519223 1334 332 1361 388
person 0.508091 628 331 639 354
person 0.472356 1268 340 1288 387
person 0.439460 460 333 472 362
person 0.432566 1855 349 1873 366
person 0.401737 1041 337 1060 392
person 0.367712 1076 341 1094 393
person 0.306464 1106 343 1124 388
person 0.291853 1819 344 1838 372
person 0.275894 531 330 542 352
person 0.275065 1167 338 1184 385
person 0.256163 1180 338 1198 388
