person 0.991805 1393 425 1449 562
person 0.991764 840 433 884 543
person 0.980300 761 402 798 491
person 0.976743 268 429 309 534
person 0.974946 1005 424 1044 523
person 0.973707 1831 410 1891 562
person 0.973637 1042 482 1105 663
person 0.943533 158 525 218 660
person 0.939921 1144 383 1171 470
person 0.935463 667 395 696 453
person 0.925501 1431 394 1480 506
person 0.878356 1485 371 1525 471
person 0.847939 910 424 943 519
person 0.841210 1620 315 1645 373
person 0.692852 303 355 319 379
person 0.678835 1816 357 1842 412
person 0.644555 1372 329 1397 386
person 0.637765 280 293 1673 478
person 0.633621 1233 359 1255 407
person 0.554376 628 330 640 355
person 0.538341 1334 331 1361 388
person 0.524278 344 349 359 373
person 0.436488 1268 342 1287 388
person 0.427190 1856 348 1875 366
person 0.384838 461 333 472 362
person 0.383800 144 490 193 659
person 0.348323 1042 337 1061 391
person 0.347803 1076 341 1094 392
person 0.335515 1166 336 1184 386
person 0.313857 1180 337 1200 389
person 0.301440 1106 341 1124 387
person 0.291281 1818 343 1839 375
person 0.285584 530 330 542 352
person 0.252324 141 493 186 562
person 0.993987 1395 426 1451 562
person 0.992790 840 433 885 544
person 0.986907 1042 483 1106 662
person 0.983844 269 433 309 535
person 0.981924 1834 410 1893 559
person 0.971306 1005 424 1044 523
person 0.967473 760 402 797 491
person 0.955625 161 523 218 664
person 0.932336 1144 384 1170 470
person 0.883864 663 395 693 451
person 0.885848 1484 372 1522 469
person 0.858115 910 424 943 519
person 0.847890 1620 314 1645 373
person 0.836144 1435 397 1482 501
person 0.692212 1815 359 1842 413
person 0.612163 1372 329 1398 387
person 0.599907 298 292 1655 480
person 0.592830 303 354 320 379
person 0.510230 1334 331 1361 388
person 0.500835 343 348 358 373
person 0.458634 628 331 639 354
person 0.457600 1236 361 1256 402
person 0.418775 145 486 193 663
person 0.395696 460 333 472 362
person 0.381746 1855 348 1875 365
person 0.371181 1268 342 1286 388
person 0.334133 1179 338 1200 390
person 0.323988 1076 341 1095 391
person 0.313782 1165 336 1185 387
person 0.297946 1106 341 1124 387
person 0.269946 1042 338 1061 390
person 0.265573 531 330 543 352
