person 0.991100 1396 426 1452 561
person 0.989778 270 434 307 533
person 0.989299 840 431 884 542
person 0.986881 1040 485 1107 659
person 0.982621 1836 410 1899 556
person 0.973906 1004 425 1043 523
person 0.956140 755 397 785 487
person 0.950265 146 511 224 663
person 0.940453 1141 385 1171 471
person 0.906381 658 397 689 453
person 0.903031 1486 372 1522 470
person 0.889936 1433 395 1483 507
person 0.874048 910 422 943 520
person 0.862270 1621 314 1645 373
person 0.702780 1816 363 1842 414
person 0.619575 304 355 320 379
person 0.585712 1235 360 1259 411
person 0.581166 397 299 1790 475
person 0.577746 1373 330 1398 387
person 0.474353 342 348 357 373
person 0.463760 1335 332 1362 388
person 0.408441 629 332 639 353
person 0.408347 1855 349 1874 365
person 0.381192 532 331 543 353
person 0.374882 1165 336 1185 389
person 0.357359 1179 336 1199 390
person 0.333811 461 334 472 361
person 0.287907 1822 343 1840 370
person 0.281159 1077 342 1096 392
person 0.279733 1106 341 1124 389
person 0.267949 1042 338 1062 392
person 0.993907 1398 426 1453 561
person 0.991873 270 436 307 532
person 0.990359 1839 404 1901 561
person 0.989702 840 431 883 542
person 0.985681 1040 483 1108 659
person 0.966997 1005 424 1044 522
person 0.959971 755 397 785 486
person 0.953722 1142 384 1170 471
person 0.926330 149 510 225 664
person 0.914238 656 395 686 449
person 0.883376 1487 373 1521 471
person 0.878924 910 421 943 520
person 0.856797 1621 314 1645 373
person 0.829877 1439 396 1483 501
person 0.735140 1817 362 1842 416
person 0.642503 304 355 320 379
person 0.585809 1373 330 1397 386
person 0.557555 300 295 1652 481
person 0.496519 142 485 189 659
person 0.483857 1856 349 1874 366
person 0.476944 1238 360 1261 410
person 0.473949 343 347 357 374
person 0.458455 1335 332 1361 389
person 0.406337 1179 336 1201 391
person 0.338593 1165 336 1185 389
person 0.323492 460 335 471 360
person 0.321917 630 332 640 353
person 0.304868 533 332 544 353
person 0.284376 1822 343 1839 370
person 0.272996 488 333 498 356
person 0.264183 1076 343 1095 391
person 0.263276 342 332 359 366
person 0.262145 1107 341 1125 387
