person 0.993253 730 268 774 384
person 0.963639 959 287 1009 396
person 0.962800 679 222 708 299
person 0.936245 1576 228 1610 318
person 0.872872 633 163 648 192
person 0.864485 1373 195 1411 293
person 0.856475 1741 238 1788 321
person 0.815080 1233 301 1291 419
person 0.778167 1636 206 1667 301
person 0.775619 1024 220 1057 299
person 0.728711 561 163 574 187
person 0.727179 0 236 28 334
person 0.720884 492 167 506 193
person 0.570081 1260 229 1303 376
person 0.550277 462 166 479 195
person 0.438233 138 135 1804 288
person 0.399779 445 184 466 208
person 0.340404 973 212 1011 304
person 0.323602 612 164 626 189
person 0.286936 519 164 531 189
person 0.990495 733 266 774 382
person 0.952497 678 221 707 298
person 0.933629 1575 229 1611 319
person 0.923859 961 252 1012 398
person 0.911845 1025 217 1058 298
person 0.907387 1754 236 1800 325
person 0.899889 1372 201 1417 307
person 0.868076 1635 207 1669 300
person 0.862024 634 162 650 191
person 0.783752 561 163 575 189
person 0.725578 494 166 508 194
person 0.710739 0 236 29 333
person 0.670819 1230 253 1301 426
person 0.510434 461 166 478 197
person 0.503700 155 133 1792 288
person 0.447853 446 181 467 208
person 0.412045 612 162 625 188
person 0.391202 1259 224 1300 383
person 0.299787 975 214 1011 304
person 0.298667 519 164 531 189
