person 0.993993 1399 426 1455 560
person 0.993522 270 436 307 531
person 0.990820 842 431 882 541
person 0.985921 1840 403 1902 560
person 0.984132 1042 483 1110 659
person 0.980079 752 396 785 489
person 0.977562 1005 424 1044 521
person 0.977424 1139 383 1170 473
person 0.943349 162 523 223 662
person 0.867089 1486 374 1520 470
person 0.866064 901 415 933 519
person 0.860504 1621 315 1644 372
person 0.827438 654 395 685 449
person 0.746702 1441 399 1486 497
person 0.663430 636 386 679 453
person 0.641761 1818 360 1842 415
person 0.616667 305 356 320 379
person 0.596103 297 298 1656 480
person 0.584142 1373 330 1397 387
person 0.488812 1335 332 1361 389
person 0.474997 1238 358 1262 411
person 0.440948 1857 349 1875 366
person 0.412016 1177 333 1201 394
person 0.400776 343 349 357 373
person 0.371042 145 483 190 663
person 0.369363 627 330 639 354
person 0.356453 533 333 543 354
person 0.293537 487 333 497 357
person 0.283167 1107 340 1126 388
person 0.280864 1165 337 1184 388
person 0.271805 1076 342 1096 392
person 0.262674 1821 343 1839 372
person 0.250158 461 335 472 359
person 0.994655 1400 427 1454 560
person 0.993590 270 438 308 531
person 0.991284 843 429 881 542
person 0.988973 1840 403 1899 559
person 0.986530 1042 480 1113 658
person 0.984405 1138 384 1171 472
person 0.975677 751 398 781 489
person 0.972973 1006 425 1043 519
person 0.960454 153 510 230 665
person 0.862063 901 415 932 520
person 0.842442 1486 374 1520 468
person 0.820768 1621 315 1645 371
person 0.798319 636 385 677 456
person 0.650124 306 356 321 379
person 0.645231 270 301 1681 475
person 0.634141 1442 400 1487 495
person 0.595685 1818 354 1842 416
person 0.547881 1373 330 1397 387
person 0.459533 655 400 684 448
person 0.465060 1336 333 1361 389
person 0.413639 1238 356 1262 411
person 0.403929 341 348 355 373
person 0.402251 1177 334 1200 393
person 0.374287 1857 349 1876 367
person 0.319666 533 334 543 354
person 0.309630 627 330 638 354
person 0.305917 1076 342 1095 391
person 0.291348 1107 340 1126 388
person 0.286611 1046 341 1064 391
person 0.281455 146 486 191 660
person 0.274838 1252 356 1276 407
person 0.258201 1165 339 1184 386
person 0.252806 487 335 497 357
