person 0.995792 1400 427 1454 560
person 0.994743 270 438 307 531
person 0.993336 843 428 881 541
person 0.989636 1840 408 1900 555
person 0.988065 1037 481 1114 656
person 0.987354 748 396 782 490
person 0.983946 1005 425 1044 515
person 0.983881 1136 385 1172 471
person 0.972652 164 526 229 661
person 0.894970 900 415 932 520
person 0.876035 1486 375 1520 468
person 0.845854 639 392 669 448
person 0.817237 1621 315 1645 373
person 0.745874 1444 399 1485 497
person 0.693299 1818 355 1841 415
person 0.635737 277 302 1679 473
person 0.627226 305 355 321 379
person 0.558767 1373 330 1397 387
person 0.520638 1337 332 1362 389
person 0.494372 341 347 356 374
person 0.407603 1858 349 1877 366
person 0.389251 1177 336 1200 394
person 0.386459 627 330 638 355
person 0.335265 533 334 543 354
person 0.318393 1107 340 1126 389
person 0.310972 1076 342 1095 392
person 0.304617 1046 341 1064 391
person 0.303197 1251 356 1275 406
person 0.284768 1165 339 1184 388
person 0.269883 486 334 496 357
person 0.265337 144 483 189 662
person 0.261909 461 336 471 359
person 0.997171 1401 425 1452 561
person 0.993624 271 437 308 530
person 0.992690 844 428 881 541
person 0.990103 1840 408 1901 558
person 0.987287 1042 481 1117 654
person 0.983566 1006 425 1044 518
person 0.982228 1137 386 1171 472
person 0.968384 165 522 228 665
person 0.965903 746 398 779 493
person 0.896194 636 392 666 450
person 0.894338 900 415 932 520
person 0.799067 1621 315 1644 373
person 0.778522 1445 393 1485 469
person 0.747059 1484 376 1518 467
person 0.689482 1817 354 1841 415
person 0.649377 289 301 1663 473
person 0.629334 305 354 322 379
person 0.560496 1373 330 1397 387
person 0.531968 144 486 190 657
person 0.524264 1337 331 1362 390
person 0.448446 1177 336 1200 394
person 0.410458 342 347 356 372
person 0.381374 1857 349 1876 365
person 0.356464 1165 340 1184 389
person 0.355460 1075 341 1094 392
person 0.354467 1045 338 1063 393
person 0.353516 533 334 543 354
person 0.337703 1107 339 1126 390
person 0.323021 1449 412 1488 514
person 0.308440 1253 358 1276 406
person 0.269082 462 337 472 359
person 0.258034 627 330 638 353
