person 0.995824 1401 428 1452 558
person 0.992427 270 438 309 530
person 0.990525 1841 412 1899 555
person 0.988228 1043 480 1117 651
person 0.987566 845 427 882 539
person 0.983234 742 394 776 491
person 0.981935 1137 385 1169 473
person 0.974491 1006 425 1045 519
person 0.934311 168 528 229 658
person 0.930294 899 414 933 521
person 0.859586 633 395 662 448
person 0.806927 1620 314 1644 374
person 0.786787 1447 399 1488 497
person 0.776307 1817 357 1841 415
person 0.669879 145 484 191 655
person 0.652845 273 303 1677 474
person 0.644834 304 353 323 380
person 0.568222 1485 377 1518 467
person 0.544988 1373 329 1398 387
person 0.493464 1336 330 1363 390
person 0.440441 1253 355 1275 408
person 0.435941 1177 337 1200 394
person 0.421049 342 347 357 373
person 0.393783 1857 349 1877 366
person 0.322256 1044 337 1063 394
person 0.297620 1076 342 1095 392
person 0.272341 627 329 638 356
person 0.269051 462 336 472 360
person 0.266306 1166 339 1184 388
person 0.264154 1107 339 1126 389
person 0.254007 299 363 319 389
person 0.995882 1401 427 1453 559
person 0.990407 271 438 308 527
person 0.987129 845 426 882 539
person 0.986200 1042 478 1118 652
person 0.984876 1842 412 1901 557
person 0.983693 1135 386 1169 474
person 0.975827 1006 426 1045 520
person 0.975438 741 399 773 490
person 0.934262 899 414 934 521
person 0.921350 155 509 229 668
person 0.867697 622 383 663 458
person 0.804816 1620 314 1644 372
person 0.770063 1446 392 1486 469
person 0.713213 1816 357 1841 416
person 0.658298 303 353 322 380
person 0.657297 269 302 1680 471
person 0.653613 1484 377 1518 468
person 0.574383 1372 329 1397 387
person 0.543602 150 483 191 654
person 0.511004 1337 329 1362 389
person 0.508071 1451 411 1489 516
person 0.495615 1856 348 1875 366
person 0.447444 342 347 357 373
person 0.355874 1044 336 1063 394
person 0.347890 1179 338 1200 392
person 0.338496 1254 357 1276 406
person 0.297421 1076 342 1095 392
person 0.292553 627 329 638 356
person 0.283806 461 336 472 361
person 0.251099 1167 341 1183 383
