person 0.995414 1402 428 1457 558
person 0.991973 270 438 309 526
person 0.984054 1044 479 1119 652
person 0.983679 1843 409 1900 560
person 0.979792 738 392 772 490
person 0.973435 846 427 883 539
person 0.970994 1005 426 1045 520
person 0.966624 1135 386 1168 472
person 0.946942 897 415 934 521
person 0.911637 170 521 225 658
person 0.810515 1621 314 1644 372
person 0.789314 1447 392 1486 469
person 0.773935 624 395 655 447
person 0.696568 147 478 192 633
person 0.654146 305 353 323 380
person 0.632021 265 303 1683 470
person 0.611768 1484 378 1517 470
person 0.593512 1373 329 1397 387
person 0.567003 1817 355 1841 414
person 0.554973 341 349 356 374
person 0.540227 1337 329 1363 389
person 0.399692 1856 349 1876 366
person 0.388771 1044 337 1062 392
person 0.366472 1255 342 1277 392
person 0.362655 1179 337 1200 391
person 0.332463 1076 342 1094 391
person 0.321563 460 336 471 360
person 0.318916 616 332 628 360
person 0.311597 626 328 638 356
person 0.301902 1108 339 1126 388
person 0.295157 1167 341 1183 384
person 0.255513 533 333 543 353
person 0.995110 1402 428 1457 555
person 0.989761 269 438 310 526
person 0.987002 1044 479 1120 652
person 0.981675 737 394 770 489
person 0.975211 1134 386 1168 472
person 0.970928 1005 426 1045 521
person 0.970480 844 424 879 520
person 0.969462 1843 408 1898 561
person 0.953064 897 416 934 519
person 0.939237 173 520 229 659
person 0.812072 620 395 654 447
person 0.796991 1621 314 1644 372
person 0.742157 1448 391 1486 471
person 0.711268 149 476 195 634
person 0.691950 274 302 1670 472
person 0.640148 304 354 323 380
person 0.571582 1373 330 1397 387
person 0.531276 1817 354 1841 414
person 0.517412 1481 377 1516 473
person 0.473368 1337 329 1362 390
person 0.468961 341 349 355 373
person 0.433532 1856 348 1875 366
person 0.417263 1044 337 1061 392
person 0.372313 1178 338 1199 392
person 0.344848 1077 342 1095 391
person 0.333147 1108 339 1126 389
person 0.324929 1254 355 1277 408
person 0.281094 300 363 321 390
person 0.280070 460 336 470 360
person 0.276093 616 333 627 359
person 0.274205 1167 341 1184 385
person 0.256748 1258 343 1278 390
