person 0.994805 1402 427 1459 556
person 0.985621 1044 478 1121 651
person 0.984289 733 391 769 489
person 0.983723 1844 403 1901 565
person 0.978371 1006 425 1045 520
person 0.976488 270 437 311 526
person 0.973102 1133 385 1167 475
person 0.963537 844 423 879 522
person 0.962867 896 415 933 519
person 0.897117 172 520 230 659
person 0.841824 1621 315 1644 372
person 0.820256 608 386 654 456
person 0.781048 1450 390 1486 470
person 0.675682 305 353 324 379
person 0.666875 262 304 1680 470
person 0.593296 1817 358 1841 414
person 0.590270 1372 330 1397 387
person 0.588459 1477 377 1515 472
person 0.567178 152 477 196 632
person 0.546296 339 347 355 373
person 0.497786 1336 330 1361 389
person 0.417067 1178 337 1201 394
person 0.412892 1043 337 1061 391
person 0.410256 1856 349 1877 366
person 0.337387 616 331 628 360
person 0.314212 1166 339 1185 387
person 0.314178 1077 342 1096 391
person 0.308584 1260 341 1282 392
person 0.301015 458 336 469 361
person 0.296665 1109 337 1128 388
person 0.252515 898 382 921 431
person 0.996053 1402 427 1461 557
person 0.988130 1845 402 1901 564
person 0.984984 1044 478 1122 650
person 0.984181 1006 424 1045 521
person 0.981814 732 394 769 487
person 0.973386 1132 385 1167 473
person 0.971797 896 415 932 520
person 0.967915 846 430 882 539
person 0.955479 271 435 311 527
person 0.891148 173 523 230 657
person 0.855555 1621 314 1644 373
person 0.764389 1450 390 1488 471
person 0.711091 153 473 199 635
person 0.702353 304 352 325 379
person 0.694602 1816 358 1842 415
person 0.689717 604 385 642 458
person 0.680970 272 302 1673 473
person 0.680675 1462 387 1507 503
person 0.619254 1372 330 1397 387
person 0.539003 607 401 632 446
person 0.534232 1477 378 1514 475
person 0.512746 1336 330 1362 389
person 0.505923 341 347 357 373
person 0.435654 1043 337 1061 392
person 0.432723 1857 349 1876 366
person 0.392564 619 401 647 443
person 0.404811 615 331 628 361
person 0.401510 1258 354 1282 409
person 0.396238 1178 337 1201 393
person 0.326885 458 334 470 361
person 0.323241 1078 341 1097 392
person 0.313079 1109 338 1128 387
person 0.306353 1165 338 1183 386
person 0.298854 898 381 921 432
