person 0.995696 1401 423 1462 560
person 0.993068 1844 400 1902 564
person 0.986204 1043 479 1122 650
person 0.986010 730 392 766 487
person 0.985228 1006 423 1045 522
person 0.961505 896 413 931 519
person 0.960822 270 434 311 527
person 0.953387 1131 385 1166 472
person 0.918623 846 430 881 538
person 0.892425 171 520 228 658
person 0.857171 607 395 634 449
person 0.858873 1621 315 1644 372
person 0.801408 1816 359 1842 416
person 0.779755 1460 390 1508 502
person 0.770992 304 352 325 379
person 0.691196 272 300 1675 474
person 0.666068 1451 391 1489 470
person 0.639814 1372 329 1397 387
person 0.529746 341 347 358 374
person 0.515681 1337 329 1362 390
person 0.449955 1043 337 1060 392
person 0.444435 1178 338 1201 394
person 0.417271 615 332 627 360
person 0.416809 458 334 470 362
person 0.412779 155 475 196 634
person 0.385421 1857 348 1876 366
person 0.373678 1078 341 1097 392
person 0.366845 1260 338 1283 394
person 0.333277 1109 338 1127 386
person 0.317494 626 328 638 355
person 0.303506 1165 339 1183 386
person 0.268699 486 333 496 356
person 0.267527 532 333 543 354
person 0.993898 1845 404 1903 559
person 0.991391 1401 425 1464 558
person 0.986502 1006 422 1045 521
person 0.986507 1042 479 1120 650
person 0.985365 730 392 764 488
person 0.963749 896 410 932 519
person 0.946120 270 433 311 526
person 0.927548 847 429 881 539
person 0.923616 1131 385 1165 471
person 0.883679 174 519 231 659
person 0.857395 604 394 629 450
person 0.835578 1621 315 1644 372
person 0.818372 305 351 325 379
person 0.781538 1816 359 1841 415
person 0.755861 1473 382 1513 467
person 0.691666 276 300 1678 476
person 0.631387 1452 393 1489 467
person 0.577625 343 347 359 375
person 0.570782 1372 330 1398 387
person 0.482735 1336 330 1362 390
person 0.461907 458 334 470 362
person 0.412842 1180 340 1201 393
person 0.406561 1857 349 1876 366
person 0.382036 1043 338 1060 391
person 0.379536 1259 356 1284 410
person 0.328518 1078 342 1096 391
person 0.315177 156 476 196 632
person 0.310327 616 332 627 360
person 0.290549 1110 339 1128 385
person 0.284163 626 328 638 355
person 0.279592 1165 342 1183 386
person 0.272547 485 333 495 356
