person 0.997766 1012 484 1066 626
person 0.997688 608 455 663 589
person 0.994482 483 455 534 575
person 0.994462 1175 543 1242 739
person 0.994429 1569 439 1628 581
person 0.991425 849 407 885 499
person 0.990669 1178 399 1212 494
person 0.989274 57 442 116 538
person 0.984990 1247 385 1290 473
person 0.976170 1409 365 1440 452
person 0.945204 1862 434 1917 548
person 0.895000 652 384 687 464
person 0.788221 1761 341 1793 428
person 0.672107 387 345 406 372
person 0.653019 603 327 616 357
person 0.598168 1483 367 1508 389
person 0.575400 639 330 650 354
person 0.553339 248 300 1691 451
person 0.544690 294 356 316 384
person 0.519364 1225 339 1246 391
person 0.504858 1191 340 1215 394
person 0.445410 274 351 292 379
person 0.430404 1785 317 1806 362
person 0.358179 1818 318 1842 365
person 0.343082 1272 351 1297 404
person 0.329143 299 362 321 391
person 0.313959 1265 341 1288 392
person 0.308759 1283 352 1309 408
person 0.305545 1752 313 1774 365
person 0.298294 407 346 426 370
person 0.268048 527 328 540 352
person 0.998027 1011 486 1066 624
person 0.995696 605 454 661 590
person 0.995160 1178 545 1245 743
person 0.994252 480 458 534 574
person 0.992854 1178 400 1214 493
person 0.990290 848 407 885 499
person 0.989829 58 440 113 539
person 0.986734 1568 446 1629 574
person 0.983199 1249 387 1294 473
person 0.977813 1408 365 1440 453
person 0.952582 1867 433 1918 552
person 0.819529 1760 338 1794 430
person 0.807467 652 384 687 463
person 0.644788 387 344 404 372
person 0.624669 603 326 616 357
person 0.596076 1483 367 1508 389
person 0.554358 639 329 650 354
person 0.513331 241 302 1698 448
person 0.489300 1225 339 1247 391
person 0.480306 296 356 317 384
person 0.460878 1191 341 1216 394
person 0.399524 273 351 290 379
person 0.372223 1786 317 1806 361
person 0.344884 299 362 322 391
person 0.337581 1818 317 1841 364
person 0.329819 1266 341 1289 392
person 0.285160 407 346 424 370
person 0.271786 644 395 669 452
person 0.275845 529 328 541 351
person 0.276323 1272 352 1297 404
person 0.264673 1283 352 1309 410
