person 0.998659 1009 485 1067 626
person 0.995982 1177 548 1247 743
person 0.995102 478 458 532 574
person 0.994888 1179 399 1214 492
person 0.992390 846 407 882 498
person 0.987604 55 440 110 540
person 0.986116 603 456 660 590
person 0.985494 1567 446 1627 575
person 0.985513 1252 387 1296 472
person 0.974164 1405 364 1438 454
person 0.952735 1871 424 1919 562
person 0.815318 644 384 674 465
person 0.680716 1760 337 1794 427
person 0.614157 387 344 406 374
person 0.614436 604 327 617 357
person 0.581970 1225 339 1248 392
person 0.577111 295 355 317 384
person 0.568785 645 328 656 352
person 0.510733 1483 366 1508 388
person 0.510845 1190 340 1215 394
person 0.496562 249 304 1691 452
person 0.427602 664 397 687 455
person 0.436719 1823 335 1851 391
person 0.393697 1266 342 1290 393
person 0.386655 273 350 290 378
person 0.301651 1786 316 1806 362
person 0.299827 1273 351 1297 402
person 0.289021 299 361 322 391
person 0.266750 1753 309 1781 418
person 0.998196 1009 485 1067 627
person 0.996256 591 453 653 591
person 0.995129 1179 398 1214 491
person 0.994736 478 459 532 573
person 0.994629 1182 553 1256 742
person 0.994034 846 405 881 500
person 0.985401 57 439 105 538
person 0.984788 1255 389 1299 471
person 0.980347 1404 365 1437 452
person 0.979297 1566 440 1625 587
person 0.977508 1872 424 1919 560
person 0.754822 643 387 676 465
person 0.750573 1760 338 1793 428
person 0.701380 387 345 404 373
person 0.680166 603 327 616 357
person 0.617406 645 327 656 352
person 0.580763 1226 339 1248 391
person 0.576127 244 303 1694 451
person 0.558318 294 356 316 384
person 0.504096 1189 339 1214 394
person 0.479588 1268 342 1291 393
person 0.469081 1484 366 1508 388
person 0.455273 661 400 687 454
person 0.443503 1822 334 1849 390
person 0.392418 273 351 291 379
person 0.309081 1786 317 1806 363
person 0.258279 665 328 675 349
person 0.254049 407 346 424 371
