person 0.998432 1009 483 1066 628
person 0.997068 590 456 650 588
person 0.994596 1187 554 1260 743
person 0.992858 1179 399 1216 494
person 0.991878 844 405 880 500
person 0.991563 476 460 530 572
person 0.989077 1263 385 1299 473
person 0.982700 56 438 102 538
person 0.977764 1563 446 1623 581
person 0.968154 1402 364 1435 451
person 0.947464 1874 422 1919 560
person 0.896424 641 388 674 467
person 0.679845 1761 340 1794 427
person 0.668871 603 326 616 357
person 0.620854 387 345 404 373
person 0.597875 1226 338 1247 393
person 0.582378 1189 338 1213 395
person 0.574332 208 305 1734 448
person 0.548861 294 356 316 385
person 0.547681 1822 338 1848 390
person 0.527310 643 328 654 352
person 0.496053 1484 366 1508 388
person 0.448681 1267 342 1289 392
person 0.370729 272 351 289 379
person 0.313781 1785 317 1807 363
person 0.250660 662 401 686 453
person 0.257077 406 346 423 370
person 0.253326 1752 309 1781 417
person 0.998083 590 458 647 588
person 0.997379 1011 486 1065 627
person 0.995351 1190 556 1263 741
person 0.991062 476 461 532 571
person 0.990190 1179 400 1216 495
person 0.988344 844 407 879 500
person 0.983682 1265 388 1301 473
person 0.970320 1400 365 1433 453
person 0.968609 54 439 100 537
person 0.954654 1561 446 1621 583
person 0.935911 1876 423 1919 561
person 0.858439 638 391 675 465
person 0.728605 1760 340 1794 428
person 0.688109 601 324 616 357
person 0.576827 1226 338 1247 393
person 0.572391 293 356 315 385
person 0.559331 1189 339 1213 395
person 0.552088 1484 366 1508 388
person 0.548418 197 305 1747 451
person 0.518723 388 345 404 370
person 0.502510 1820 336 1845 387
person 0.466099 1267 341 1288 393
person 0.460923 643 327 655 351
person 0.359869 274 352 292 379
person 0.332021 1785 316 1806 362
person 0.316610 662 403 686 452
person 0.321171 342 330 357 363
person 0.295460 1750 314 1771 363
person 0.264614 529 326 542 352
