person 0.997666 587 458 646 588
person 0.996856 1011 485 1065 629
person 0.994626 1190 551 1263 741
person 0.991961 1182 400 1216 496
person 0.990675 472 461 526 571
person 0.988790 843 407 878 499
person 0.985249 1267 383 1302 475
person 0.976872 1398 365 1434 454
person 0.960943 53 437 101 538
person 0.907031 1556 450 1633 600
person 0.899317 637 389 673 465
person 0.747779 1761 341 1795 428
person 0.674991 604 325 618 358
person 0.628775 202 302 1739 455
person 0.599852 387 347 402 372
person 0.588579 1882 408 1919 575
person 0.562560 294 357 315 384
person 0.554236 1226 339 1248 392
person 0.502716 1189 340 1212 393
person 0.499972 1818 338 1844 387
person 0.465235 1267 343 1289 391
person 0.457516 1484 366 1508 388
person 0.388186 273 352 289 378
person 0.388266 1870 386 1918 669
person 0.379419 644 327 656 351
person 0.329637 662 403 686 453
person 0.318170 1785 317 1806 361
person 0.303211 343 332 358 362
person 0.295212 410 346 426 368
person 0.290939 1750 313 1772 364
person 0.270123 755 327 766 345
person 0.997383 585 462 642 587
person 0.996109 1012 484 1063 631
person 0.994470 469 460 521 572
person 0.993590 1191 550 1261 739
person 0.992035 1183 399 1217 495
person 0.977189 1396 365 1435 455
person 0.967941 842 407 876 500
person 0.967722 1267 385 1304 476
person 0.911164 1551 452 1629 602
person 0.909828 636 389 672 465
person 0.907554 1881 411 1919 572
person 0.887497 53 437 98 539
person 0.749275 1760 341 1795 428
person 0.631966 604 326 617 358
person 0.599884 1226 337 1248 393
person 0.590022 210 302 1736 452
person 0.545826 388 348 403 371
person 0.537918 1483 366 1508 388
person 0.529477 294 357 316 384
person 0.514954 1189 337 1212 393
person 0.479639 1267 341 1289 391
person 0.437539 645 327 656 351
person 0.398717 1749 313 1771 364
person 0.394815 1785 316 1807 362
person 0.387584 410 346 425 368
person 0.347011 1818 317 1843 369
person 0.328777 272 353 288 378
person 0.326604 1817 338 1842 386
person 0.317922 341 330 357 363
person 0.260565 660 405 683 452
