person 0.988265 736 265 777 383
person 0.978863 957 284 1007 397
person 0.955460 677 222 706 300
person 0.940046 1024 218 1059 298
person 0.934055 1574 229 1611 318
person 0.934044 1760 234 1807 326
person 0.874271 1375 202 1417 307
person 0.846872 633 163 650 192
person 0.840896 1637 207 1672 298
person 0.827925 1239 255 1303 426
person 0.784808 0 237 30 332
person 0.771665 494 166 510 195
person 0.749303 561 163 576 190
person 0.565688 148 134 1802 285
person 0.461360 460 166 478 198
person 0.459797 974 213 1011 303
person 0.420017 445 181 466 207
person 0.414988 611 164 625 190
person 0.283750 1280 226 1316 376
person 0.276210 1260 222 1300 386
person 0.272476 821 172 832 186
person 0.988619 738 265 781 385
person 0.961912 676 222 706 301
person 0.960377 953 278 1006 397
person 0.955027 1026 219 1060 300
person 0.912864 1243 257 1315 427
person 0.903475 1374 205 1419 305
person 0.881585 1573 230 1609 317
person 0.866209 630 162 648 193
person 0.856064 1637 207 1672 299
person 0.849091 1767 234 1817 322
person 0.782893 0 238 30 332
person 0.745477 494 165 510 196
person 0.736296 559 164 573 189
person 0.571524 163 136 1785 281
person 0.571196 458 166 478 198
person 0.488287 975 213 1009 302
person 0.464409 446 179 469 207
person 0.366559 1260 223 1300 382
person 0.350061 612 163 626 190
person 0.332497 820 172 830 187
person 0.270884 939 150 952 173
