person 0.997190 579 464 636 588
person 0.995469 1010 488 1064 627
person 0.994680 1192 545 1263 740
person 0.993129 468 459 516 574
person 0.992617 1183 398 1218 496
person 0.973323 1396 365 1434 453
person 0.972373 1275 380 1317 476
person 0.972199 842 407 875 499
person 0.965746 1881 413 1919 568
person 0.937531 1550 454 1626 608
person 0.937082 47 439 90 533
person 0.925972 636 388 671 465
person 0.766220 1759 344 1794 427
person 0.707282 606 329 619 358
person 0.583202 1483 366 1508 387
person 0.573633 205 304 1743 450
person 0.562317 1226 336 1248 392
person 0.518767 1817 340 1841 389
person 0.517031 295 357 316 384
person 0.498971 1750 313 1771 366
person 0.487572 389 347 403 370
person 0.478001 1189 337 1213 393
person 0.460629 647 328 658 352
person 0.448615 1268 341 1290 392
person 0.394124 639 403 664 451
person 0.394978 409 346 424 369
person 0.388842 1784 316 1807 362
person 0.343551 272 352 288 378
person 0.314724 755 317 768 341
person 0.269889 343 332 358 363
person 0.269189 1820 315 1843 368
person 0.253565 1782 307 1801 346
person 0.996915 574 462 638 588
person 0.995488 1191 541 1262 739
person 0.994726 467 458 514 575
person 0.992411 1182 399 1218 495
person 0.991472 1011 489 1063 626
person 0.984807 1277 382 1318 478
person 0.973758 841 407 875 497
person 0.971875 635 386 671 467
person 0.967175 1551 456 1627 610
person 0.963743 1396 365 1432 453
person 0.917783 45 441 88 533
person 0.913786 1880 421 1919 563
person 0.703270 1759 345 1794 425
person 0.657924 604 328 617 359
person 0.603203 1226 337 1248 392
person 0.572990 222 302 1722 451
person 0.528429 296 356 316 383
person 0.506218 1268 340 1291 395
person 0.501399 1189 337 1213 393
person 0.495646 1484 366 1507 387
person 0.441702 1749 314 1771 365
person 0.424744 1814 343 1839 389
person 0.388034 1784 317 1805 363
person 0.372271 647 328 658 352
person 0.348482 387 346 401 369
person 0.326889 273 352 289 378
person 0.270136 1821 317 1844 365
person 0.262122 344 349 357 370
person 0.256620 528 328 541 352
person 0.252303 754 317 767 341
