person 0.997317 569 463 636 589
person 0.994804 1192 539 1263 735
person 0.993109 465 459 511 575
person 0.986995 1183 400 1217 494
person 0.985098 1012 487 1061 630
person 0.976326 1278 384 1322 476
person 0.975756 633 387 669 469
person 0.974454 839 407 875 500
person 0.970741 40 442 88 537
person 0.970526 1552 457 1613 597
person 0.964785 1396 365 1431 452
person 0.884860 1882 426 1919 558
person 0.677251 1760 346 1793 425
person 0.621230 603 329 616 358
person 0.542977 233 301 1710 450
person 0.528242 1227 337 1249 391
person 0.484642 1749 312 1771 367
person 0.457250 1267 339 1289 394
person 0.453048 1484 366 1507 387
person 0.443294 1811 341 1838 391
person 0.426218 299 363 319 391
person 0.372412 1188 336 1213 393
person 0.365435 648 328 658 352
person 0.333892 1781 315 1804 365
person 0.326031 272 352 288 377
person 0.311386 407 330 421 365
person 0.295286 755 316 768 341
person 0.272714 410 346 424 368
person 0.271610 387 347 401 371
person 0.998337 566 463 635 590
person 0.995609 1195 537 1261 732
person 0.991079 464 463 510 580
person 0.989436 1182 398 1217 494
person 0.987966 1281 382 1324 474
person 0.986350 34 441 86 537
person 0.983315 630 385 667 467
person 0.982161 838 407 875 500
person 0.980223 1013 498 1062 629
person 0.974370 1395 366 1430 452
person 0.957676 1542 455 1621 614
person 0.774429 1760 346 1793 426
person 0.739251 1884 428 1919 549
person 0.670699 604 328 618 359
person 0.585157 226 300 1718 447
person 0.526049 1748 311 1771 367
person 0.511507 1226 337 1249 393
person 0.458037 1485 366 1508 387
person 0.450249 1267 340 1290 395
person 0.445346 300 363 319 391
person 0.425668 385 349 399 373
person 0.412903 648 328 659 352
person 0.403522 1812 340 1837 389
person 0.386143 1187 336 1213 394
person 0.360707 407 330 421 364
person 0.353075 271 351 287 378
person 0.348281 1782 315 1805 365
person 0.330121 297 357 316 383
person 0.293804 756 316 768 341
person 0.268257 664 327 674 347
person 0.254104 1754 354 1781 417
