person 0.998130 564 462 633 592
person 0.994713 1196 536 1263 727
person 0.990565 462 463 509 580
person 0.986928 1182 398 1220 495
person 0.982732 30 442 86 539
person 0.982429 836 407 876 499
person 0.980856 1013 499 1064 630
person 0.979865 627 386 663 469
person 0.971067 1283 378 1327 476
person 0.967773 1395 367 1429 452
person 0.954679 1537 456 1618 612
person 0.778069 1889 426 1919 552
person 0.741415 1759 345 1793 424
person 0.601476 1225 337 1250 393
person 0.601208 605 329 617 358
person 0.575350 221 298 1720 447
person 0.562416 383 350 398 374
person 0.530452 1748 312 1771 366
person 0.508796 300 363 320 391
person 0.491361 1187 336 1213 394
person 0.482432 1809 338 1835 391
person 0.480900 1485 366 1508 387
person 0.411083 648 327 658 350
person 0.406752 269 350 285 378
person 0.390637 1264 340 1288 392
person 0.334178 1781 316 1804 365
person 0.304930 407 330 422 364
person 0.258179 1753 354 1780 416
person 0.255045 666 327 676 347
person 0.996996 562 463 631 589
person 0.995562 1192 534 1263 724
person 0.992412 1004 501 1056 632
person 0.990984 1184 397 1220 494
person 0.987658 1285 382 1332 477
person 0.987149 624 385 661 470
person 0.985051 837 407 874 498
person 0.984670 30 444 86 538
person 0.982336 460 465 510 580
person 0.955814 1532 457 1620 609
person 0.949782 1395 367 1427 452
person 0.783981 1759 347 1794 425
person 0.669176 606 329 618 359
person 0.604432 229 298 1709 449
person 0.570708 1226 336 1250 393
person 0.566850 1893 423 1919 556
person 0.549676 1187 336 1212 395
person 0.537494 300 363 319 391
person 0.516434 1748 313 1771 366
person 0.510956 385 349 400 373
person 0.463294 647 327 657 351
person 0.442974 1484 366 1508 387
person 0.412593 1265 338 1289 394
person 0.392832 269 351 284 378
person 0.327766 1783 318 1806 363
person 0.280086 297 358 316 383
person 0.270281 407 330 421 363
person 0.258509 1820 316 1844 365
person 0.253063 1808 343 1833 389
