person 0.994064 1195 534 1264 722
person 0.993932 1001 502 1058 633
person 0.993414 552 465 619 593
person 0.985550 1184 399 1220 489
person 0.985453 1287 382 1334 478
person 0.984972 446 462 501 580
person 0.982649 836 406 872 499
person 0.981685 625 384 657 471
person 0.980702 30 441 86 541
person 0.972988 1529 452 1621 612
person 0.907004 1393 366 1425 453
person 0.768487 1759 348 1795 426
person 0.707160 1893 423 1919 557
person 0.601867 1185 336 1211 396
person 0.589026 607 329 619 358
person 0.584584 249 297 1694 450
person 0.540819 385 347 401 372
person 0.534728 1226 336 1250 392
person 0.485488 644 328 655 352
person 0.472824 301 363 321 391
person 0.437979 269 351 285 378
person 0.373347 1264 339 1288 393
person 0.370055 1748 314 1772 365
person 0.355125 1484 366 1508 386
person 0.340592 297 358 316 384
person 0.316689 1806 342 1833 389
person 0.283713 1783 319 1806 362
person 0.998479 552 466 619 591
person 0.994741 1003 503 1057 633
person 0.993862 1195 534 1267 722
person 0.990047 1184 399 1221 492
person 0.988714 27 440 85 542
person 0.987670 444 465 501 580
person 0.985762 620 385 656 471
person 0.985383 1287 384 1335 477
person 0.972782 835 406 870 499
person 0.970581 1524 454 1616 608
person 0.920910 1393 366 1424 452
person 0.783636 1758 346 1795 427
person 0.626269 607 329 619 359
person 0.616296 1896 415 1919 564
person 0.564339 1186 336 1212 396
person 0.530166 245 297 1699 450
person 0.514138 1226 335 1250 391
person 0.497789 300 363 320 391
person 0.496897 646 328 657 351
person 0.454322 387 347 403 372
person 0.425033 269 351 284 378
person 0.380638 1748 314 1772 365
person 0.374139 1485 366 1508 386
person 0.352449 1264 339 1288 393
person 0.344987 296 357 316 384
person 0.282966 1804 342 1832 388
person 0.279197 1782 319 1805 362
