person 0.999279 552 468 614 591
person 0.994209 1003 506 1055 632
person 0.994198 1196 536 1267 721
person 0.991093 441 468 501 580
person 0.991011 25 441 83 542
person 0.989853 1185 399 1221 496
person 0.981508 619 383 653 470
person 0.980069 1519 455 1613 609
person 0.978818 1288 383 1337 478
person 0.942940 833 408 871 499
person 0.923593 1393 368 1423 453
person 0.813969 1758 347 1796 427
person 0.647306 608 330 620 359
person 0.624260 1897 414 1919 562
person 0.584540 1186 336 1212 396
person 0.579720 235 298 1705 451
person 0.526898 386 347 402 372
person 0.505791 1225 335 1249 391
person 0.426688 301 363 321 390
person 0.396968 1485 366 1507 386
person 0.369523 270 352 285 377
person 0.359540 643 328 654 352
person 0.359173 1265 339 1288 392
person 0.356675 296 357 316 384
person 0.342111 1748 316 1771 364
person 0.257798 1783 321 1806 362
person 0.252921 1804 343 1833 389
person 0.999228 550 465 610 593
person 0.997299 996 508 1057 632
person 0.995381 1196 537 1270 723
person 0.993276 440 467 501 581
person 0.988080 24 441 80 545
person 0.987743 1184 398 1221 498
person 0.975359 1512 451 1608 617
person 0.974619 1294 384 1339 479
person 0.912296 834 408 870 497
person 0.909643 619 383 652 468
person 0.905523 1392 367 1422 454
person 0.833149 1758 348 1797 426
person 0.627357 1897 410 1919 567
person 0.620310 607 329 619 359
person 0.601207 1186 336 1212 396
person 0.562111 236 300 1706 450
person 0.497927 1226 335 1249 392
person 0.382750 302 364 321 390
person 0.371210 1485 366 1506 386
person 0.350561 644 328 655 352
person 0.337806 1748 316 1770 364
person 0.336722 1273 358 1295 405
person 0.332400 386 348 401 372
person 0.332233 1267 338 1289 393
person 0.282262 1753 355 1781 418
person 0.279502 270 352 284 377
person 0.267734 1782 320 1804 361
person 0.253892 297 358 316 383
