person 0.999091 544 465 600 592
person 0.997860 995 506 1057 631
person 0.996123 1198 540 1271 723
person 0.992455 438 468 500 581
person 0.990230 23 439 78 548
person 0.989285 1185 400 1222 497
person 0.984001 1295 383 1340 477
person 0.948091 616 384 649 469
person 0.940489 830 407 861 497
person 0.929660 1509 452 1606 618
person 0.905901 1391 366 1422 455
person 0.818278 1759 348 1799 426
person 0.653366 607 329 619 359
person 0.630308 1186 336 1211 397
person 0.609322 1895 406 1919 571
person 0.561247 233 300 1711 450
person 0.495670 1227 336 1250 392
person 0.398380 1748 315 1770 364
person 0.393467 643 329 654 353
person 0.372442 301 364 321 390
person 0.355875 1753 355 1780 418
person 0.353059 405 328 421 363
person 0.341432 1485 366 1506 386
person 0.336094 1801 356 1832 399
person 0.330951 383 350 397 372
person 0.315938 296 357 316 384
person 0.314016 271 352 286 377
person 0.299600 1782 318 1805 361
person 0.299075 1272 358 1294 405
person 0.287652 1817 316 1842 362
person 0.285291 1265 339 1288 392
person 0.998893 539 466 595 592
person 0.998781 992 503 1053 630
person 0.995917 1198 542 1272 721
person 0.994252 433 469 500 585
person 0.989047 20 440 76 547
person 0.981118 1188 396 1222 499
person 0.972143 1298 383 1339 477
person 0.959107 1497 457 1589 638
person 0.954409 615 383 649 470
person 0.948561 827 407 863 500
person 0.868833 1390 367 1422 455
person 0.799676 1758 346 1799 427
person 0.631354 606 330 619 360
person 0.586310 234 300 1709 449
person 0.540539 1895 408 1919 570
person 0.513036 1186 336 1210 394
person 0.480785 1227 335 1250 392
person 0.447486 301 364 321 390
person 0.359868 1486 366 1507 386
person 0.350650 1747 314 1769 364
person 0.346644 645 330 655 353
person 0.328523 406 329 421 364
person 0.327106 297 357 317 384
person 0.295404 1815 315 1841 365
person 0.292445 383 350 397 373
person 0.282672 1265 338 1287 391
person 0.282412 270 352 285 377
person 0.275944 1273 359 1294 405
person 0.265204 1753 356 1780 416
