person 0.999098 986 503 1055 636
person 0.998989 536 467 592 593
person 0.995789 1196 542 1273 718
person 0.995240 431 466 496 585
person 0.985751 19 438 70 546
person 0.979636 1299 384 1341 477
person 0.979156 1491 459 1583 637
person 0.976843 1189 396 1223 498
person 0.955941 826 407 861 500
person 0.907048 615 384 648 470
person 0.882745 1389 365 1423 457
person 0.803543 1757 343 1801 429
person 0.630682 607 329 620 359
person 0.549988 242 299 1689 450
person 0.529352 1187 337 1210 395
person 0.520001 1227 334 1250 393
person 0.487303 1895 412 1919 568
person 0.403037 1273 357 1295 409
person 0.381792 297 357 316 384
person 0.353245 301 363 321 390
person 0.335662 406 330 421 363
person 0.332727 1484 366 1507 386
person 0.326418 1813 316 1840 364
person 0.312835 647 330 657 353
person 0.299835 381 349 394 369
person 0.282633 1747 314 1769 363
person 0.274278 1267 338 1288 393
person 0.998362 533 467 591 591
person 0.998098 983 502 1054 637
person 0.995403 1191 540 1275 718
person 0.994987 428 463 489 585
person 0.987907 1489 467 1581 639
person 0.985068 1190 394 1226 499
person 0.980369 16 437 67 545
person 0.964704 823 409 861 500
person 0.960184 1300 387 1340 476
person 0.849671 613 385 649 468
person 0.845380 1383 367 1413 456
person 0.667764 1760 342 1800 427
person 0.664868 604 328 617 359
person 0.538839 1897 425 1919 592
person 0.489222 223 298 1715 452
person 0.465689 1274 357 1296 412
person 0.443494 1227 334 1250 391
person 0.417749 1187 337 1212 392
person 0.360833 297 357 316 383
person 0.360969 301 364 321 390
person 0.349665 1814 317 1840 363
person 0.346247 405 328 421 364
person 0.341829 380 349 393 370
person 0.328630 1484 366 1506 386
person 0.294910 1782 318 1805 365
person 0.269800 1747 314 1770 365
person 0.251651 270 352 285 376
person 0.250142 646 329 656 353
