person 0.998864 527 468 589 596
person 0.997707 978 496 1049 649
person 0.994810 425 463 485 587
person 0.994024 1190 538 1278 721
person 0.987214 1189 396 1225 499
person 0.983727 1485 471 1578 640
person 0.976003 16 437 62 548
person 0.966773 823 408 860 500
person 0.961437 1300 387 1342 477
person 0.929469 1381 368 1414 457
person 0.901160 607 388 642 471
person 0.686688 606 329 619 359
person 0.657752 1765 343 1803 427
person 0.654638 1895 434 1919 584
person 0.557812 204 298 1732 455
person 0.490874 1752 343 1783 427
person 0.464408 1186 338 1211 395
person 0.457324 1273 357 1296 412
person 0.434376 1227 336 1250 391
person 0.431132 379 350 393 370
person 0.409125 297 357 317 383
person 0.402665 1485 365 1507 386
person 0.340446 302 364 322 389
person 0.315300 1748 313 1770 367
person 0.306442 1815 316 1841 362
person 0.299321 270 351 285 377
person 0.275298 1782 317 1804 365
person 0.998069 525 469 588 598
person 0.993657 1190 535 1279 722
person 0.993424 424 463 479 586
person 0.991290 971 503 1049 639
person 0.990079 1190 398 1226 499
person 0.984756 1470 472 1566 641
person 0.963795 819 412 862 506
person 0.960785 14 437 64 546
person 0.935535 605 389 642 470
person 0.935329 1379 367 1415 457
person 0.887518 1301 387 1344 479
person 0.729918 604 329 617 358
person 0.677018 1897 442 1919 576
person 0.632810 1767 344 1804 428
person 0.562046 192 298 1744 455
person 0.530314 1186 337 1211 396
person 0.529274 1273 356 1297 413
person 0.466088 301 363 322 390
person 0.461837 1752 344 1783 427
person 0.446271 1226 337 1249 393
person 0.424791 378 349 391 369
person 0.410876 1485 365 1507 387
person 0.380854 297 357 317 384
person 0.373807 1818 315 1844 361
person 0.338031 1747 314 1770 368
person 0.315841 406 329 421 363
person 0.299676 1781 318 1805 364
person 0.273118 271 351 287 377
person 0.262426 529 331 540 352
person 0.260298 643 328 653 352
