person 0.998260 515 470 584 602
person 0.994198 1190 533 1279 720
person 0.991203 423 466 474 586
person 0.991026 1191 398 1226 500
person 0.987243 967 501 1045 640
person 0.987404 1462 474 1556 638
person 0.965316 816 412 860 506
person 0.952386 10 442 56 541
person 0.942464 606 388 639 472
person 0.921185 1311 394 1352 486
person 0.908266 1379 378 1416 455
person 0.790961 1897 445 1919 572
person 0.702328 605 329 618 358
person 0.647742 1765 341 1800 430
person 0.562163 210 298 1726 459
person 0.532618 1273 356 1296 413
person 0.517989 1752 343 1783 430
person 0.510935 1187 337 1211 396
person 0.469253 296 357 316 384
person 0.454961 1816 314 1842 362
person 0.445835 1226 337 1248 392
person 0.417573 1485 365 1507 387
person 0.414662 376 348 389 369
person 0.389215 301 363 321 390
person 0.367071 1780 318 1803 365
person 0.345237 1748 314 1770 366
person 0.328532 407 329 422 363
person 0.319732 272 352 287 377
person 0.250378 528 331 539 352
person 0.998840 515 471 582 601
person 0.992564 1192 533 1278 720
person 0.988607 1192 399 1228 502
person 0.988247 1459 474 1545 641
person 0.986413 973 500 1055 649
person 0.981239 422 467 471 585
person 0.975289 815 413 859 505
person 0.955867 606 388 640 472
person 0.949507 8 441 55 541
person 0.946579 1378 369 1413 455
person 0.924399 1311 394 1353 487
person 0.816533 1897 446 1919 571
person 0.737961 605 329 618 358
person 0.533250 1273 356 1296 413
person 0.529539 213 300 1718 458
person 0.509099 1186 337 1210 397
person 0.501034 1767 339 1803 432
person 0.498838 1752 344 1783 431
person 0.453657 297 358 316 384
person 0.430893 1818 315 1844 361
person 0.413475 1485 365 1507 387
person 0.394182 1225 336 1248 391
person 0.376380 377 349 390 371
person 0.351251 1748 313 1771 368
person 0.280974 1781 319 1805 366
person 0.277425 272 352 287 377
person 0.260313 407 329 422 363
person 0.253620 527 330 539 352
