person 0.996757 513 475 577 599
person 0.994567 1187 522 1276 715
person 0.989655 1193 394 1228 506
person 0.988481 414 464 462 584
person 0.986798 1451 473 1536 642
person 0.977389 810 412 858 506
person 0.976091 603 388 640 475
person 0.974134 2 440 55 542
person 0.972422 973 500 1049 649
person 0.932838 1376 369 1413 455
person 0.923141 1311 394 1353 488
person 0.791730 1897 442 1919 575
person 0.726187 605 328 618 359
person 0.656426 1751 346 1783 432
person 0.570296 212 300 1718 457
person 0.533973 1273 355 1296 414
person 0.456795 1187 337 1211 394
person 0.443513 297 358 317 384
person 0.420420 1484 365 1507 387
person 0.419584 377 350 390 372
person 0.360703 1225 337 1247 388
person 0.353478 1818 315 1843 360
person 0.322117 1768 341 1804 434
person 0.321306 1748 314 1771 366
person 0.275803 1781 338 1808 391
person 0.256404 272 352 287 377
person 0.996163 510 475 570 599
person 0.993468 1192 535 1268 718
person 0.988627 412 463 460 586
person 0.988344 1194 394 1229 506
person 0.987422 1443 474 1534 645
person 0.985141 603 386 638 474
person 0.975915 0 441 49 541
person 0.969112 812 413 855 506
person 0.964407 1377 369 1410 456
person 0.950811 970 502 1045 651
person 0.919711 1312 395 1351 489
person 0.706244 1897 429 1919 592
person 0.669148 1750 349 1783 430
person 0.667278 376 352 390 376
person 0.601802 602 328 616 358
person 0.569117 1274 355 1296 414
person 0.542681 297 357 317 384
person 0.541582 215 302 1716 458
person 0.443754 1484 365 1508 388
person 0.440779 1186 336 1210 395
person 0.411526 1818 316 1843 360
person 0.362935 1748 314 1772 364
person 0.325169 1226 337 1247 387
person 0.275408 271 351 286 377
person 0.269164 1783 340 1809 389
person 0.263357 1781 319 1804 364
