person 0.993740 739 265 783 386
person 0.970183 677 222 707 300
person 0.958327 953 279 1006 397
person 0.928176 1245 264 1325 423
person 0.909647 1029 218 1059 300
person 0.908648 1573 231 1609 316
person 0.900717 1374 199 1421 306
person 0.879740 631 162 650 193
person 0.869229 1772 234 1824 322
person 0.803822 493 164 510 197
person 0.790460 1638 204 1672 302
person 0.786132 0 238 30 333
person 0.687708 560 163 574 189
person 0.604009 459 165 479 199
person 0.569268 1260 234 1295 329
person 0.458025 678 237 700 283
person 0.492418 177 137 1773 282
person 0.482384 974 214 1009 304
person 0.404765 939 149 951 174
person 0.402503 822 170 832 187
person 0.362084 980 216 1005 266
person 0.360323 445 180 467 207
person 0.317909 612 165 626 192
person 0.991851 743 264 785 385
person 0.980436 953 275 1006 400
person 0.967766 677 221 706 301
person 0.947001 1384 199 1428 308
person 0.923655 1028 218 1059 300
person 0.890243 1254 258 1333 424
person 0.845760 632 163 649 191
person 0.837307 1788 237 1838 317
person 0.830153 1572 224 1608 309
person 0.787539 1644 184 1685 299
person 0.771495 494 165 510 197
person 0.743422 0 239 30 333
person 0.716496 561 163 574 188
person 0.597314 458 165 478 200
person 0.580085 1264 234 1294 330
person 0.575621 977 213 1008 300
person 0.519010 183 139 1768 280
person 0.494826 612 165 625 191
person 0.396810 982 217 1004 268
person 0.384873 446 178 469 206
person 0.334182 938 148 950 174
person 0.287880 1295 241 1321 285
person 0.284425 821 171 831 187
