person 0.995239 406 464 462 588
person 0.994825 504 475 562 599
person 0.992671 1191 537 1267 717
person 0.989469 1193 396 1231 505
person 0.988207 600 387 637 473
person 0.979964 0 441 49 541
person 0.979061 1436 475 1530 647
person 0.977403 810 414 855 507
person 0.965493 958 508 1022 646
person 0.951290 1374 368 1408 457
person 0.929536 1312 394 1351 491
person 0.732998 1751 347 1783 431
person 0.722546 375 353 390 376
person 0.635024 1274 356 1296 414
person 0.615408 602 327 615 359
person 0.611923 298 357 318 384
person 0.594449 1894 425 1919 597
person 0.549030 1186 336 1210 395
person 0.544680 194 303 1734 455
person 0.469650 1484 365 1508 388
person 0.422597 1818 316 1843 360
person 0.398570 1226 338 1247 387
person 0.379098 1748 313 1771 366
person 0.352030 1766 341 1801 433
person 0.284417 416 349 428 366
person 0.275248 272 351 288 378
person 0.258289 410 330 424 362
person 0.996393 402 463 461 590
person 0.995400 499 474 555 599
person 0.993826 1187 536 1266 718
person 0.989212 957 504 1015 652
person 0.988457 1423 475 1518 655
person 0.987272 599 387 634 472
person 0.985822 1194 397 1230 503
person 0.969092 808 413 855 507
person 0.962117 1313 397 1351 491
person 0.957135 0 445 42 543
person 0.947031 1374 379 1413 456
person 0.819424 1893 421 1918 635
person 0.767785 1750 349 1783 430
person 0.701724 374 351 390 376
person 0.685513 1274 357 1296 413
person 0.625538 602 328 615 358
person 0.612984 298 357 318 385
person 0.580855 201 303 1730 458
person 0.567175 1186 336 1211 396
person 0.513942 1765 341 1801 432
person 0.466643 1484 365 1508 387
person 0.427425 1818 316 1844 360
person 0.380629 1226 338 1247 388
person 0.365209 1748 314 1772 366
