person 0.998296 397 462 460 592
person 0.995980 955 499 1011 656
person 0.994739 1185 537 1264 717
person 0.993990 496 474 551 599
person 0.985995 1417 478 1507 660
person 0.985809 1194 400 1229 500
person 0.983708 806 412 851 509
person 0.981385 598 386 630 471
person 0.957734 1312 396 1352 493
person 0.956886 1371 367 1405 457
person 0.941958 1888 429 1919 624
person 0.934645 0 444 42 544
person 0.733622 1273 358 1297 415
person 0.714809 1750 348 1783 430
person 0.649165 374 349 390 375
person 0.636615 602 326 616 359
person 0.581061 297 356 318 385
person 0.532317 182 303 1743 458
person 0.470426 1186 336 1212 395
person 0.468505 1818 316 1843 361
person 0.426080 1483 365 1508 388
person 0.357579 1747 315 1771 366
person 0.349036 1226 337 1248 387
person 0.290619 1779 320 1803 367
person 0.287656 410 330 424 363
person 0.998607 393 465 458 593
person 0.996432 954 489 1005 666
person 0.995831 1174 535 1262 719
person 0.993213 492 473 550 601
person 0.986635 1412 481 1490 664
person 0.984733 1195 399 1229 501
person 0.978990 805 413 850 509
person 0.978425 594 386 626 472
person 0.974116 1312 397 1352 495
person 0.948428 0 453 40 550
person 0.932590 1886 437 1919 620
person 0.923889 1369 365 1401 457
person 0.715182 1749 349 1783 429
person 0.710013 1275 359 1297 415
person 0.647626 373 350 388 376
person 0.588290 296 356 317 385
person 0.582996 603 327 616 359
person 0.524100 202 301 1727 457
person 0.520707 1817 316 1842 361
person 0.514475 1483 365 1509 389
person 0.418207 1748 313 1771 366
person 0.352552 1186 334 1212 395
person 0.296355 1779 336 1805 388
person 0.282539 1765 340 1801 429
person 0.272502 414 349 426 367
person 0.268155 1226 336 1248 386
person 0.253382 1781 320 1805 367
