person 0.998336 392 465 451 593
person 0.997054 950 486 999 668
person 0.996862 1172 537 1262 719
person 0.992653 1402 484 1475 666
person 0.984225 803 412 847 509
person 0.983352 1194 398 1229 500
person 0.977213 491 473 549 601
person 0.973713 1366 368 1400 454
person 0.970486 593 387 623 472
person 0.969806 1311 401 1354 496
person 0.963329 0 455 40 549
person 0.929450 1883 437 1919 626
person 0.831040 1747 350 1785 429
person 0.725930 1275 358 1298 417
person 0.630838 602 326 617 359
person 0.582741 1760 343 1801 431
person 0.558392 1483 366 1509 389
person 0.557614 371 349 386 375
person 0.539611 296 356 317 385
person 0.479256 1816 318 1842 360
person 0.471571 225 300 1701 459
person 0.389590 1186 334 1211 395
person 0.383013 1747 314 1772 364
person 0.300312 1779 321 1804 363
person 0.281000 1226 336 1248 387
person 0.265009 413 348 427 367
person 0.254839 410 330 425 364
person 0.998009 391 466 447 595
person 0.997489 1166 537 1260 720
person 0.995919 947 491 997 664
person 0.990886 1391 482 1461 666
person 0.988702 478 472 540 603
person 0.986633 802 411 846 508
person 0.980330 1194 396 1230 504
person 0.979513 1310 402 1356 495
person 0.976690 591 384 621 470
person 0.959970 0 457 40 547
person 0.954366 1365 366 1398 455
person 0.911451 1882 434 1919 632
person 0.851299 1747 346 1785 431
person 0.718575 602 325 618 359
person 0.687582 1275 358 1298 416
person 0.632837 1760 340 1799 432
person 0.611942 1815 316 1841 361
person 0.576937 297 356 318 385
person 0.571637 371 347 387 375
person 0.567158 1484 366 1509 388
person 0.531381 234 299 1691 458
person 0.417056 1186 335 1211 393
person 0.412376 1747 313 1771 363
person 0.314815 1226 337 1248 386
person 0.299023 412 347 427 367
person 0.271857 1779 320 1803 362
person 0.251311 1263 324 1281 361
