person 0.998101 1160 535 1257 723
person 0.997593 387 466 441 594
person 0.994052 475 481 540 605
person 0.992938 1385 485 1456 665
person 0.991367 945 492 993 665
person 0.984117 802 411 843 509
person 0.975694 1310 402 1354 496
person 0.971664 587 388 621 470
person 0.967375 1194 400 1230 503
person 0.965822 0 458 41 547
person 0.937644 1877 446 1919 623
person 0.874553 1363 365 1393 458
person 0.829664 1747 345 1787 432
person 0.769094 602 326 618 359
person 0.642038 1275 358 1298 415
person 0.606459 296 356 318 385
person 0.556625 1815 317 1840 361
person 0.539120 1483 366 1509 389
person 0.517133 369 346 386 375
person 0.469756 218 299 1703 456
person 0.412326 1186 335 1210 393
person 0.359361 1747 313 1771 364
person 0.357273 410 330 425 364
person 0.333481 1778 320 1801 363
person 0.315554 1226 336 1248 387
person 0.997335 1154 536 1256 724
person 0.996982 385 465 437 597
person 0.990379 801 411 841 509
person 0.987800 1378 483 1454 666
person 0.986905 941 511 992 658
person 0.983151 470 483 541 603
person 0.972983 1195 399 1231 505
person 0.967144 1310 401 1353 494
person 0.944260 0 459 40 547
person 0.943470 584 388 620 473
person 0.925341 1746 350 1786 429
person 0.918350 1360 367 1392 454
person 0.898974 1875 451 1919 616
person 0.776911 602 326 619 360
person 0.592235 1482 365 1510 389
person 0.573206 1815 318 1840 360
person 0.560987 1275 357 1297 414
person 0.559054 295 356 317 385
person 0.485082 369 346 385 375
person 0.467626 192 298 1729 452
person 0.445604 1187 334 1210 392
person 0.394942 1226 334 1249 387
person 0.386275 1778 320 1801 363
person 0.379263 410 330 425 365
person 0.325087 1750 312 1774 362
person 0.291769 414 346 427 367
person 0.284696 644 327 656 351
person 0.273662 1264 324 1281 362
