person 0.997860 1157 534 1250 724
person 0.996368 381 466 439 597
person 0.992008 938 512 990 660
person 0.989975 463 482 540 607
person 0.984180 801 410 839 509
person 0.975443 1296 396 1351 495
person 0.971203 1369 484 1450 666
person 0.964602 1195 399 1231 504
person 0.948868 583 388 619 476
person 0.925041 1359 365 1390 459
person 0.891756 1871 459 1919 605
person 0.887105 1747 348 1786 430
person 0.820563 0 462 36 550
person 0.737026 603 327 618 359
person 0.582551 1274 358 1296 413
person 0.566452 1816 318 1841 360
person 0.548629 1482 365 1510 389
person 0.549227 296 356 318 385
person 0.478592 370 346 385 373
person 0.471591 1187 334 1211 393
person 0.453453 213 297 1707 455
person 0.425059 1226 333 1249 388
person 0.415239 410 330 426 365
person 0.353061 1780 321 1802 362
person 0.282965 646 328 656 350
person 0.257138 272 350 290 378
person 0.998193 1152 532 1249 724
person 0.993373 934 509 990 663
person 0.990372 374 467 431 593
person 0.985989 801 412 836 508
person 0.985602 458 480 533 608
person 0.984974 1349 485 1447 669
person 0.980374 1297 399 1349 495
person 0.939858 1195 401 1230 502
person 0.920310 1357 367 1390 458
person 0.919222 1870 457 1919 609
person 0.907543 580 388 614 474
person 0.903623 1747 344 1786 434
person 0.764336 603 328 618 360
person 0.722050 0 464 32 553
person 0.558529 1482 365 1510 389
person 0.558368 1816 317 1841 360
person 0.476180 1 481 23 535
person 0.535220 1187 333 1212 395
person 0.489184 1273 358 1296 412
person 0.481410 211 298 1718 454
person 0.466773 1226 330 1250 390
person 0.441816 297 356 318 384
person 0.412300 371 348 385 372
person 0.360760 414 346 427 368
person 0.348574 1779 322 1802 363
person 0.341612 644 329 655 351
person 0.274219 270 350 287 378
