person 0.997829 1151 531 1249 725
person 0.995225 371 466 430 593
person 0.994804 1336 487 1440 669
person 0.991106 928 508 984 664
person 0.983484 1297 398 1348 496
person 0.982090 800 413 836 508
person 0.965807 453 485 528 605
person 0.934046 1357 374 1389 461
person 0.929996 1194 401 1230 503
person 0.922039 576 389 615 475
person 0.906525 1867 462 1919 602
person 0.861149 1748 344 1785 436
person 0.801547 602 327 618 360
person 0.605901 0 482 23 539
person 0.589956 1483 366 1510 390
person 0.571608 1187 335 1212 394
person 0.529194 1816 318 1841 360
person 0.517700 1272 358 1295 412
person 0.512159 1226 331 1250 392
person 0.460785 360 298 1857 452
person 0.455519 297 356 318 384
person 0.447651 372 348 386 372
person 0.433731 0 469 30 556
person 0.392686 1778 323 1800 364
person 0.338122 643 327 655 350
person 0.327514 412 345 426 370
person 0.260301 269 350 286 378
person 0.998495 1148 530 1241 725
person 0.996706 1329 482 1433 672
person 0.994932 367 466 428 594
person 0.993237 921 512 985 666
person 0.987148 1294 401 1349 498
person 0.986831 799 413 835 509
person 0.984621 443 482 505 605
person 0.950182 1355 374 1391 461
person 0.948960 1194 399 1231 504
person 0.921926 577 388 613 474
person 0.915003 1749 348 1784 433
person 0.865626 1851 459 1918 635
person 0.817825 603 327 618 361
person 0.610872 1273 357 1297 413
person 0.555479 296 355 318 385
person 0.552011 1482 365 1510 390
person 0.472500 1 487 23 538
person 0.528335 1815 318 1841 359
person 0.515158 1186 334 1211 394
person 0.510616 372 347 387 373
person 0.440161 1226 333 1250 391
person 0.412796 541 297 1919 458
person 0.362316 1774 323 1797 363
person 0.328911 644 329 655 353
person 0.328270 269 350 287 378
person 0.325104 413 344 426 369
person 0.311721 0 480 31 568
person 0.263261 1753 313 1777 365
