person 0.998600 363 465 428 599
person 0.997776 441 484 506 607
person 0.996051 1144 528 1235 727
person 0.992538 1323 478 1414 675
person 0.987824 910 519 990 676
person 0.978201 796 414 835 508
person 0.976824 1294 402 1349 499
person 0.963360 1354 375 1390 461
person 0.955683 1195 398 1231 500
person 0.905298 1848 460 1918 634
person 0.899491 1749 346 1785 433
person 0.878726 575 390 614 472
person 0.847433 603 327 619 359
person 0.680691 1272 358 1296 412
person 0.586761 1186 334 1211 395
person 0.540924 1482 365 1510 389
person 0.525382 1818 318 1843 359
person 0.509102 371 347 385 372
person 0.458178 217 301 1711 454
person 0.450744 1227 334 1250 389
person 0.418494 296 356 317 383
person 0.371980 644 329 655 351
person 0.337740 410 329 425 365
person 0.312938 1774 321 1797 362
person 0.271289 1 500 20 551
person 0.292517 270 349 288 378
person 0.996306 361 463 422 603
person 0.995322 1311 491 1397 682
person 0.994549 440 489 501 603
person 0.989191 904 523 989 675
person 0.985934 1131 523 1218 715
person 0.973197 1349 377 1392 461
person 0.970673 793 414 837 508
person 0.958248 1195 399 1231 498
person 0.942183 1291 402 1347 500
person 0.930098 1837 451 1915 620
person 0.906842 1749 347 1784 433
person 0.847406 604 328 619 359
person 0.777817 571 391 603 473
person 0.674810 1271 357 1297 411
person 0.628816 1186 335 1211 394
person 0.615642 370 346 385 372
person 0.576672 1481 365 1512 389
person 0.556297 1817 318 1841 359
person 0.534964 1226 334 1250 390
person 0.498559 295 355 317 384
person 0.464734 414 346 427 369
person 0.453281 218 300 1711 453
person 0.370762 271 349 288 378
person 0.306684 1774 321 1798 361
person 0.251052 298 362 322 390
