person 0.995961 1307 496 1380 682
person 0.992978 358 465 417 605
person 0.992811 900 522 990 677
person 0.991960 1124 525 1212 713
person 0.989961 432 488 491 601
person 0.967378 1839 458 1918 634
person 0.966615 1289 403 1344 501
person 0.955241 793 415 837 507
person 0.952227 1348 377 1391 459
person 0.940917 1195 398 1231 503
person 0.919706 569 391 604 474
person 0.828610 605 328 619 358
person 0.739359 1748 351 1783 429
person 0.696040 1271 356 1297 409
person 0.658470 370 345 385 371
person 0.636588 294 354 318 385
person 0.597997 1186 336 1212 394
person 0.590632 1818 318 1842 360
person 0.563888 1482 365 1511 389
person 0.491698 206 302 1721 451
person 0.484760 1226 336 1250 389
person 0.459240 414 345 428 369
person 0.411464 271 350 289 379
person 0.384795 1774 321 1797 362
person 0.380311 1753 315 1776 366
person 0.264450 784 325 798 345
person 0.994541 897 523 986 680
person 0.992658 1124 526 1210 711
person 0.987915 354 466 417 606
person 0.986071 427 482 488 604
person 0.985760 1305 494 1363 686
person 0.981192 786 413 827 510
person 0.973373 1287 400 1340 504
person 0.969756 1837 459 1918 635
person 0.939920 570 391 602 474
person 0.936470 1195 399 1230 504
person 0.837284 1348 381 1390 458
person 0.816950 604 327 618 357
person 0.748178 1746 357 1781 436
person 0.731550 370 344 385 372
person 0.659347 294 354 317 385
person 0.606314 1271 357 1296 407
person 0.604035 1186 334 1211 396
person 0.600698 1818 318 1842 360
person 0.514459 1482 365 1510 389
person 0.483692 414 346 428 369
person 0.477645 234 299 1698 455
person 0.469422 1226 336 1249 391
person 0.405974 270 349 288 379
person 0.395591 1776 321 1798 361
person 0.378131 1752 316 1774 365
person 0.279435 784 325 797 345
