person 0.993359 893 524 986 679
person 0.990369 1120 539 1208 716
person 0.986386 786 415 826 509
person 0.983242 418 471 481 604
person 0.982977 1285 401 1338 503
person 0.975468 349 466 412 605
person 0.971484 1836 458 1917 635
person 0.951851 1195 399 1230 505
person 0.943749 1344 378 1380 459
person 0.935613 567 390 601 475
person 0.924663 1286 492 1356 687
person 0.831763 1747 352 1782 429
person 0.813189 603 327 618 358
person 0.756148 369 345 384 373
person 0.689841 1185 335 1210 394
person 0.645627 293 355 317 385
person 0.575435 1227 337 1249 392
person 0.536615 1271 357 1295 406
person 0.536224 222 299 1709 452
person 0.528136 1481 365 1511 389
person 0.466984 1817 320 1841 359
person 0.428779 414 347 428 368
person 0.417584 271 349 290 379
person 0.375692 1777 321 1799 361
person 0.353121 782 324 796 346
person 0.346201 644 330 655 350
person 0.292752 1753 316 1776 364
person 0.285223 1265 339 1288 393
person 0.257324 1713 293 1727 317
person 0.995694 1117 541 1211 717
person 0.994311 888 525 985 681
person 0.993241 1278 492 1348 688
person 0.985212 784 416 825 508
person 0.983905 1282 400 1340 504
person 0.979601 344 468 409 604
person 0.976590 1831 460 1916 635
person 0.965665 1194 399 1230 505
person 0.951576 566 390 597 474
person 0.950435 1344 378 1378 461
person 0.948635 416 480 479 606
person 0.847482 1746 353 1782 429
person 0.729018 603 326 617 358
person 0.670136 370 347 385 374
person 0.668069 1184 335 1209 397
person 0.570835 1226 336 1248 392
person 0.526574 1482 365 1510 389
person 0.512019 295 356 319 385
person 0.469292 246 299 1682 452
person 0.376517 1270 356 1295 408
person 0.324358 413 346 427 367
person 0.315814 1816 321 1841 359
person 0.307004 1779 323 1801 360
person 0.283147 784 317 798 342
person 0.265820 272 351 289 379
