person 0.995604 1113 546 1216 717
person 0.992150 1267 493 1342 684
person 0.991939 884 525 984 679
person 0.980070 1281 402 1337 503
person 0.978931 782 416 824 509
person 0.975545 1832 464 1913 635
person 0.965786 345 471 404 602
person 0.964598 1343 377 1376 462
person 0.954724 1195 400 1229 504
person 0.952064 407 476 466 609
person 0.947963 563 390 594 474
person 0.942133 1744 352 1781 431
person 0.724129 602 324 617 358
person 0.686823 1185 336 1210 396
person 0.663830 370 348 386 374
person 0.575742 355 479 444 614
person 0.556336 1227 337 1248 391
person 0.550126 295 356 318 385
person 0.534213 1482 365 1510 390
person 0.528889 220 298 1704 452
person 0.509943 1271 356 1297 407
person 0.368893 412 347 427 368
person 0.346797 1816 321 1841 359
person 0.319501 1779 322 1801 360
person 0.299708 784 319 798 340
person 0.281893 273 351 291 379
person 0.260457 681 327 693 348
person 0.995631 1256 494 1335 690
person 0.993593 1117 547 1213 717
person 0.993080 878 525 967 680
person 0.991217 401 481 465 609
person 0.980620 1280 405 1335 496
person 0.972895 781 415 819 511
person 0.970459 1827 463 1908 636
person 0.957227 1195 400 1229 503
person 0.949695 342 468 389 606
person 0.944765 1742 351 1780 432
person 0.943315 1339 377 1372 461
person 0.881126 563 388 592 476
person 0.694031 1184 339 1210 394
person 0.684342 369 347 386 376
person 0.657088 603 326 618 358
person 0.639554 295 355 319 385
person 0.586289 1227 339 1249 391
person 0.527321 1270 357 1295 408
person 0.515580 235 299 1698 452
person 0.455969 1482 365 1510 389
person 0.341677 1780 322 1801 360
person 0.274227 1907 372 1918 437
person 0.281239 1816 320 1842 358
person 0.266570 272 351 290 379
person 0.266793 780 317 796 342
person 0.253064 1752 316 1776 360
person 0.251966 1900 348 1919 465
