person 0.993692 747 265 788 385
person 0.986366 951 271 1005 399
person 0.960743 677 221 706 301
person 0.932778 1030 217 1061 299
person 0.930826 1386 204 1429 307
person 0.903477 1265 268 1344 424
person 0.875745 1795 238 1846 311
person 0.869403 633 163 650 191
person 0.859083 1644 184 1685 298
person 0.838530 1571 231 1608 314
person 0.819948 1266 235 1296 330
person 0.750881 0 247 32 342
person 0.749417 495 166 510 196
person 0.748670 559 163 573 188
person 0.632845 611 166 625 192
person 0.564794 180 139 1773 282
person 0.555918 458 166 478 199
person 0.504219 977 212 1007 303
person 0.472373 446 178 470 206
person 0.380148 982 217 1003 268
person 0.318547 1297 240 1323 287
person 0.287724 1283 239 1323 320
person 0.992847 747 267 790 385
person 0.981100 952 274 1006 399
person 0.971299 676 220 706 301
person 0.964156 1387 199 1429 308
person 0.930967 1030 218 1063 300
person 0.889588 1802 238 1858 313
person 0.845011 1565 227 1601 307
person 0.833081 633 163 649 190
person 0.800070 1645 192 1684 295
person 0.784805 558 163 572 189
person 0.777102 0 240 30 333
person 0.761738 1269 234 1298 331
person 0.748550 495 166 511 196
person 0.732026 1282 292 1346 421
person 0.636830 612 165 625 192
person 0.510002 981 217 1004 268
person 0.512028 458 167 478 198
person 0.506358 186 138 1760 285
person 0.447592 446 179 470 206
person 0.449084 976 213 1008 301
person 0.420598 1290 240 1323 322
person 0.255320 825 170 835 186
