person 0.995037 1247 498 1325 687
person 0.994346 876 524 954 679
person 0.990400 1117 549 1216 718
person 0.988138 397 488 458 607
person 0.973369 337 470 387 602
person 0.969154 778 415 816 511
person 0.965611 1820 464 1901 636
person 0.961678 1279 404 1332 502
person 0.959508 560 389 590 473
person 0.951519 1195 400 1229 503
person 0.951057 1739 355 1780 438
person 0.916606 1336 379 1370 463
person 0.665916 1185 339 1212 395
person 0.649233 369 348 384 375
person 0.633472 603 326 617 357
person 0.589763 296 355 319 385
person 0.551624 1227 340 1249 391
person 0.515859 243 302 1690 454
person 0.490459 1272 357 1297 406
person 0.462627 1481 365 1510 389
person 0.398324 1900 347 1919 466
person 0.325615 1778 320 1801 360
person 0.299432 1267 341 1290 392
person 0.293850 272 350 289 379
person 0.289273 1750 315 1776 361
person 0.285007 1816 319 1842 359
person 0.259532 414 348 429 368
person 0.994895 394 488 453 611
person 0.993980 1234 504 1310 697
person 0.984601 1120 554 1219 719
person 0.984047 870 521 938 683
person 0.982367 334 466 384 605
person 0.981938 776 414 814 513
person 0.977002 1274 411 1333 509
person 0.961275 1737 347 1779 436
person 0.929113 558 389 587 473
person 0.924084 1195 406 1230 515
person 0.914665 1819 463 1896 639
person 0.895933 1333 377 1366 461
person 0.656598 369 348 385 375
person 0.648463 1185 339 1212 395
person 0.644358 603 326 616 357
person 0.555977 253 300 1677 456
person 0.541737 1227 339 1249 391
person 0.515093 296 356 318 385
person 0.467419 1272 356 1296 406
person 0.454599 1900 346 1919 465
person 0.433028 1482 365 1509 389
person 0.346891 1777 319 1800 360
person 0.289729 1815 319 1841 359
person 0.283590 1751 316 1776 358
person 0.280840 1266 340 1289 392
person 0.255888 271 351 288 379
