person 0.996250 386 488 445 615
person 0.990175 1230 507 1300 699
person 0.984390 875 507 925 685
person 0.981607 331 471 382 598
person 0.980158 774 414 810 512
person 0.975590 1273 411 1325 508
person 0.975422 1125 555 1211 721
person 0.963647 1736 348 1779 435
person 0.955427 1195 401 1230 504
person 0.932946 552 391 585 474
person 0.927907 1328 381 1364 462
person 0.818725 1801 462 1883 639
person 0.757017 366 346 384 376
person 0.645799 1186 340 1214 394
person 0.639462 602 326 616 356
person 0.560228 1227 340 1251 391
person 0.547140 233 301 1689 453
person 0.540927 294 355 318 385
person 0.510514 1272 357 1297 405
person 0.444405 1483 365 1509 389
person 0.369098 1779 322 1802 360
person 0.354495 272 349 291 379
person 0.354550 1815 318 1842 360
person 0.335400 1747 317 1773 359
person 0.294005 1266 341 1289 391
person 0.282786 1900 345 1919 466
person 0.267503 644 332 655 352
person 0.264889 780 316 795 342
person 0.996005 380 486 443 618
person 0.983486 869 501 918 691
person 0.982652 328 470 378 598
person 0.981018 770 415 809 512
person 0.975552 1226 515 1296 697
person 0.974327 1127 557 1207 715
person 0.971970 1270 412 1322 511
person 0.969628 1736 350 1777 434
person 0.963686 1324 377 1364 463
person 0.958072 1798 458 1878 638
person 0.956786 550 391 585 472
person 0.953933 1196 401 1230 503
person 0.788478 366 345 384 376
person 0.719330 603 325 617 356
person 0.660261 1187 340 1215 394
person 0.560529 223 298 1699 453
person 0.559314 1227 340 1250 392
person 0.529526 294 354 318 385
person 0.523291 1272 357 1296 404
person 0.405168 1777 321 1800 361
person 0.371916 272 349 292 379
person 0.370910 1747 317 1772 359
person 0.364851 1484 365 1509 388
person 0.339919 779 315 795 344
person 0.324880 1266 341 1290 392
person 0.299693 643 329 655 352
person 0.285429 1814 318 1841 359
person 0.254406 1898 345 1919 466
