person 0.989746 865 503 917 688
person 0.989447 379 486 437 613
person 0.983917 768 415 808 512
person 0.982637 1130 555 1211 719
person 0.982538 326 468 377 603
person 0.974929 1257 412 1312 510
person 0.972952 1791 460 1875 637
person 0.968012 1738 348 1776 434
person 0.965785 1195 401 1231 503
person 0.960119 1322 380 1363 463
person 0.945653 1212 517 1287 703
person 0.818014 550 391 583 473
person 0.759502 366 345 384 376
person 0.677403 1186 339 1215 396
person 0.625318 605 327 618 356
person 0.581479 1226 339 1250 393
person 0.557226 296 354 318 385
person 0.556728 225 298 1704 454
person 0.418492 1272 358 1296 405
person 0.384436 270 349 288 379
person 0.382366 1777 321 1799 360
person 0.377860 1484 366 1509 388
person 0.376326 642 330 654 352
person 0.325261 779 314 796 344
person 0.296552 1265 340 1288 392
person 0.291220 1748 320 1769 357
person 0.282517 680 328 692 347
person 0.995797 370 489 432 611
person 0.990198 1784 460 1873 640
person 0.988679 767 416 805 513
person 0.984643 1129 553 1212 721
person 0.982942 864 504 913 686
person 0.982933 1207 520 1283 706
person 0.981427 320 473 373 598
person 0.974821 1737 347 1776 433
person 0.961798 1195 400 1230 504
person 0.959307 1318 382 1363 463
person 0.959404 1253 407 1310 513
person 0.834297 546 398 586 483
person 0.829093 366 344 384 377
person 0.661999 607 329 620 357
person 0.650426 1188 338 1215 396
person 0.561829 296 354 318 385
person 0.529370 224 300 1702 456
person 0.508790 1226 338 1250 393
person 0.425932 1484 366 1509 388
person 0.426535 1777 321 1800 361
person 0.422225 643 331 655 354
person 0.401308 271 349 290 379
person 0.358366 1271 358 1295 402
person 0.320462 779 313 795 345
person 0.311976 1748 318 1771 358
person 0.295859 1815 319 1842 359
person 0.287918 1168 542 1265 716
person 0.276169 680 328 692 348
person 0.270957 1265 340 1288 393
