person 0.992981 1771 458 1877 641
person 0.991362 766 415 804 514
person 0.987241 1127 549 1216 721
person 0.986281 857 509 903 683
person 0.985978 1250 407 1308 515
person 0.985703 363 486 430 618
person 0.976181 1205 521 1277 710
person 0.967158 1314 382 1360 462
person 0.967265 1735 346 1774 435
person 0.954787 320 476 376 608
person 0.953295 1196 399 1230 506
person 0.860210 367 346 384 375
person 0.777819 543 399 582 482
person 0.732166 608 330 621 358
person 0.640256 1188 338 1215 397
person 0.604540 296 354 319 384
person 0.540572 229 299 1703 455
person 0.491354 1225 338 1249 393
person 0.291799 557 426 578 462
person 0.470825 1776 319 1800 361
person 0.460288 643 330 655 353
person 0.436843 1484 366 1509 388
person 0.414350 270 350 288 379
person 0.403033 1269 358 1293 403
person 0.383332 1815 317 1843 360
person 0.360621 1748 316 1772 359
person 0.343672 417 346 431 367
person 0.275349 679 328 691 348
person 0.268730 779 314 794 343
person 0.995483 1762 457 1877 640
person 0.986654 1247 405 1306 514
person 0.985420 1125 549 1220 725
person 0.984148 764 416 803 515
person 0.979085 317 476 372 609
person 0.976636 853 504 900 688
person 0.970050 1196 525 1270 707
person 0.968400 1735 346 1773 434
person 0.961338 1313 383 1361 464
person 0.956935 359 488 424 615
person 0.948041 542 397 581 483
person 0.921038 1195 397 1230 508
person 0.823304 369 347 384 374
person 0.730441 609 331 622 358
person 0.613103 1187 338 1216 396
person 0.594068 297 355 319 385
person 0.516373 211 298 1717 458
person 0.497515 416 346 430 367
person 0.484441 1775 318 1799 361
person 0.475094 1225 337 1249 393
person 0.406040 1269 358 1293 403
person 0.400107 1746 317 1771 360
person 0.378089 1484 366 1509 388
person 0.372144 641 331 653 353
person 0.365222 271 350 288 379
person 0.348958 1814 316 1842 359
