person 0.995714 1755 458 1878 643
person 0.989787 763 416 803 514
person 0.989059 1244 403 1299 516
person 0.977664 1128 547 1214 725
person 0.968063 849 507 895 687
person 0.963410 1734 347 1772 434
person 0.957187 1311 381 1358 464
person 0.956001 1189 527 1262 708
person 0.951703 315 478 369 613
person 0.948035 338 487 423 631
person 0.944919 1195 404 1232 518
person 0.914266 540 398 579 482
person 0.809606 368 347 384 374
person 0.670996 608 330 622 359
person 0.612417 1187 337 1215 397
person 0.554211 297 355 319 384
person 0.504987 210 297 1726 458
person 0.496660 1775 318 1800 361
person 0.453694 1225 336 1248 392
person 0.442508 270 349 288 379
person 0.440897 416 346 429 367
person 0.417825 1745 317 1770 360
person 0.388462 1268 357 1292 405
person 0.381981 1484 366 1509 388
person 0.338347 1815 316 1842 359
person 0.993410 1754 460 1871 646
person 0.989829 1240 406 1295 517
person 0.986359 1128 549 1216 729
person 0.985386 761 415 801 514
person 0.975445 840 510 892 701
person 0.957372 333 486 421 633
person 0.955756 1308 382 1359 464
person 0.952851 1192 528 1263 704
person 0.948046 1733 344 1772 439
person 0.938352 1194 403 1233 518
person 0.933564 539 397 579 481
person 0.885692 316 482 366 616
person 0.766618 369 347 385 374
person 0.695638 608 328 622 360
person 0.654558 1187 336 1215 397
person 0.556082 416 346 429 367
person 0.508015 296 355 318 385
person 0.503874 1774 317 1800 361
person 0.492024 1225 336 1248 392
person 0.472801 1745 315 1771 360
person 0.470973 253 298 1681 459
person 0.395206 1267 359 1291 406
person 0.392669 1210 410 1250 515
person 0.378881 272 350 289 379
person 0.365471 1484 366 1509 388
person 0.352452 1814 316 1843 359
person 0.322963 1888 363 1919 486
person 0.267657 640 330 652 352
