person 0.993209 1752 469 1869 647
person 0.987906 1129 546 1213 730
person 0.980810 760 419 801 513
person 0.978471 1238 410 1288 516
person 0.962464 828 526 899 685
person 0.942200 1731 343 1771 439
person 0.940073 330 490 422 633
person 0.908844 1195 405 1231 518
person 0.896636 1308 384 1356 464
person 0.875008 1189 529 1260 703
person 0.801499 369 347 384 374
person 0.768328 307 473 350 621
person 0.754941 540 397 577 482
person 0.640597 606 327 621 361
person 0.630051 1186 336 1215 397
person 0.560090 322 487 378 618
person 0.528939 1220 411 1262 516
person 0.516585 1225 335 1248 392
person 0.463833 1884 368 1919 479
person 0.473764 416 347 429 366
person 0.469699 297 356 318 384
person 0.451655 1775 318 1801 361
person 0.450338 230 297 1706 461
person 0.418336 1268 358 1291 406
person 0.395027 1745 317 1770 359
person 0.376078 1816 315 1843 360
person 0.336514 270 350 287 379
person 0.314442 1484 366 1507 387
person 0.255357 641 331 652 353
person 0.990863 1749 474 1851 649
person 0.990638 1127 548 1214 730
person 0.985786 760 416 800 514
person 0.984250 824 528 898 686
person 0.978112 1233 410 1284 518
person 0.937565 1185 531 1256 702
person 0.921118 1303 383 1343 461
person 0.919789 1195 407 1229 517
person 0.917681 332 492 415 635
person 0.917848 1731 352 1773 440
person 0.911480 536 397 577 481
person 0.905167 303 470 345 626
person 0.753649 368 346 384 374
person 0.718111 1882 374 1919 469
person 0.679898 1186 337 1214 396
person 0.614056 606 329 620 360
person 0.529224 1225 335 1248 392
person 0.464852 373 295 1847 455
person 0.453824 297 356 317 384
person 0.393510 1774 316 1800 360
person 0.381229 1268 358 1291 404
person 0.367780 1745 315 1770 361
person 0.354910 641 331 653 354
person 0.338450 418 347 430 365
person 0.335488 1484 365 1508 387
person 0.302839 272 352 288 378
person 0.302101 1814 314 1842 360
