person 0.992603 1746 476 1847 648
person 0.991911 1125 544 1216 726
person 0.988003 816 529 895 689
person 0.972049 757 420 802 513
person 0.963186 1301 379 1339 461
person 0.959941 1230 412 1271 521
person 0.952913 1194 409 1228 517
person 0.943550 1728 353 1772 439
person 0.936471 1185 532 1256 700
person 0.868782 535 391 565 474
person 0.861650 325 504 391 628
person 0.817725 303 470 344 627
person 0.737538 369 346 385 374
person 0.727149 1880 372 1918 473
person 0.721399 1185 337 1213 398
person 0.547233 606 329 619 360
person 0.530466 1226 336 1248 391
person 0.513297 297 356 318 384
person 0.498674 237 298 1704 453
person 0.453964 1268 357 1290 405
person 0.384535 416 347 429 366
person 0.380655 784 324 798 346
person 0.361292 1774 318 1798 359
person 0.355694 639 331 651 355
person 0.354870 1484 365 1508 387
person 0.341751 271 351 287 379
person 0.338145 1746 316 1769 360
person 0.992693 1744 476 1837 653
person 0.987908 816 531 891 691
person 0.982457 1123 547 1218 723
person 0.979268 1226 413 1269 521
person 0.967640 1301 382 1335 463
person 0.952462 757 419 800 514
person 0.950869 1176 534 1252 702
person 0.947301 1193 409 1228 517
person 0.938837 1727 351 1772 441
person 0.913481 323 508 391 625
person 0.906491 532 391 563 475
person 0.786453 1886 371 1918 522
person 0.741284 1184 338 1213 397
person 0.731947 302 470 342 628
person 0.665221 369 346 386 374
person 0.590517 604 329 616 359
person 0.551990 1226 337 1248 390
person 0.517678 235 299 1710 450
person 0.496702 296 355 317 385
person 0.482184 1269 360 1290 405
person 0.414913 1304 401 1328 452
person 0.383285 1265 341 1287 391
person 0.379264 641 331 652 354
person 0.370482 1485 366 1507 386
person 0.346193 1774 317 1798 359
person 0.294118 1746 315 1770 360
person 0.260858 1266 324 1283 359
