person 0.995083 1744 474 1827 656
person 0.989759 807 532 884 692
person 0.988829 1216 410 1265 521
person 0.973738 1124 552 1217 722
person 0.961298 750 418 791 513
person 0.959214 1173 535 1251 700
person 0.940150 532 391 563 475
person 0.934475 1299 381 1334 462
person 0.933187 1725 351 1771 441
person 0.912020 317 497 381 637
person 0.899568 1195 409 1227 516
person 0.804541 1886 360 1917 531
person 0.685102 1185 338 1213 396
person 0.646635 603 328 616 358
person 0.623225 299 476 338 623
person 0.607900 369 346 386 373
person 0.507417 1227 337 1248 389
person 0.503798 297 356 318 385
person 0.490148 1269 359 1290 405
person 0.478083 244 298 1703 449
person 0.421131 1879 365 1915 454
person 0.400773 640 330 652 354
person 0.356648 1485 366 1507 386
person 0.347383 1264 340 1286 390
person 0.343335 1775 316 1799 359
person 0.282923 1266 324 1283 359
person 0.994318 1201 408 1259 524
person 0.992966 1744 470 1815 655
person 0.985569 802 532 879 691
person 0.983059 748 418 790 514
person 0.972203 1155 538 1251 719
person 0.954909 528 390 559 475
person 0.930646 313 499 374 635
person 0.924123 1726 351 1771 441
person 0.907216 1297 379 1329 463
person 0.863132 1883 369 1918 522
person 0.702281 370 347 386 373
person 0.677380 1184 339 1213 396
person 0.652499 603 329 616 358
person 0.543600 297 356 318 384
person 0.522832 1301 401 1324 454
person 0.516840 1226 337 1249 390
person 0.503898 1269 360 1291 406
person 0.499527 227 297 1715 449
person 0.449830 640 330 653 355
person 0.402484 299 485 340 616
person 0.358050 1775 318 1798 358
person 0.355887 1485 365 1507 387
person 0.353926 269 351 286 379
person 0.327158 1264 341 1286 389
person 0.307152 1266 324 1283 359
person 0.258949 1128 560 1186 703
person 0.251578 1747 316 1770 359
