person 0.997021 1195 404 1257 528
person 0.992029 1742 468 1812 657
person 0.990606 800 533 876 690
person 0.979190 748 418 789 513
person 0.973536 1123 555 1217 725
person 0.970454 1161 539 1257 718
person 0.929225 1726 350 1770 442
person 0.899804 526 390 555 474
person 0.874611 294 493 348 616
person 0.866158 1884 364 1917 524
person 0.851214 1292 381 1326 463
person 0.789817 606 329 620 359
person 0.732995 1184 337 1213 398
person 0.642085 370 347 385 373
person 0.547313 211 296 1734 450
person 0.538076 644 330 656 355
person 0.516109 1226 337 1248 390
person 0.484442 298 356 319 384
person 0.432030 1267 358 1290 405
person 0.413864 1776 318 1799 359
person 0.345572 1485 366 1507 386
person 0.317752 1297 403 1321 452
person 0.331724 1264 340 1286 391
person 0.284798 1266 324 1283 360
person 0.276288 1815 319 1839 359
person 0.270373 270 352 286 379
person 0.267146 1749 314 1772 359
person 0.251693 1875 366 1912 453
person 0.996965 1195 404 1255 528
person 0.991936 792 534 871 690
person 0.987922 746 419 788 512
person 0.981451 1167 540 1261 717
person 0.980494 1739 465 1812 659
person 0.959187 1125 558 1210 728
person 0.944973 293 494 354 615
person 0.931111 1726 351 1769 441
person 0.877125 1882 365 1917 522
person 0.869699 1288 384 1327 461
person 0.808048 604 328 620 359
person 0.806329 523 389 553 475
person 0.706234 1185 338 1213 397
person 0.649035 370 347 387 373
person 0.524678 183 296 1761 446
person 0.500561 414 344 429 369
person 0.495045 1226 337 1249 390
person 0.493300 646 329 658 355
person 0.482257 297 356 318 384
person 0.389035 1776 317 1799 359
person 0.378169 1268 358 1290 404
person 0.334502 1485 366 1506 386
person 0.325356 1264 340 1286 390
person 0.305502 1752 312 1775 361
person 0.290083 1814 318 1838 359
person 0.287518 1266 324 1283 359
person 0.257196 271 352 287 378
