person 0.993126 1191 405 1252 525
person 0.991809 744 416 785 515
person 0.988550 791 532 866 690
person 0.984770 1732 464 1806 660
person 0.969510 1170 540 1262 720
person 0.955408 1127 562 1209 736
person 0.945433 1726 352 1770 440
person 0.934971 1281 384 1323 461
person 0.926952 290 485 346 625
person 0.914329 517 394 557 486
person 0.838968 1883 368 1917 520
person 0.783720 603 327 619 359
person 0.725788 370 347 387 374
person 0.668502 1186 336 1214 397
person 0.581088 413 344 429 369
person 0.511975 188 295 1748 448
person 0.507864 1227 336 1250 391
person 0.451899 1777 318 1799 359
person 0.443864 297 356 318 384
person 0.430492 643 330 656 356
person 0.364656 1814 317 1838 360
person 0.325078 1289 401 1316 450
person 0.338090 1264 338 1287 392
person 0.338009 1752 313 1774 361
person 0.334056 1485 366 1507 386
person 0.305437 1268 354 1291 404
person 0.279821 268 350 285 378
person 0.991214 742 415 782 515
person 0.990862 1732 465 1806 663
person 0.983925 791 529 861 690
person 0.983219 1184 408 1241 521
person 0.974734 1171 539 1262 721
person 0.960765 1277 386 1321 462
person 0.958269 289 494 345 641
person 0.944938 1726 351 1769 442
person 0.943900 517 394 554 486
person 0.942148 1125 565 1210 739
person 0.847474 1881 367 1916 520
person 0.797417 603 325 619 360
person 0.716993 369 346 386 373
person 0.656128 1184 336 1213 397
person 0.532463 1227 337 1251 392
person 0.492566 414 344 430 369
person 0.491359 202 295 1730 448
person 0.480477 1777 317 1799 360
person 0.454696 297 356 318 384
person 0.401957 267 348 286 379
person 0.400335 1814 316 1838 360
person 0.366105 1287 403 1317 448
person 0.368212 1265 339 1289 391
person 0.353657 1753 312 1776 361
person 0.337888 1484 365 1506 387
person 0.296193 938 318 952 340
