person 0.964880 1036 275 1080 400
person 0.953383 1592 209 1626 303
person 0.952052 784 276 823 403
person 0.941984 1434 217 1474 312
person 0.939714 1219 202 1249 286
person 0.925949 1120 233 1156 329
person 0.907064 490 164 508 197
person 0.898337 1779 259 1825 380
person 0.892766 631 281 680 392
person 0.873867 955 215 984 293
person 0.840482 1666 218 1704 311
person 0.817595 1293 202 1325 288
person 0.785504 671 231 694 282
person 0.612606 679 161 696 190
person 0.605188 1270 200 1303 283
person 0.578757 1419 191 1448 254
person 0.575724 439 184 461 208
person 0.536711 257 124 1690 310
person 0.469553 1033 240 1065 320
person 0.458619 560 161 573 187
person 0.403879 541 163 553 190
person 0.384474 599 163 611 188
person 0.309829 230 161 249 191
person 0.301518 791 237 813 286
person 0.292487 637 162 649 185
person 0.283701 1787 214 1817 269
person 0.263295 1083 209 1118 314
person 0.971636 1218 201 1250 287
person 0.965610 1036 237 1078 415
person 0.950615 1433 221 1474 311
person 0.936356 1594 208 1627 303
person 0.916906 490 163 510 198
person 0.913021 955 215 984 294
person 0.899867 787 273 825 407
person 0.876706 671 230 696 283
person 0.875097 632 282 682 391
person 0.869944 1288 200 1325 290
person 0.857167 1121 231 1157 329
person 0.796951 1665 216 1705 309
person 0.738752 1781 258 1826 377
person 0.568675 438 185 463 208
person 0.569319 261 125 1688 308
person 0.561548 1418 193 1444 251
person 0.552507 678 161 694 189
person 0.528755 540 163 555 191
person 0.528918 1270 201 1304 284
person 0.500702 1033 239 1066 319
person 0.496897 555 160 571 188
person 0.492622 1084 209 1120 312
person 0.475186 792 236 814 284
person 0.321399 230 164 248 192
person 0.295376 602 161 615 185
person 0.282356 1786 214 1816 269
