person 0.991878 748 268 793 386
person 0.975940 955 262 1009 394
person 0.964145 676 221 706 302
person 0.962096 1389 204 1430 306
person 0.874212 1035 216 1062 300
person 0.853211 1565 228 1600 307
person 0.844949 1646 192 1684 294
person 0.829275 1269 235 1299 329
person 0.815046 633 162 648 190
person 0.814900 557 162 572 189
person 0.792311 0 246 31 342
person 0.761246 495 166 510 195
person 0.729703 612 163 626 191
person 0.608914 677 235 698 284
person 0.582934 1814 237 1864 312
person 0.575063 1291 280 1349 407
person 0.534262 458 167 478 198
person 0.467917 189 136 1760 285
person 0.450824 975 213 1007 305
person 0.438140 1828 219 1882 306
person 0.421215 448 178 471 205
person 0.365094 1293 241 1327 321
person 0.328816 980 216 1002 268
person 0.316704 940 147 952 172
person 0.315947 823 171 833 187
person 0.988611 747 267 796 387
person 0.980041 950 272 1003 398
person 0.970897 1391 202 1430 307
person 0.946604 675 220 706 301
person 0.905397 1034 217 1063 300
person 0.892798 1308 290 1364 426
person 0.877574 1565 227 1600 307
person 0.876891 0 240 31 331
person 0.875076 1271 235 1300 325
person 0.875565 1648 196 1685 294
person 0.810800 557 162 573 189
person 0.810996 630 161 646 192
person 0.754841 495 167 511 196
person 0.751003 611 163 627 192
person 0.691234 676 235 698 284
person 0.685318 1836 222 1881 306
person 0.655684 1298 238 1327 326
person 0.548083 190 136 1758 282
person 0.521391 457 167 478 200
person 0.502618 975 214 1008 302
person 0.456147 447 177 473 205
person 0.366421 977 216 1001 268
person 0.280330 940 147 953 173
