person 0.995571 1179 408 1240 523
person 0.992176 1728 467 1802 662
person 0.989262 741 416 779 515
person 0.978777 1176 520 1264 715
person 0.976468 787 527 856 690
person 0.974784 1120 564 1205 741
person 0.969613 1726 353 1769 440
person 0.956462 282 492 340 641
person 0.955460 511 395 553 486
person 0.941980 1277 380 1320 463
person 0.886966 1883 365 1917 525
person 0.771108 602 326 618 359
person 0.764252 369 347 386 372
person 0.636670 1185 337 1214 397
person 0.531471 1227 336 1252 392
person 0.524964 297 355 319 383
person 0.502474 1753 310 1777 362
person 0.491015 1778 317 1800 360
person 0.481384 415 345 430 367
person 0.466185 193 296 1746 445
person 0.408198 268 348 286 378
person 0.372591 1814 318 1838 359
person 0.352541 1485 366 1507 387
person 0.280511 790 327 801 344
person 0.994052 1726 469 1799 668
person 0.992705 738 417 778 515
person 0.989930 1174 407 1237 525
person 0.986518 1114 568 1204 737
person 0.983597 1174 520 1265 715
person 0.970612 1274 388 1318 464
person 0.957741 1728 355 1767 439
person 0.955877 279 494 338 636
person 0.954764 511 395 552 487
person 0.948729 788 529 844 688
person 0.895970 1883 362 1918 527
person 0.789407 600 323 617 359
person 0.758363 369 349 386 374
person 0.647528 1185 337 1213 397
person 0.527327 1227 336 1252 392
person 0.524016 189 294 1753 447
person 0.499285 415 345 431 368
person 0.460612 297 355 319 383
person 0.451946 1752 312 1775 362
person 0.431948 1779 318 1801 359
person 0.379020 1815 318 1838 360
person 0.377320 268 350 286 378
person 0.338277 1710 334 1733 392
person 0.331678 1485 366 1508 387
person 0.306676 1265 339 1289 390
person 0.258751 790 326 802 344
