person 0.994412 1725 472 1798 668
person 0.987629 738 417 777 519
person 0.987444 1173 409 1232 528
person 0.984812 1107 569 1205 738
person 0.982227 1174 522 1263 714
person 0.977902 272 491 335 641
person 0.958780 509 396 549 486
person 0.953933 1729 356 1766 439
person 0.948765 1275 389 1317 465
person 0.942142 784 527 832 692
person 0.919271 1884 365 1918 528
person 0.759269 600 323 617 359
person 0.748975 368 347 385 374
person 0.723029 1185 337 1213 398
person 0.542655 1227 336 1252 393
person 0.533128 296 355 319 384
person 0.482616 190 295 1752 450
person 0.463381 417 344 433 368
person 0.446152 1779 317 1801 360
person 0.417375 1815 316 1839 361
person 0.409568 1709 336 1733 392
person 0.409566 1752 312 1775 361
person 0.348242 269 351 286 378
person 0.310084 1485 365 1508 387
person 0.305746 1266 339 1289 392
person 0.994796 1725 474 1795 671
person 0.992488 734 419 777 517
person 0.987907 1171 521 1263 716
person 0.980176 507 394 550 488
person 0.977224 270 496 331 646
person 0.974983 1101 567 1190 739
person 0.959805 1273 390 1317 465
person 0.958165 779 514 830 707
person 0.954640 1172 415 1225 531
person 0.953917 1728 355 1765 439
person 0.874387 1887 361 1918 532
person 0.771740 369 347 386 373
person 0.761233 600 324 617 357
person 0.757262 1183 336 1211 399
person 0.599463 1226 336 1251 393
person 0.560578 417 345 433 368
person 0.554390 297 356 319 385
person 0.511651 208 298 1736 450
person 0.419009 1265 339 1290 393
person 0.372851 1485 366 1508 388
person 0.370761 1779 317 1801 360
person 0.327863 1752 313 1774 361
person 0.313907 1708 338 1730 386
person 0.293092 1815 317 1840 361
person 0.265875 271 353 286 378
person 0.264183 1862 366 1895 454
