person 0.994886 1719 477 1793 669
person 0.992754 733 419 775 516
person 0.980522 1158 520 1260 716
person 0.977203 507 395 548 487
person 0.973767 775 514 828 710
person 0.966935 1727 355 1765 438
person 0.962679 1089 566 1196 742
person 0.962090 258 507 320 631
person 0.934694 1173 415 1224 528
person 0.871332 1887 363 1918 528
person 0.861146 1275 386 1316 467
person 0.775230 1182 335 1211 400
person 0.750734 600 325 616 358
person 0.741930 369 348 386 373
person 0.559505 1226 336 1251 392
person 0.500809 296 356 318 385
person 0.499328 188 297 1754 450
person 0.465022 1861 366 1895 453
person 0.434476 1751 313 1775 361
person 0.409541 416 346 432 367
person 0.392063 1484 365 1509 388
person 0.380316 1814 318 1840 362
person 0.355316 1155 415 1202 528
person 0.350785 1778 319 1802 360
person 0.316426 1264 340 1288 391
person 0.309864 790 328 801 344
person 0.297895 272 353 289 378
person 0.268163 833 317 843 334
person 0.267366 1707 337 1729 387
person 0.994594 254 505 321 637
person 0.993918 1717 477 1791 669
person 0.991754 732 421 775 515
person 0.985981 1154 520 1258 716
person 0.975464 506 394 544 487
person 0.974521 1078 583 1195 753
person 0.969950 1726 357 1766 438
person 0.967268 768 526 832 697
person 0.904071 1179 414 1223 520
person 0.900231 1887 373 1919 524
person 0.822809 1154 416 1200 524
person 0.795930 1182 335 1210 401
person 0.782477 1269 388 1304 465
person 0.713399 601 325 616 357
person 0.697534 371 348 387 371
person 0.624900 1226 336 1250 394
person 0.505279 1860 368 1895 453
person 0.482341 333 297 1890 447
person 0.479494 297 356 319 385
person 0.420626 1484 365 1509 388
person 0.421629 1204 411 1237 512
person 0.410063 1751 313 1775 362
person 0.408822 419 347 433 366
person 0.390014 1264 340 1288 392
person 0.356557 790 328 800 344
person 0.338027 832 317 842 335
person 0.303031 1815 318 1840 361
person 0.301917 1778 319 1801 360
person 0.265097 271 352 287 378
