person 0.995464 252 503 317 641
person 0.991613 1150 520 1261 716
person 0.991434 1715 477 1789 669
person 0.991272 1062 581 1190 760
person 0.991372 730 422 773 516
person 0.981182 763 529 818 701
person 0.972140 1151 414 1198 533
person 0.970223 505 394 543 487
person 0.949966 1728 356 1766 439
person 0.862396 1268 384 1303 467
person 0.860357 1191 412 1229 521
person 0.795983 1886 373 1918 525
person 0.792190 1182 336 1210 400
person 0.744485 600 325 617 358
person 0.732435 370 348 387 372
person 0.644309 1226 336 1250 394
person 0.601609 1858 369 1893 451
person 0.490107 1704 337 1728 392
person 0.471815 296 356 318 385
person 0.472451 340 297 1876 446
person 0.464386 1485 365 1508 389
person 0.418249 1751 312 1776 363
person 0.396684 418 346 434 366
person 0.354998 1264 340 1287 391
person 0.331704 1778 318 1801 360
person 0.317276 1814 318 1839 362
person 0.279130 788 327 799 344
person 0.266603 272 352 288 378
person 0.993098 1708 475 1784 670
person 0.992223 1149 521 1260 716
person 0.991731 249 500 314 649
person 0.991681 730 422 773 519
person 0.986319 1057 582 1178 763
person 0.983570 759 531 826 704
person 0.979813 1147 413 1195 534
person 0.950535 1728 356 1765 441
person 0.943245 504 394 542 484
person 0.908570 1195 410 1231 519
person 0.820228 1267 385 1302 467
person 0.808830 1182 335 1209 399
person 0.768931 1886 377 1919 522
person 0.724601 369 348 388 374
person 0.718223 1855 369 1892 451
person 0.638354 601 326 615 357
person 0.619976 1225 336 1250 393
person 0.502297 327 296 1891 445
person 0.485975 296 355 318 385
person 0.478210 1702 338 1726 393
person 0.464772 1485 366 1509 388
person 0.462751 1752 313 1775 362
person 0.427204 1264 338 1286 392
person 0.390120 418 346 434 367
person 0.313877 1268 403 1294 453
person 0.324914 1779 318 1801 360
person 0.273516 787 327 799 345
