person 0.994522 243 501 311 647
person 0.994293 1702 473 1779 671
person 0.992557 1040 575 1159 766
person 0.992347 1149 522 1260 715
person 0.989731 730 421 770 518
person 0.977367 1142 414 1192 534
person 0.951320 1727 357 1763 441
person 0.944884 749 546 818 707
person 0.937776 1196 409 1232 519
person 0.932287 502 396 542 485
person 0.817755 1886 383 1918 517
person 0.779923 1181 336 1209 400
person 0.745868 370 348 388 374
person 0.744895 1267 382 1299 465
person 0.693290 602 329 616 358
person 0.619684 1856 375 1891 468
person 0.550843 1226 337 1250 392
person 0.520743 325 297 1890 448
person 0.470983 1484 366 1509 389
person 0.465385 417 346 434 369
person 0.457441 298 355 319 385
person 0.443178 1702 358 1727 403
person 0.433282 1750 313 1773 361
person 0.341721 1264 338 1287 391
person 0.291811 1780 318 1802 360
person 0.288999 787 326 799 345
person 0.285824 270 350 286 378
person 0.996984 1694 473 1776 674
person 0.995247 1144 521 1264 717
person 0.992331 1031 578 1153 764
person 0.989567 729 420 769 518
person 0.984184 234 500 303 647
person 0.984310 738 549 814 707
person 0.977122 1138 416 1189 531
person 0.972459 1194 410 1232 518
person 0.948630 1727 358 1763 441
person 0.929537 496 396 529 486
person 0.864128 1884 386 1919 516
person 0.840001 1181 334 1209 402
person 0.800676 1268 351 1299 454
person 0.695073 604 330 618 358
person 0.690856 1853 372 1893 474
person 0.682874 370 348 386 371
person 0.602917 1698 339 1723 396
person 0.574347 297 355 319 385
person 0.552790 1484 366 1509 389
person 0.532406 193 293 1756 448
person 0.530407 1226 336 1250 393
person 0.529256 1750 312 1775 363
person 0.481688 418 347 434 368
person 0.370753 787 325 799 346
person 0.337958 1266 397 1291 453
person 0.309456 270 351 287 378
person 0.309702 1780 318 1802 360
person 0.256216 642 331 653 353
person 0.255354 1263 339 1286 390
person 0.250934 831 318 841 336
