person 0.997201 1688 476 1775 671
person 0.994871 1139 524 1267 713
person 0.993414 723 552 809 706
person 0.992539 1025 579 1151 763
person 0.991013 729 420 766 519
person 0.977069 1195 413 1231 518
person 0.973149 1136 417 1183 531
person 0.953346 230 491 301 655
person 0.945874 1727 359 1763 438
person 0.928758 497 395 527 487
person 0.837661 1261 376 1294 468
person 0.809945 1882 385 1919 517
person 0.802785 1180 334 1207 402
person 0.723964 369 347 387 372
person 0.723140 1853 375 1891 472
person 0.705921 603 331 617 359
person 0.668055 1696 340 1722 397
person 0.554725 1750 311 1776 364
person 0.530485 211 293 1743 451
person 0.507853 298 354 319 385
person 0.485652 1484 365 1510 389
person 0.474104 1226 336 1249 390
person 0.424434 1266 341 1299 436
person 0.401949 418 347 435 367
person 0.316436 269 349 286 378
person 0.314855 1780 318 1803 361
person 0.262386 642 333 653 354
person 0.997360 1679 474 1774 677
person 0.997139 1130 522 1267 714
person 0.995339 713 554 806 706
person 0.992965 1022 579 1149 762
person 0.989623 728 420 763 520
person 0.988811 222 488 298 660
person 0.979774 1194 414 1232 516
person 0.978744 1133 418 1177 528
person 0.958638 494 396 524 484
person 0.956897 1727 359 1763 437
person 0.826842 1883 387 1919 518
person 0.785542 1180 334 1209 402
person 0.760247 1258 378 1292 467
person 0.706362 603 329 617 358
person 0.692160 368 347 385 370
person 0.631973 1850 377 1889 469
person 0.605262 1694 338 1720 398
person 0.597926 1749 311 1774 364
person 0.581069 1264 339 1299 437
person 0.547393 1483 366 1510 389
person 0.534166 297 354 318 384
person 0.504349 312 297 1900 441
person 0.426330 1226 336 1250 390
person 0.323917 1781 317 1803 361
person 0.293464 641 330 653 353
person 0.289714 271 350 288 378
