person 0.997309 1675 477 1770 676
person 0.996992 708 553 802 708
person 0.996210 1126 518 1260 719
person 0.992397 1005 577 1129 762
person 0.990408 726 420 764 519
person 0.979904 218 488 293 661
person 0.976600 1194 412 1232 518
person 0.961989 1726 359 1764 438
person 0.959018 1129 418 1175 530
person 0.929738 493 395 523 484
person 0.884609 1882 400 1918 526
person 0.839106 1255 383 1292 465
person 0.737960 1181 334 1209 400
person 0.733946 603 329 618 359
person 0.725509 367 347 385 373
person 0.683257 1847 378 1887 467
person 0.601817 1750 311 1775 364
person 0.575444 1482 366 1511 389
person 0.522916 1693 339 1719 397
person 0.507764 297 355 318 384
person 0.489829 213 296 1742 447
person 0.479297 1226 336 1250 392
person 0.336585 418 346 434 368
person 0.320638 271 350 288 378
person 0.309128 1780 318 1803 360
person 0.282879 1264 340 1298 435
person 0.259024 639 329 652 354
person 0.997172 709 553 800 707
person 0.997121 1671 478 1770 678
person 0.991187 1122 532 1257 723
person 0.988850 999 579 1127 759
person 0.985326 725 420 761 516
person 0.976895 1192 413 1231 518
person 0.973174 213 490 289 660
person 0.960090 1725 360 1762 440
person 0.954335 1112 422 1165 542
person 0.878830 1882 399 1919 528
person 0.872123 1250 389 1288 466
person 0.755585 490 396 519 484
person 0.753207 1181 334 1210 402
person 0.693603 368 347 386 372
person 0.690519 604 330 617 359
person 0.642075 1847 379 1887 467
person 0.631037 1749 311 1776 364
person 0.561608 1482 365 1512 390
person 0.512688 1227 337 1251 393
person 0.497520 1694 355 1721 404
person 0.496777 296 355 317 384
person 0.477927 207 296 1751 447
person 0.367669 417 347 434 367
person 0.364555 1264 342 1299 427
person 0.333469 1780 317 1803 361
person 0.286823 272 350 288 379
person 0.273938 1256 416 1284 462
