person 0.996756 707 554 801 708
person 0.996757 1666 478 1767 678
person 0.992121 1111 422 1163 548
person 0.991071 995 582 1118 759
person 0.990209 1120 536 1257 725
person 0.983753 724 421 761 520
person 0.981859 1193 410 1229 521
person 0.971532 205 492 283 659
person 0.963716 1725 358 1762 440
person 0.925104 488 396 520 485
person 0.916598 1248 387 1289 467
person 0.864882 1880 393 1919 536
person 0.710827 605 331 618 359
person 0.703874 369 346 386 371
person 0.690706 1182 335 1211 401
person 0.615595 1845 380 1883 465
person 0.567712 1482 365 1511 390
person 0.556625 1750 312 1774 364
person 0.505679 296 355 319 384
person 0.500305 313 298 1906 440
person 0.481563 1257 345 1296 462
person 0.479505 1227 336 1251 394
person 0.466121 418 347 433 366
person 0.390556 1691 341 1717 394
person 0.294411 1253 405 1281 454
person 0.352868 1781 318 1802 360
person 0.282237 270 350 287 378
person 0.256750 784 328 795 345
person 0.997290 699 555 802 712
person 0.994942 1664 479 1764 677
person 0.994315 1105 538 1240 723
person 0.994155 1104 420 1159 549
person 0.993483 1192 409 1229 523
person 0.988854 989 585 1098 763
person 0.978752 724 421 760 522
person 0.962059 1724 359 1762 440
person 0.937559 484 397 519 483
person 0.933566 200 491 277 659
person 0.908091 1879 393 1919 540
person 0.797692 1841 371 1880 451
person 0.714692 370 345 386 370
person 0.699125 605 331 618 358
person 0.676555 1248 388 1288 466
person 0.675609 1182 334 1210 402
person 0.553916 1482 365 1511 390
person 0.544093 1750 312 1774 363
person 0.532842 296 355 319 384
person 0.528930 418 347 432 366
person 0.497311 314 296 1901 445
person 0.443215 1254 417 1283 461
person 0.438217 1261 341 1297 431
person 0.412375 1226 336 1250 392
person 0.335429 1692 358 1721 404
person 0.328645 1780 318 1802 360
person 0.269943 785 327 796 345
person 0.266692 1269 354 1294 409
person 0.255558 271 350 288 378
