person 0.997750 698 556 798 714
person 0.996028 1098 419 1155 551
person 0.994744 980 590 1068 756
person 0.993161 1103 545 1215 719
person 0.992900 1191 411 1229 524
person 0.991515 1658 484 1766 685
person 0.980010 481 398 516 487
person 0.966966 1724 360 1762 437
person 0.954941 1243 392 1288 465
person 0.940935 718 423 753 523
person 0.872909 188 510 269 662
person 0.867060 1879 396 1919 539
person 0.775925 1841 380 1879 464
person 0.698760 370 345 387 372
person 0.691075 1182 335 1211 402
person 0.679242 603 329 617 358
person 0.647270 221 494 273 614
person 0.559658 1482 365 1511 389
person 0.535806 419 346 433 367
person 0.505170 297 355 319 384
person 0.498692 1750 313 1773 362
person 0.487381 329 298 1891 447
person 0.454253 1269 352 1296 409
person 0.403602 1227 336 1251 393
person 0.390503 1691 358 1716 404
person 0.320689 1780 318 1801 360
person 0.300138 271 349 287 378
person 0.996694 1092 417 1151 550
person 0.995572 1188 410 1228 524
person 0.994464 699 555 785 718
person 0.994156 966 597 1064 759
person 0.991181 1092 546 1210 724
person 0.986617 1657 487 1762 684
person 0.980977 476 399 513 489
person 0.969248 1724 358 1760 440
person 0.941322 718 423 751 521
person 0.890717 1876 393 1919 541
person 0.888115 1838 378 1878 464
person 0.871254 191 495 272 655
person 0.841662 1241 394 1286 464
person 0.743910 370 345 387 373
person 0.727818 604 329 618 359
person 0.685194 1182 335 1212 401
person 0.586104 1483 365 1511 390
person 0.526923 297 354 319 384
person 0.518387 420 346 434 367
person 0.509718 328 297 1893 449
person 0.476625 1751 313 1773 362
person 0.462600 1269 353 1295 411
person 0.385792 1692 358 1716 404
person 0.353902 1227 336 1251 393
person 0.333336 270 349 287 378
person 0.314030 1780 318 1800 360
person 0.259862 1691 346 1712 389
