person 0.996178 1087 421 1148 548
person 0.996159 693 553 772 718
person 0.995538 949 592 1059 768
person 0.994118 1188 412 1229 522
person 0.994020 1087 544 1208 726
person 0.977298 1724 357 1761 442
person 0.973677 473 399 514 490
person 0.967317 1651 475 1738 679
person 0.954988 717 424 751 522
person 0.942172 1875 398 1919 531
person 0.894041 213 501 273 635
person 0.887326 1835 377 1873 466
person 0.885933 175 511 257 662
person 0.868964 1239 393 1287 466
person 0.781343 370 345 386 373
person 0.728195 1181 335 1212 402
person 0.725711 605 327 621 359
person 0.578773 420 346 433 367
person 0.552462 350 300 1870 451
person 0.509249 1272 352 1298 410
person 0.494588 1482 366 1511 389
person 0.420663 1690 359 1715 405
person 0.403525 1750 315 1773 362
person 0.378009 299 357 319 383
person 0.341278 1227 335 1253 396
person 0.304095 785 328 797 345
person 0.265334 1248 407 1282 453
person 0.265712 1780 319 1801 360
person 0.258046 1681 357 1707 401
person 0.996335 941 594 1065 769
person 0.993977 1080 540 1198 726
person 0.993322 1188 412 1230 522
person 0.991156 693 555 763 717
person 0.986270 1082 419 1143 548
person 0.984625 1654 475 1729 680
person 0.977258 1725 356 1761 440
person 0.968613 474 398 514 487
person 0.945010 1872 397 1919 529
person 0.922220 171 511 251 663
person 0.912958 717 426 750 517
person 0.901578 213 502 275 630
person 0.904408 1235 395 1284 467
person 0.875526 1833 378 1870 464
person 0.722855 606 328 621 359
person 0.718743 370 347 386 373
person 0.714936 1182 336 1212 401
person 0.584926 1273 351 1299 410
person 0.554000 346 299 1874 453
person 0.511377 420 348 434 368
person 0.495104 1483 366 1511 389
person 0.449561 1680 336 1704 396
person 0.364398 1751 314 1773 363
person 0.343294 1227 335 1252 396
person 0.320265 299 362 323 392
person 0.278070 642 330 653 353
person 0.274013 1779 319 1801 360
person 0.264821 1283 354 1308 412
