person 0.984140 1392 201 1433 308
person 0.983905 748 270 795 385
person 0.955270 950 274 1000 399
person 0.939359 1648 194 1689 295
person 0.928311 1317 287 1374 407
person 0.918418 675 220 706 301
person 0.914255 1272 232 1300 330
person 0.860148 1041 226 1062 288
person 0.890423 0 240 31 331
person 0.878796 1563 230 1602 315
person 0.850164 1298 237 1329 333
person 0.821650 557 162 574 190
person 0.811899 627 162 646 192
person 0.770844 495 166 512 197
person 0.732414 1841 224 1891 304
person 0.684042 676 235 699 283
person 0.710585 610 166 626 193
person 0.674813 447 177 472 206
person 0.561648 975 214 1008 305
person 0.524119 201 137 1749 285
person 0.472660 456 167 477 200
person 0.361268 940 147 953 174
person 0.264414 823 171 833 188
person 0.990515 753 269 803 383
person 0.973423 1395 206 1435 309
person 0.963548 950 276 998 398
person 0.947127 1321 285 1381 427
person 0.922858 676 221 705 302
person 0.908530 1564 231 1601 315
person 0.906281 1273 234 1301 326
person 0.862910 1040 225 1061 288
person 0.864817 1652 199 1691 291
person 0.862491 0 240 32 333
person 0.808785 1301 238 1332 329
person 0.773576 495 166 510 195
person 0.633782 677 235 699 283
person 0.649353 448 178 471 207
person 0.632980 559 162 574 187
person 0.551203 1844 223 1895 306
person 0.548207 628 162 646 191
person 0.546727 609 165 626 192
person 0.544703 457 166 476 199
person 0.529773 208 137 1738 290
person 0.424266 975 215 1007 304
person 0.346410 989 235 1014 286
person 0.370510 940 148 952 173
person 0.349664 823 170 834 188
person 0.331463 981 231 1003 281
person 0.301606 1638 214 1675 295
