person 0.995754 1076 541 1194 729
person 0.995452 923 585 1062 769
person 0.993585 1187 412 1229 522
person 0.988438 689 557 757 719
person 0.985462 1653 474 1727 681
person 0.970996 1074 419 1131 549
person 0.964627 1725 360 1761 437
person 0.964387 473 399 512 490
person 0.949536 713 426 750 523
person 0.940369 1872 397 1919 528
person 0.939515 164 512 251 662
person 0.901719 207 503 272 631
person 0.795035 1832 379 1869 463
person 0.788246 604 329 619 360
person 0.756447 1182 335 1211 402
person 0.689134 1236 392 1284 467
person 0.668819 370 348 385 373
person 0.594812 332 300 1892 448
person 0.588234 1481 365 1512 390
person 0.540388 1273 351 1298 412
person 0.512865 420 346 433 368
person 0.478610 1751 314 1774 362
person 0.472130 1232 401 1266 456
person 0.472231 297 355 319 385
person 0.332548 1678 337 1704 393
person 0.315733 784 327 796 346
person 0.299877 271 350 287 379
person 0.266753 1778 319 1800 360
person 0.997510 1065 538 1191 727
person 0.995267 911 584 1062 769
person 0.992321 1187 412 1227 520
person 0.990242 1068 424 1128 545
person 0.988620 1652 474 1723 681
person 0.987927 679 559 742 712
person 0.974598 1725 358 1760 441
person 0.971504 160 512 245 666
person 0.964924 714 427 749 518
person 0.940427 471 397 508 486
person 0.933232 1872 399 1919 526
person 0.863283 202 506 269 626
person 0.864655 1829 378 1869 465
person 0.741901 606 329 620 360
person 0.735990 1181 334 1210 402
person 0.595281 370 347 385 371
person 0.588911 1231 394 1270 464
person 0.585668 1273 351 1298 413
person 0.565624 1481 365 1511 390
person 0.550385 330 297 1887 449
person 0.476816 419 347 434 368
person 0.396025 1677 339 1701 391
person 0.373765 297 356 318 383
person 0.356280 1227 335 1252 394
person 0.349400 1752 315 1773 362
person 0.310813 645 332 656 354
