person 0.997964 1056 544 1183 726
person 0.995850 906 593 1040 766
person 0.993465 1063 425 1125 546
person 0.992945 1649 477 1719 678
person 0.990357 1186 413 1226 518
person 0.988319 677 557 747 722
person 0.975841 153 513 236 666
person 0.975295 1725 357 1760 441
person 0.948817 1872 398 1919 527
person 0.942253 710 427 749 520
person 0.934374 193 507 263 623
person 0.924201 470 398 508 486
person 0.832844 1829 378 1867 463
person 0.823646 1232 387 1268 465
person 0.750932 606 330 620 359
person 0.750254 1182 337 1211 401
person 0.656660 368 345 384 370
person 0.639958 1273 350 1298 413
person 0.569601 312 299 1901 449
person 0.512473 1481 365 1511 389
person 0.449604 420 347 434 367
person 0.449146 1674 337 1698 394
person 0.422256 643 332 655 357
person 0.346117 297 356 319 383
person 0.338496 1751 315 1772 362
person 0.300859 1228 339 1253 392
person 0.998806 1048 542 1183 736
person 0.996085 1056 427 1117 549
person 0.994840 896 593 996 774
person 0.992868 1647 477 1719 678
person 0.986676 1187 413 1227 518
person 0.984368 671 560 742 723
person 0.965489 143 511 207 668
person 0.963085 1724 360 1759 441
person 0.950156 707 426 748 522
person 0.937808 193 507 257 626
person 0.936274 1873 398 1919 528
person 0.917364 467 398 504 489
person 0.868493 1829 379 1867 466
person 0.803351 1182 335 1211 402
person 0.802683 604 327 620 360
person 0.707928 1232 385 1266 465
person 0.593900 1272 353 1298 412
person 0.585065 1675 337 1698 394
person 0.569970 332 296 1888 450
person 0.566020 370 349 386 372
person 0.555786 1482 365 1510 389
person 0.446500 1751 314 1771 361
person 0.383334 643 327 654 351
person 0.366246 297 356 318 384
person 0.352038 1226 333 1250 394
person 0.350762 419 346 433 367
person 0.325648 784 327 795 346
person 0.282170 1236 426 1263 465
