person 0.997579 870 587 975 784
person 0.997236 1051 427 1109 551
person 0.995589 1045 549 1185 735
person 0.991990 1646 486 1718 684
person 0.986711 659 562 727 727
person 0.985821 1187 414 1227 516
person 0.982925 141 505 203 674
person 0.972284 702 425 749 524
person 0.970879 1724 361 1759 440
person 0.941312 463 399 502 489
person 0.929080 185 504 249 639
person 0.909376 1873 398 1919 529
person 0.819951 1829 379 1867 466
person 0.805357 604 328 619 360
person 0.804417 1183 335 1211 400
person 0.670798 1273 352 1298 414
person 0.646333 1230 382 1262 466
person 0.600902 369 347 387 371
person 0.561334 322 299 1889 445
person 0.555543 1482 366 1510 389
person 0.554423 1674 338 1698 397
person 0.473448 1752 315 1772 361
person 0.456233 296 356 319 384
person 0.387355 1233 421 1258 465
person 0.378349 267 349 285 379
person 0.349441 419 345 434 367
person 0.324473 784 326 795 345
person 0.301186 1226 333 1251 392
person 0.283009 1776 319 1798 359
person 0.257867 1147 330 1161 349
person 0.251450 641 328 652 350
person 0.998679 830 593 966 776
person 0.997622 1046 427 1109 553
person 0.995979 1035 548 1137 741
person 0.992568 1643 488 1712 685
person 0.990510 1186 415 1228 520
person 0.989421 134 511 196 675
person 0.986029 649 569 716 730
person 0.969234 701 426 746 523
person 0.959050 189 506 246 634
person 0.950090 1722 361 1758 441
person 0.923428 1821 375 1861 472
person 0.915149 1869 402 1917 526
person 0.851798 461 397 493 491
person 0.786501 369 347 386 373
person 0.769848 1182 336 1211 400
person 0.732635 607 329 621 359
person 0.686223 1273 351 1297 414
person 0.666043 1228 380 1260 468
person 0.620273 312 299 1902 448
person 0.527186 1483 366 1510 389
person 0.472512 1672 338 1698 395
person 0.457734 420 348 434 368
person 0.422020 297 356 318 383
person 0.390638 1752 315 1772 361
person 0.337119 638 330 650 354
person 0.266884 1147 330 1161 350
person 0.266431 1778 320 1799 360
person 0.259463 1228 337 1253 390
