person 0.998732 821 597 967 774
person 0.994262 1026 547 1120 744
person 0.993711 125 510 191 677
person 0.992137 1640 490 1711 686
person 0.988301 1043 428 1105 552
person 0.982732 1184 413 1222 520
person 0.982513 645 573 712 732
person 0.979029 188 505 242 630
person 0.966004 699 426 745 523
person 0.936508 1820 377 1858 473
person 0.933406 1866 404 1917 524
person 0.929171 462 397 491 491
person 0.907367 1722 360 1757 440
person 0.809046 1182 336 1210 401
person 0.783002 369 347 386 375
person 0.771734 1223 384 1259 467
person 0.737261 606 329 621 360
person 0.630203 1272 351 1297 414
person 0.553722 304 300 1909 445
person 0.520369 1482 365 1510 389
person 0.492812 1671 338 1697 394
person 0.429395 1752 314 1772 361
person 0.425947 419 348 434 368
person 0.381124 297 355 319 384
person 0.325485 1228 421 1252 465
person 0.295680 1227 336 1253 393
person 0.290483 640 330 652 353
person 0.275949 1778 319 1799 359
person 0.263783 1225 402 1251 452
person 0.256262 786 327 797 344
person 0.997573 797 599 965 774
person 0.995436 1636 491 1711 687
person 0.993800 1034 427 1097 555
person 0.992069 1021 550 1111 742
person 0.991033 637 577 711 734
person 0.976003 1185 414 1223 520
person 0.974718 695 431 741 530
person 0.971081 181 503 233 631
person 0.953292 117 517 208 663
person 0.927344 1722 362 1758 440
person 0.913435 1868 401 1916 527
person 0.904720 459 400 491 488
person 0.903371 1820 372 1856 451
person 0.807274 604 327 620 358
person 0.789656 1182 335 1210 401
person 0.740537 368 347 388 373
person 0.650785 1272 353 1298 413
person 0.650934 1222 383 1253 469
person 0.621234 1670 338 1696 395
person 0.471805 1484 366 1509 389
person 0.467308 316 300 1891 447
person 0.454243 1752 316 1771 360
person 0.422215 417 345 434 368
person 0.416552 642 328 654 353
person 0.380598 1226 333 1250 393
person 0.373523 294 356 319 384
person 0.344246 269 350 287 379
person 0.332540 1775 318 1796 359
