person 0.999113 782 596 959 769
person 0.995337 1633 492 1705 687
person 0.994346 1015 548 1105 744
person 0.993889 631 580 710 737
person 0.991834 1032 430 1092 551
person 0.986627 171 496 227 640
person 0.974339 1187 414 1225 521
person 0.972845 91 520 193 672
person 0.966992 692 430 739 530
person 0.958061 455 396 488 488
person 0.957187 1722 359 1758 444
person 0.905535 1819 374 1857 472
person 0.895224 1869 401 1916 528
person 0.856124 601 327 617 359
person 0.754180 1185 335 1211 400
person 0.718452 1220 384 1253 467
person 0.680106 370 346 389 369
person 0.564849 643 328 655 353
person 0.500880 292 356 317 385
person 0.480668 337 301 1876 449
person 0.462215 1752 315 1772 360
person 0.453636 1272 351 1298 409
person 0.452089 419 345 434 367
person 0.443619 1670 340 1696 394
person 0.406290 1486 366 1508 388
person 0.369855 1775 318 1797 359
person 0.318764 1226 334 1250 391
person 0.303415 786 326 798 346
person 0.254864 1 354 19 406
person 0.997539 764 594 942 769
person 0.995064 1027 430 1084 545
person 0.994930 1629 494 1708 685
person 0.994430 1007 545 1090 742
person 0.984602 618 579 704 743
person 0.978408 85 520 189 673
person 0.977418 1187 414 1230 522
person 0.972103 166 505 226 628
person 0.969118 692 424 733 525
person 0.948124 1722 359 1758 442
person 0.938468 1819 372 1856 473
person 0.912559 447 396 483 486
person 0.894658 1872 404 1915 527
person 0.833599 605 330 620 359
person 0.769137 1186 334 1213 400
person 0.574529 369 345 385 369
person 0.567871 1670 338 1696 394
person 0.521467 1214 390 1252 468
person 0.516325 321 295 1888 449
person 0.511245 1753 313 1773 362
person 0.500854 1272 351 1298 408
person 0.484010 291 356 312 385
person 0.416647 1227 333 1251 393
person 0.369591 420 345 434 366
person 0.358667 639 329 652 355
person 0.349559 1776 317 1798 361
person 0.326535 1264 337 1288 395
person 0.286470 1284 352 1307 410
