person 0.997192 762 597 920 769
person 0.996383 1620 493 1703 688
person 0.996166 1022 429 1073 553
person 0.992543 1002 541 1079 742
person 0.989083 79 521 191 673
person 0.982927 611 581 705 741
person 0.981764 163 504 226 627
person 0.981169 1185 413 1231 522
person 0.975841 691 424 731 526
person 0.954245 449 399 486 491
person 0.932866 1714 359 1746 446
person 0.931062 1816 372 1852 472
person 0.856412 1866 405 1915 526
person 0.819700 603 328 619 359
person 0.779769 1183 334 1209 400
person 0.729224 1669 338 1694 396
person 0.706768 370 346 387 370
person 0.627680 1211 387 1250 469
person 0.582390 1272 351 1297 410
person 0.533926 313 299 1894 446
person 0.476399 1752 316 1772 360
person 0.455405 1226 335 1249 393
person 0.392692 1484 366 1509 388
person 0.379020 292 355 317 385
person 0.379262 418 345 433 367
person 0.353766 1775 318 1797 360
person 0.325993 642 329 654 352
person 0.263769 1199 391 1243 536
person 0.258963 1266 338 1287 395
person 0.251962 1034 314 1048 341
person 0.997506 1615 492 1697 687
person 0.997499 755 599 914 767
person 0.993622 1016 430 1064 546
person 0.989251 69 520 184 677
person 0.988787 1000 533 1075 741
person 0.986250 595 589 702 752
person 0.982322 1185 413 1231 521
person 0.975230 1812 374 1850 471
person 0.968361 442 401 484 492
person 0.966765 1713 358 1746 447
person 0.950903 157 513 227 628
person 0.949451 691 429 727 532
person 0.875455 1864 403 1915 526
person 0.837064 603 328 618 359
person 0.778570 1183 334 1208 399
person 0.738087 369 346 387 371
person 0.565264 303 302 1904 444
person 0.557274 1753 315 1772 360
person 0.527121 1226 333 1249 394
person 0.521542 1666 339 1693 395
person 0.509609 1272 351 1297 411
person 0.506675 1210 386 1246 469
person 0.414281 297 362 318 392
person 0.405823 1485 366 1510 388
person 0.398466 418 346 434 367
person 0.377537 1776 319 1797 360
person 0.337711 642 330 654 352
person 0.291733 1265 337 1287 394
