person 0.998278 752 595 899 770
person 0.995714 1611 493 1696 687
person 0.994265 981 535 1065 734
person 0.991464 63 522 177 678
person 0.991189 589 589 698 753
person 0.983372 1012 432 1061 554
person 0.977653 1185 414 1234 522
person 0.977361 438 400 480 493
person 0.964539 1713 357 1746 448
person 0.962271 690 429 727 532
person 0.959230 1813 372 1848 469
person 0.911888 154 515 226 630
person 0.863804 1847 393 1911 538
person 0.840491 604 327 620 358
person 0.771430 369 346 387 372
person 0.771543 1182 333 1207 399
person 0.556098 307 301 1904 444
person 0.518852 1225 332 1250 392
person 0.499892 1754 314 1774 360
person 0.495953 1665 339 1692 394
person 0.470572 1272 352 1298 408
person 0.449695 1207 389 1247 467
person 0.427227 416 347 433 368
person 0.399233 1484 366 1509 389
person 0.330502 298 362 318 391
person 0.294309 1266 337 1288 394
person 0.292016 1774 319 1796 359
person 0.288776 640 330 652 354
person 0.996636 735 598 872 772
person 0.995963 581 592 699 758
person 0.994996 977 533 1059 732
person 0.994349 1610 492 1689 689
person 0.989460 52 526 166 675
person 0.983227 1184 409 1234 523
person 0.978046 1001 431 1050 552
person 0.977158 1714 358 1745 449
person 0.972041 688 428 725 532
person 0.959848 1810 370 1846 455
person 0.959798 436 402 477 493
person 0.952448 1848 389 1910 538
person 0.947932 151 518 227 630
person 0.845590 603 327 619 359
person 0.835609 1182 331 1207 401
person 0.704802 370 346 387 371
person 0.589539 1753 314 1774 361
person 0.535163 303 299 1910 444
person 0.527384 1665 338 1691 393
person 0.507358 1225 332 1250 392
person 0.459925 1273 352 1298 409
person 0.427524 1484 366 1509 388
person 0.386558 295 356 317 385
person 0.345802 417 347 433 367
person 0.308166 1775 318 1796 360
person 0.281874 1265 320 1284 365
person 0.260928 1265 336 1288 394
