person 0.995998 730 599 852 768
person 0.995293 579 594 701 756
person 0.993722 1608 494 1680 690
person 0.993580 964 529 1058 732
person 0.987816 45 526 159 677
person 0.981249 1184 408 1234 522
person 0.978663 994 432 1048 554
person 0.977910 1714 358 1744 446
person 0.976227 139 509 214 633
person 0.971397 435 401 476 491
person 0.964875 1808 368 1844 456
person 0.961596 1848 397 1909 532
person 0.948431 684 428 724 532
person 0.855763 603 327 619 358
person 0.835762 1183 330 1208 401
person 0.758628 369 345 388 373
person 0.639909 1663 356 1690 405
person 0.610765 1752 313 1774 362
person 0.559967 303 297 1906 439
person 0.553608 1225 330 1251 392
person 0.551187 1485 366 1510 389
person 0.460388 1274 351 1299 411
person 0.383683 295 356 317 385
person 0.331467 417 347 433 367
person 0.330766 637 328 650 353
person 0.307632 1033 314 1046 340
person 0.307370 750 328 761 346
person 0.299886 1265 320 1284 365
person 0.274915 792 320 803 338
person 0.268548 1267 336 1290 393
person 0.268475 1775 319 1797 360
person 0.250846 712 328 723 345
person 0.995520 572 591 691 757
person 0.994947 959 530 1047 734
person 0.993187 1602 495 1674 693
person 0.991003 721 599 832 764
person 0.989626 38 529 147 675
person 0.987913 1846 390 1909 538
person 0.984753 1713 358 1744 444
person 0.982306 1182 409 1233 521
person 0.981556 137 508 214 636
person 0.977044 989 426 1038 562
person 0.976930 1805 369 1845 471
person 0.957107 434 401 473 491
person 0.922019 675 430 719 531
person 0.843810 1182 332 1208 400
person 0.839377 603 327 619 359
person 0.708079 369 346 388 373
person 0.637857 1659 358 1687 404
person 0.628565 1752 313 1774 362
person 0.596844 1227 332 1252 390
person 0.556262 1274 351 1299 414
person 0.543344 318 298 1885 442
person 0.498057 1485 366 1509 388
person 0.386889 636 329 649 354
person 0.341567 295 357 316 384
person 0.315927 1775 320 1797 361
person 0.295721 1266 321 1285 365
person 0.285862 417 348 433 367
person 0.274296 1032 313 1046 340
person 0.251206 1268 336 1291 393
