person 0.995571 952 533 1043 735
person 0.993983 563 594 692 757
person 0.992025 707 598 824 764
person 0.989513 1599 496 1667 692
person 0.988294 1712 358 1743 448
person 0.987184 1850 392 1907 536
person 0.985182 132 509 209 631
person 0.982630 980 432 1043 571
person 0.981108 35 527 132 677
person 0.980019 1803 369 1844 472
person 0.960696 1182 409 1227 520
person 0.958748 673 429 720 531
person 0.956159 433 400 472 494
person 0.801042 1184 332 1208 397
person 0.796067 603 326 617 358
person 0.687644 370 346 388 373
person 0.666557 1752 313 1774 362
person 0.648192 1660 358 1687 402
person 0.598618 1227 331 1251 389
person 0.598266 1274 352 1299 414
person 0.518311 314 297 1893 440
person 0.498071 1484 366 1510 389
person 0.480049 632 325 646 355
person 0.404913 419 347 434 367
person 0.352552 1774 319 1797 361
person 0.337463 293 357 315 384
person 0.301724 791 319 804 339
person 0.290450 751 319 763 338
person 0.282859 1266 321 1286 366
person 0.282856 1032 313 1046 341
person 0.274910 789 326 802 346
person 0.997039 952 534 1032 736
person 0.995211 558 590 693 759
person 0.991928 1847 391 1906 538
person 0.990029 696 599 811 763
person 0.987286 127 508 203 633
person 0.984777 1711 357 1743 448
person 0.982326 1595 494 1660 690
person 0.980184 1803 373 1841 472
person 0.975953 671 432 719 530
person 0.965840 431 400 467 494
person 0.955102 34 522 124 677
person 0.954314 1187 392 1227 509
person 0.950181 973 439 1040 568
person 0.781826 1182 333 1207 395
person 0.779075 370 345 387 373
person 0.761081 602 325 617 358
person 0.659513 1752 313 1775 363
person 0.607244 1660 338 1685 394
person 0.566041 633 325 647 355
person 0.519259 1274 352 1300 412
person 0.508969 1226 331 1252 387
person 0.505801 418 348 433 368
person 0.503834 342 299 1858 440
person 0.470191 1485 367 1509 389
person 0.394545 792 325 804 345
person 0.346707 749 327 761 345
person 0.333879 1265 321 1285 367
person 0.314947 1774 319 1797 361
person 0.304386 295 358 316 384
person 0.265476 1267 336 1290 392
person 0.264849 270 353 285 379
person 0.264441 711 326 721 344
person 0.263124 752 319 764 339
