person 0.994997 949 543 1017 740
person 0.993560 552 588 687 759
person 0.990770 1848 391 1902 533
person 0.989157 123 507 201 631
person 0.986075 669 431 719 531
person 0.981759 1799 373 1838 474
person 0.981645 677 593 787 756
person 0.981414 1586 492 1653 686
person 0.975880 1711 357 1741 445
person 0.949947 1181 400 1220 526
person 0.945871 429 399 466 492
person 0.945169 22 524 116 681
person 0.897816 962 425 1019 581
person 0.793986 604 326 619 359
person 0.773867 370 345 386 373
person 0.749557 1751 311 1776 364
person 0.719045 1183 334 1208 393
person 0.645018 1658 356 1684 404
person 0.543402 1275 352 1300 416
person 0.528952 324 296 1879 438
person 0.519612 1485 366 1509 389
person 0.518011 634 326 647 355
person 0.503890 419 348 433 367
person 0.495461 1227 330 1252 387
person 0.396743 1773 318 1796 361
person 0.371588 746 326 758 346
person 0.352071 1265 321 1286 368
person 0.333994 792 318 803 340
person 0.301988 1031 312 1046 343
person 0.283674 296 358 317 383
person 0.283707 749 318 761 341
person 0.279626 1815 318 1844 360
person 0.263042 268 352 283 379
person 0.260163 713 327 724 345
person 0.995179 119 505 192 633
person 0.995059 673 591 783 762
person 0.990845 553 582 673 762
person 0.987377 943 544 1001 744
person 0.987282 1845 392 1901 534
person 0.984573 1585 494 1650 687
person 0.982041 1795 372 1835 474
person 0.979302 666 432 718 530
person 0.975192 1710 357 1740 447
person 0.969819 959 433 1018 571
person 0.956633 428 399 465 490
person 0.945375 20 524 111 680
person 0.929823 1184 408 1221 525
person 0.829808 603 326 618 359
person 0.786496 369 345 386 372
person 0.753772 1752 310 1776 364
person 0.667467 1657 355 1682 405
person 0.638453 1185 334 1209 390
person 0.580841 1485 366 1510 389
person 0.545879 419 347 434 367
person 0.523678 312 297 1892 437
person 0.490503 1227 329 1253 388
person 0.473995 634 326 647 354
person 0.377616 1771 317 1795 362
person 0.362030 1275 352 1299 412
person 0.347825 712 327 724 346
person 0.323762 1265 321 1286 368
person 0.322245 1269 335 1291 392
person 0.316800 296 358 317 383
person 0.290963 791 326 803 345
person 0.279741 270 354 285 379
person 0.265304 1814 318 1843 361
