person 0.991256 755 268 803 384
person 0.975671 1394 207 1437 308
person 0.973005 947 262 1001 397
person 0.947439 1325 294 1389 424
person 0.946245 1563 229 1600 318
person 0.934960 676 221 705 304
person 0.883470 0 240 32 332
person 0.880372 1274 231 1302 329
person 0.820066 1039 216 1067 300
person 0.818977 495 166 511 195
person 0.810635 1649 208 1691 297
person 0.767171 1297 237 1328 330
person 0.724684 610 163 626 192
person 0.682868 627 163 644 193
person 0.664289 559 160 574 187
person 0.647567 448 177 472 206
person 0.608671 456 167 476 199
person 0.539859 677 237 698 280
person 0.542919 186 138 1753 292
person 0.343010 991 234 1015 285
person 0.341812 977 217 1000 265
person 0.336227 940 148 952 172
person 0.279099 974 214 1008 304
person 0.265908 1314 238 1348 323
person 0.259375 782 151 793 169
person 0.259084 822 171 833 188
person 0.991100 757 266 803 384
person 0.983164 946 264 1002 393
person 0.962630 676 221 705 303
person 0.957161 1397 205 1438 307
person 0.942469 1562 229 1599 319
person 0.911355 1341 289 1405 430
person 0.897148 0 239 32 332
person 0.861574 1654 197 1693 294
person 0.859920 495 165 510 195
person 0.831788 1274 231 1302 328
person 0.801711 609 163 624 191
person 0.721830 629 162 646 193
person 0.719911 557 162 571 188
person 0.685678 1041 216 1070 299
person 0.670812 448 177 470 207
person 0.662050 456 167 475 198
person 0.647657 1315 237 1348 328
person 0.639245 161 136 1774 290
person 0.560070 678 238 698 281
person 0.602645 1298 237 1333 331
person 0.331621 972 215 1007 303
person 0.310591 975 217 998 264
person 0.271083 991 234 1016 283
person 0.288917 978 235 1000 277
person 0.311694 983 232 1019 322
person 0.310662 823 171 833 187
person 0.257066 1638 215 1675 294
