person 0.997611 667 585 775 767
person 0.994798 550 580 664 762
person 0.993084 1575 494 1652 688
person 0.992188 118 503 184 632
person 0.988934 1793 374 1835 475
person 0.986555 27 499 86 691
person 0.983757 1845 390 1899 536
person 0.979684 936 543 996 739
person 0.976620 949 441 1010 566
person 0.974217 1711 357 1740 445
person 0.969615 661 435 714 529
person 0.942772 1181 410 1219 521
person 0.929921 429 401 463 490
person 0.794886 603 327 618 359
person 0.748989 1752 309 1777 364
person 0.705103 368 346 385 372
person 0.653188 1185 333 1209 392
person 0.599102 1654 353 1682 405
person 0.596993 1485 366 1510 389
person 0.548102 634 326 647 353
person 0.512489 1227 328 1253 389
person 0.509517 317 298 1889 439
person 0.426010 1275 352 1299 413
person 0.399441 792 326 804 345
person 0.380437 1771 316 1795 362
person 0.343067 713 328 724 345
person 0.334129 1814 316 1845 361
person 0.317350 1265 320 1286 369
person 0.309081 421 346 435 366
person 0.298839 1269 334 1291 392
person 0.292326 745 327 757 346
person 0.273757 269 353 284 379
person 0.266926 297 358 315 383
person 0.997274 113 493 171 643
person 0.996385 659 582 765 769
person 0.993437 1569 495 1651 686
person 0.992943 553 579 656 762
person 0.987310 22 499 80 694
person 0.987066 1792 375 1833 477
person 0.986275 656 433 707 531
person 0.985811 942 443 1008 566
person 0.979631 1843 391 1898 534
person 0.967263 1710 358 1740 442
person 0.947793 923 542 989 735
person 0.946859 1181 410 1220 520
person 0.845684 425 401 452 493
person 0.819771 603 327 618 359
person 0.766993 1752 311 1776 363
person 0.735659 1651 355 1682 407
person 0.702562 368 346 386 372
person 0.660499 1186 333 1210 393
person 0.574971 1485 366 1509 389
person 0.564023 300 298 1907 443
person 0.501302 634 325 647 354
person 0.487299 1227 328 1253 389
person 0.382332 1275 351 1298 411
person 0.362242 1268 334 1291 394
person 0.345015 1773 317 1795 361
person 0.336220 714 328 725 345
person 0.336053 788 327 800 345
person 0.290142 1815 318 1844 361
person 0.287566 744 328 755 347
person 0.266647 297 358 317 383
person 0.254607 419 346 433 367
