person 0.997918 110 489 165 647
person 0.996133 1563 498 1647 686
person 0.993588 648 581 759 774
person 0.990261 1791 374 1831 473
person 0.987963 555 575 645 765
person 0.984409 1838 389 1897 535
person 0.983368 14 501 75 694
person 0.982902 937 444 1002 571
person 0.981881 657 434 703 532
person 0.978146 1708 359 1739 444
person 0.975345 921 536 983 733
person 0.957936 1178 410 1219 521
person 0.815584 603 325 619 359
person 0.789552 1751 311 1776 364
person 0.788606 423 402 453 491
person 0.764416 1651 352 1681 407
person 0.698892 367 345 386 373
person 0.666671 1186 333 1209 391
person 0.638080 1485 366 1510 389
person 0.593993 632 323 647 355
person 0.539110 296 298 1916 444
person 0.532927 1227 328 1252 390
person 0.420833 1275 351 1298 412
person 0.375401 1269 334 1291 394
person 0.374075 1772 316 1794 361
person 0.342376 713 327 723 346
person 0.290948 1816 318 1846 361
person 0.291907 790 326 801 344
person 0.267341 422 346 436 366
person 0.998463 102 492 160 645
person 0.994655 1557 500 1646 689
person 0.993414 642 582 750 773
person 0.991619 1836 388 1895 536
person 0.985443 1707 359 1739 446
person 0.984137 1791 375 1830 475
person 0.981760 917 538 976 729
person 0.976670 653 436 699 534
person 0.954890 1175 407 1219 524
person 0.950691 9 513 72 683
person 0.942252 935 444 998 569
person 0.930385 555 576 638 764
person 0.924154 422 402 452 490
person 0.793639 603 326 618 359
person 0.778554 1751 312 1775 364
person 0.704056 368 345 385 373
person 0.693428 1185 332 1209 392
person 0.684318 1652 352 1681 406
person 0.640581 1485 366 1510 390
person 0.531768 287 298 1919 447
person 0.495868 1227 329 1252 389
person 0.486954 632 323 646 353
person 0.449737 1275 351 1298 414
person 0.362379 1773 318 1794 361
person 0.345477 423 346 435 366
person 0.325761 1268 321 1297 407
person 0.269354 715 327 725 346
person 0.257795 1817 320 1846 360
person 0.256694 792 326 803 344
