person 0.999067 100 492 155 654
person 0.994447 1834 386 1892 542
person 0.994386 1546 499 1648 690
person 0.989265 1706 360 1738 448
person 0.987989 913 534 975 729
person 0.985279 653 434 694 535
person 0.984640 632 591 744 774
person 0.954112 1787 376 1824 474
person 0.928892 926 443 979 568
person 0.875308 1 531 87 682
person 0.866633 419 402 449 492
person 0.866696 552 560 619 757
person 0.830649 1173 396 1214 503
person 0.798339 1651 352 1680 408
person 0.748291 1752 312 1776 364
person 0.746631 603 326 619 360
person 0.696276 1484 366 1510 390
person 0.640413 1187 332 1210 390
person 0.586772 370 345 386 371
person 0.579550 297 299 1919 445
person 0.542556 1227 330 1251 390
person 0.434709 1275 351 1298 413
person 0.367777 419 421 439 472
person 0.387365 629 322 644 355
person 0.371499 423 346 436 366
person 0.345527 1269 334 1291 394
person 0.310804 1772 319 1793 361
person 0.998682 94 499 154 651
person 0.995816 1832 390 1891 539
person 0.994051 1543 502 1647 693
person 0.985078 904 532 971 728
person 0.984570 1706 361 1738 445
person 0.978261 652 434 690 534
person 0.964933 613 597 735 774
person 0.964902 919 441 978 566
person 0.964329 1787 374 1823 475
person 0.917095 417 402 452 490
person 0.914169 1172 399 1216 532
person 0.873103 0 531 56 680
person 0.773246 603 327 619 359
person 0.767561 549 561 619 750
person 0.740453 1752 312 1776 364
person 0.616170 1485 366 1510 389
person 0.613546 1185 331 1208 390
person 0.584464 369 346 385 372
person 0.563998 312 298 1902 445
person 0.552692 1647 331 1680 409
person 0.496442 626 323 642 357
person 0.453683 1274 353 1298 415
person 0.446765 1227 332 1251 388
person 0.359898 1644 351 1668 406
person 0.323231 422 346 436 366
person 0.277737 1771 320 1793 361
person 0.265073 1268 335 1290 392
person 0.262228 718 327 729 347
