person 0.997056 90 503 150 648
person 0.996080 1832 389 1891 541
person 0.994374 1540 504 1646 692
person 0.993400 590 598 709 776
person 0.981644 1706 361 1737 445
person 0.979469 902 530 969 730
person 0.975883 650 436 689 534
person 0.975783 1787 375 1822 473
person 0.972799 1169 396 1219 534
person 0.950096 913 441 964 565
person 0.894860 416 402 447 494
person 0.883796 0 541 55 671
person 0.747974 604 327 619 359
person 0.690357 1752 312 1776 364
person 0.630092 1644 350 1669 406
person 0.621616 1484 366 1511 390
person 0.620340 1182 329 1206 390
person 0.570747 552 591 607 711
person 0.553614 311 298 1902 445
person 0.533327 369 347 385 372
person 0.464532 1226 331 1251 389
person 0.438065 1274 352 1298 414
person 0.421213 627 325 641 357
person 0.299800 1267 334 1289 394
person 0.297573 717 327 728 347
person 0.265492 794 326 806 344
person 0.260598 1149 330 1163 351
person 0.254015 1771 320 1792 361
person 0.996769 1832 388 1890 546
person 0.994100 85 505 148 646
person 0.993740 1537 502 1641 693
person 0.990180 580 597 698 777
person 0.989092 897 534 965 731
person 0.983801 1704 361 1733 447
person 0.972932 1167 397 1216 531
person 0.969445 912 442 959 564
person 0.965410 646 440 690 533
person 0.951847 1787 374 1820 474
person 0.882435 413 403 442 492
person 0.819257 0 534 77 687
person 0.767634 604 328 619 358
person 0.672779 1645 350 1669 406
person 0.665116 368 347 384 373
person 0.651785 1752 312 1776 364
person 0.595224 1486 366 1510 390
person 0.583082 1184 330 1207 392
person 0.516045 324 297 1883 448
person 0.476917 553 583 599 721
person 0.458671 1272 340 1302 423
person 0.351957 1226 332 1250 387
person 0.333846 422 347 436 366
person 0.315353 717 329 727 346
person 0.313992 628 325 642 355
person 0.257577 416 419 437 472
person 0.268627 1265 334 1288 393
