person 0.995001 1533 500 1643 693
person 0.992615 556 594 692 774
person 0.992148 1830 398 1888 534
person 0.989101 889 537 962 733
person 0.986018 638 437 680 535
person 0.983683 1701 361 1733 449
person 0.977766 1167 398 1215 528
person 0.972961 82 512 148 640
person 0.970094 908 444 954 565
person 0.950878 1784 376 1817 475
person 0.907741 411 401 441 496
person 0.897778 0 543 55 677
person 0.763896 603 327 620 359
person 0.665685 367 346 385 374
person 0.657954 1753 313 1776 363
person 0.629184 1645 353 1668 405
person 0.596300 1485 366 1510 390
person 0.540343 1183 329 1206 390
person 0.529199 320 298 1888 444
person 0.386146 1274 353 1297 413
person 0.382794 1227 332 1250 387
person 0.327541 293 356 315 385
person 0.316864 423 345 437 367
person 0.314949 627 323 642 355
person 0.289480 716 328 726 346
person 0.286425 1266 333 1288 394
person 0.264196 554 584 599 718
person 0.995315 1531 499 1642 693
person 0.992189 634 438 680 535
person 0.991315 542 594 684 775
person 0.990136 1830 395 1885 539
person 0.987917 1167 402 1214 526
person 0.983708 880 537 960 733
person 0.975357 1700 361 1731 445
person 0.962866 407 401 440 496
person 0.951319 0 539 54 685
person 0.930205 68 516 145 640
person 0.911279 899 446 951 573
person 0.884299 1780 377 1813 472
person 0.805281 604 327 620 358
person 0.696539 367 345 384 373
person 0.657070 1752 312 1777 364
person 0.644459 1643 351 1667 404
person 0.631911 1486 366 1511 390
person 0.612273 1183 330 1206 391
person 0.561325 347 298 1868 442
person 0.452300 1274 354 1296 415
person 0.419306 1227 331 1250 388
person 0.330387 294 357 315 385
person 0.293898 714 327 725 345
person 0.293434 422 346 437 367
person 0.272584 1158 393 1195 511
person 0.270432 1266 320 1294 410
