person 0.994698 1528 499 1640 696
person 0.992754 534 595 687 774
person 0.991358 873 528 950 734
person 0.991356 629 438 679 535
person 0.986170 1827 392 1882 543
person 0.985651 1165 403 1213 531
person 0.975358 1698 361 1729 446
person 0.963364 0 540 49 682
person 0.954741 66 514 141 641
person 0.938875 406 401 436 495
person 0.920477 891 449 941 570
person 0.883137 1776 379 1812 474
person 0.835464 605 327 621 359
person 0.721746 368 347 384 374
person 0.682858 1643 351 1667 405
person 0.664057 1752 311 1777 364
person 0.647328 1184 330 1206 390
person 0.621747 335 298 1870 441
person 0.617030 1485 366 1511 390
person 0.514556 1273 353 1296 415
person 0.432069 1228 331 1250 387
person 0.376195 297 363 317 390
person 0.340008 423 346 437 367
person 0.330036 1266 321 1294 410
person 0.308066 714 327 726 345
person 0.994750 1529 501 1636 698
person 0.993569 530 595 682 773
person 0.992193 627 439 679 537
person 0.991384 870 532 938 735
person 0.984439 1164 403 1212 534
person 0.981413 1698 361 1729 446
person 0.980029 0 531 41 691
person 0.977596 1822 395 1879 537
person 0.963126 882 449 935 566
person 0.962575 63 513 136 639
person 0.957664 402 400 436 497
person 0.948400 1772 376 1807 472
person 0.865295 605 328 619 359
person 0.768282 1184 332 1207 393
person 0.741987 366 346 383 374
person 0.683123 1642 352 1665 404
person 0.616985 1485 366 1511 391
person 0.603460 349 297 1866 441
person 0.591410 1752 312 1778 364
person 0.584886 1273 353 1296 416
person 0.414733 1227 333 1249 387
person 0.377250 297 363 317 391
person 0.313654 715 326 726 345
person 0.305878 423 346 437 367
person 0.299767 1266 321 1293 410
person 0.279787 629 327 641 356
