person 0.995558 523 592 674 782
person 0.994118 1526 502 1632 696
person 0.991336 625 441 673 536
person 0.988781 869 526 934 736
person 0.981869 1697 360 1728 446
person 0.979750 1821 394 1877 539
person 0.976124 1163 405 1211 529
person 0.954367 400 399 435 499
person 0.941397 62 512 133 642
person 0.908928 2 504 31 719
person 0.887192 1769 379 1808 475
person 0.861219 604 327 619 359
person 0.828044 876 449 926 568
person 0.827709 1183 331 1207 395
person 0.745832 366 346 382 374
person 0.641987 1752 312 1777 364
person 0.623728 1642 352 1665 404
person 0.608598 338 294 1876 441
person 0.596622 1485 366 1510 390
person 0.580575 1274 353 1297 413
person 0.508061 1226 330 1249 391
person 0.460762 1152 391 1192 513
person 0.345931 297 363 316 390
person 0.330056 717 327 728 345
person 0.312578 629 325 641 355
person 0.298073 1266 320 1292 408
person 0.282774 422 346 437 369
person 0.262951 1149 330 1164 352
person 0.991456 1527 504 1624 696
person 0.991282 620 444 670 538
person 0.987263 859 523 932 735
person 0.985133 517 595 676 789
person 0.983222 1696 362 1728 443
person 0.965309 1766 376 1807 473
person 0.961769 397 399 433 502
person 0.952517 1818 391 1868 543
person 0.944683 60 508 127 646
person 0.942802 1150 402 1202 529
person 0.844808 605 328 619 359
person 0.834545 870 452 918 564
person 0.822965 1184 332 1208 397
person 0.693477 367 346 383 373
person 0.689985 1273 353 1297 416
person 0.682102 1639 351 1662 406
person 0.630684 1753 312 1777 364
person 0.599584 339 296 1876 440
person 0.577440 1485 366 1510 390
person 0.466848 1226 331 1249 390
person 0.437733 423 346 437 369
person 0.368759 297 363 318 390
person 0.286272 1149 330 1164 352
person 0.280867 717 327 728 345
person 0.255747 273 354 289 379
person 0.254771 1263 321 1282 366
