person 0.986728 1694 361 1726 445
person 0.985424 1527 502 1604 696
person 0.984467 855 518 926 737
person 0.984421 616 443 661 539
person 0.984006 515 586 618 795
person 0.969394 395 398 431 503
person 0.967318 55 506 121 649
person 0.929657 1820 395 1866 536
person 0.911283 1147 407 1200 526
person 0.910454 1765 379 1804 476
person 0.845312 1183 332 1209 399
person 0.820506 604 327 619 359
person 0.777584 864 449 915 566
person 0.731073 1638 349 1660 408
person 0.729109 367 346 383 374
person 0.633855 356 297 1862 444
person 0.625428 1753 313 1777 364
person 0.611765 1272 353 1296 415
person 0.557411 1485 365 1510 390
person 0.455415 1226 331 1249 392
person 0.356853 297 364 317 389
person 0.346742 1138 390 1170 434
person 0.333992 424 346 438 368
person 0.329349 627 326 640 356
person 0.263444 715 327 728 346
person 0.257888 274 354 290 380
person 0.995126 504 588 612 801
person 0.986711 1691 360 1724 445
person 0.982972 52 504 117 650
person 0.982599 853 522 927 735
person 0.968008 1525 501 1594 696
person 0.965994 1817 389 1865 544
person 0.959491 613 445 656 537
person 0.938782 395 400 427 497
person 0.933913 1765 379 1803 475
person 0.871204 1148 407 1201 526
person 0.853308 606 327 621 359
person 0.809129 1184 332 1210 401
person 0.716355 366 346 384 376
person 0.683480 857 450 900 573
person 0.651682 1637 349 1659 407
person 0.605996 1752 313 1777 363
person 0.575266 1273 354 1296 415
person 0.541609 1484 365 1510 390
person 0.544478 350 298 1870 445
person 0.438801 1225 331 1248 391
person 0.330722 296 363 316 389
person 0.327015 628 325 641 357
person 0.287688 1263 320 1291 409
