person 0.986004 50 508 112 643
person 0.985820 491 587 592 800
person 0.984603 1690 360 1724 447
person 0.977603 1815 387 1865 546
person 0.971000 394 398 426 497
person 0.949664 608 446 656 537
person 0.947453 1764 379 1800 475
person 0.920435 1518 500 1589 693
person 0.850435 848 476 914 739
person 0.830783 606 328 621 360
person 0.806321 1144 408 1200 522
person 0.771749 1184 333 1210 401
person 0.743155 1637 351 1659 406
person 0.664847 366 345 383 375
person 0.650435 845 451 891 604
person 0.601781 1752 313 1776 364
person 0.547882 323 299 1897 444
person 0.545290 1485 365 1510 390
person 0.544198 1272 355 1295 416
person 0.443779 1225 330 1248 392
person 0.411695 296 363 316 390
person 0.376440 1263 320 1291 410
person 0.320985 425 346 439 368
person 0.250147 628 327 640 356
person 0.986310 478 590 583 797
person 0.984414 49 505 109 642
person 0.982816 1689 360 1723 447
person 0.969517 1814 392 1863 540
person 0.958972 599 448 646 534
person 0.944614 1509 503 1579 687
person 0.937656 1761 380 1799 475
person 0.902670 393 402 425 496
person 0.830685 848 528 914 733
person 0.827673 605 327 621 359
person 0.819468 1183 333 1210 403
person 0.810230 1146 412 1195 525
person 0.786993 842 454 887 567
person 0.723217 366 344 382 372
person 0.681905 1636 354 1657 406
person 0.594274 1752 312 1776 364
person 0.587500 1269 340 1300 422
person 0.571769 323 299 1892 443
person 0.559649 1484 365 1510 390
person 0.483076 1225 330 1249 393
person 0.429353 628 326 641 357
person 0.421159 293 356 314 384
person 0.409764 1262 321 1291 411
person 0.405676 719 327 732 348
person 0.283560 426 346 439 367
person 0.280803 1167 417 1205 542
person 0.278794 1774 317 1795 361
