person 0.983064 1689 359 1721 449
person 0.979232 47 509 108 638
person 0.972840 598 446 643 537
person 0.967270 1507 503 1574 686
person 0.967266 1812 388 1861 546
person 0.964109 481 592 580 784
person 0.957654 1759 379 1796 476
person 0.952450 846 534 913 733
person 0.896227 389 404 417 493
person 0.885808 838 454 882 568
person 0.807475 1152 415 1194 526
person 0.806923 608 330 622 360
person 0.802665 1633 352 1656 407
person 0.745889 1184 334 1212 402
person 0.705339 365 344 382 374
person 0.628108 1750 312 1776 366
person 0.576196 1484 366 1510 389
person 0.560081 1225 331 1249 395
person 0.522494 628 328 641 358
person 0.522272 310 302 1905 442
person 0.507316 1121 390 1157 472
person 0.477171 1272 354 1296 414
person 0.405677 294 355 315 384
person 0.378746 1264 321 1292 410
person 0.355111 723 328 734 348
person 0.318574 271 352 288 379
person 0.291077 1773 317 1795 363
person 0.985489 436 598 558 797
person 0.984195 594 446 640 537
person 0.983483 835 525 913 732
person 0.980596 1690 359 1723 448
person 0.979524 1507 505 1570 688
person 0.975421 42 509 99 639
person 0.974887 1809 388 1859 547
person 0.925172 1756 380 1794 475
person 0.886158 388 405 416 493
person 0.870760 1156 416 1195 526
person 0.794690 831 454 877 565
person 0.765590 608 329 622 360
person 0.758189 1183 334 1212 403
person 0.739269 1117 390 1152 472
person 0.730705 1631 349 1654 409
person 0.611033 1812 405 1853 491
person 0.579913 1751 312 1777 365
person 0.579721 1224 332 1249 396
person 0.557495 1484 366 1510 389
person 0.559124 366 344 383 372
person 0.543259 315 298 1901 445
person 0.504248 628 327 640 357
person 0.419637 1273 356 1296 413
person 0.341798 1263 321 1291 408
person 0.320774 1772 318 1796 363
person 0.319443 293 357 315 384
person 0.287110 722 328 733 348
