person 0.991963 760 267 804 385
person 0.939424 1562 228 1597 319
person 0.936141 944 264 996 394
person 0.926630 675 220 706 303
person 0.926101 1399 210 1439 308
person 0.915762 0 239 32 330
person 0.891866 1336 282 1420 429
person 0.844247 1659 194 1693 291
person 0.833650 1042 218 1071 300
person 0.810266 1275 232 1303 330
person 0.804962 609 163 624 191
person 0.801102 495 165 512 196
person 0.799995 1316 236 1349 336
person 0.740938 629 161 645 191
person 0.698702 677 236 699 282
person 0.713152 556 161 570 189
person 0.688500 455 167 475 198
person 0.668797 1291 235 1325 334
person 0.600791 163 135 1780 291
person 0.571112 448 176 471 206
person 0.461047 985 231 1018 318
person 0.417501 994 235 1017 286
person 0.435171 969 215 1004 303
person 0.366853 975 233 998 280
person 0.281725 972 216 994 265
person 0.271701 784 150 795 169
person 0.261724 823 171 833 187
person 0.995899 761 268 805 385
person 0.980318 1317 243 1354 351
person 0.976816 943 268 997 390
person 0.946201 1561 228 1597 318
person 0.917583 675 221 705 303
person 0.903026 0 240 32 331
person 0.897606 1348 297 1419 420
person 0.886950 1400 211 1439 309
person 0.868955 1658 194 1694 291
person 0.851850 1275 231 1303 331
person 0.825730 1045 226 1067 289
person 0.826933 608 163 624 192
person 0.795219 495 166 512 196
person 0.740654 677 235 699 283
person 0.692805 628 162 644 192
person 0.677290 455 167 475 199
person 0.664558 995 234 1019 288
person 0.659898 558 162 572 189
person 0.578381 448 176 470 206
person 0.572131 154 135 1792 292
person 0.462864 969 214 1001 301
person 0.443837 975 230 997 281
person 0.348878 971 215 993 269
person 0.329315 823 169 834 186
person 0.277407 750 149 762 172
person 0.260433 829 147 840 170
