person 0.994910 428 592 551 800
person 0.986459 1503 504 1570 686
person 0.986075 585 445 635 540
person 0.984712 1804 384 1858 552
person 0.982995 836 531 907 729
person 0.983077 38 510 99 640
person 0.977836 1689 359 1722 448
person 0.937143 385 403 417 496
person 0.935882 485 583 562 779
person 0.934273 1755 380 1793 472
person 0.908544 1155 415 1194 527
person 0.837712 1115 389 1146 471
person 0.803198 606 328 621 360
person 0.762916 817 454 870 571
person 0.751829 1629 351 1654 407
person 0.745400 1184 333 1212 403
person 0.670546 1752 313 1776 364
person 0.550003 336 296 1887 448
person 0.526427 367 345 384 373
person 0.510997 1485 366 1511 389
person 0.436357 1225 332 1248 392
person 0.409769 1272 375 1295 422
person 0.395588 627 324 640 357
person 0.390407 1774 317 1796 361
person 0.360438 1810 405 1851 491
person 0.324007 1264 331 1286 396
person 0.295674 295 364 316 390
person 0.274227 1812 318 1839 361
person 0.257789 721 329 733 348
person 0.994114 426 585 546 805
person 0.993913 1797 385 1853 555
person 0.990913 36 511 98 641
person 0.990672 829 536 907 730
person 0.989738 1497 507 1566 687
person 0.988461 582 445 632 540
person 0.981444 1687 359 1722 449
person 0.961230 810 454 868 572
person 0.925638 385 406 414 493
person 0.908295 1750 380 1788 475
person 0.901384 1629 352 1655 407
person 0.889520 1156 414 1193 525
person 0.805365 607 329 622 360
person 0.775077 1184 333 1212 405
person 0.691020 1116 415 1141 469
person 0.650589 1751 313 1775 364
person 0.645794 480 584 558 773
person 0.599485 1485 366 1510 389
person 0.540865 314 296 1908 449
person 0.518370 1225 332 1249 395
person 0.508588 366 346 384 374
person 0.498607 627 325 640 357
person 0.427308 1271 374 1294 421
person 0.424737 1263 320 1290 408
person 0.380403 1775 318 1797 362
person 0.352817 293 357 315 384
person 0.322430 722 329 734 349
