person 0.992664 1488 505 1568 688
person 0.990380 1796 385 1851 556
person 0.987765 580 447 625 539
person 0.983011 831 540 906 725
person 0.975196 38 511 94 644
person 0.967675 436 581 541 789
person 0.966882 1684 360 1722 451
person 0.966267 806 447 864 602
person 0.948181 1153 415 1194 527
person 0.939663 1751 378 1786 474
person 0.913753 383 406 414 496
person 0.877713 378 605 495 793
person 0.785428 610 330 625 361
person 0.764933 1105 391 1138 469
person 0.744675 1183 333 1213 404
person 0.720953 1627 348 1653 409
person 0.662076 1747 313 1771 365
person 0.652598 482 586 555 766
person 0.574078 1483 366 1510 389
person 0.545617 366 345 385 373
person 0.531571 342 295 1871 449
person 0.493190 1268 357 1291 410
person 0.470707 1224 333 1249 393
person 0.433324 627 326 640 357
person 0.375092 1115 419 1139 466
person 0.383615 722 328 734 349
person 0.344635 295 356 318 384
person 0.297926 1775 318 1797 361
person 0.272438 1263 334 1285 395
person 0.992019 1482 506 1568 691
person 0.986990 1793 388 1850 552
person 0.981365 823 538 906 725
person 0.978444 576 448 621 538
person 0.971941 1682 361 1721 449
person 0.970181 799 452 857 597
person 0.966387 455 583 540 776
person 0.963879 1154 414 1193 527
person 0.961546 369 602 483 801
person 0.959952 36 515 92 639
person 0.952514 380 405 415 498
person 0.932179 1751 378 1784 476
person 0.830943 1104 395 1140 484
person 0.793184 610 329 627 360
person 0.756729 1626 351 1654 409
person 0.718927 1182 336 1212 402
person 0.593810 1747 313 1771 364
person 0.571266 1224 334 1249 395
person 0.491962 1262 322 1291 411
person 0.448496 1483 367 1509 389
person 0.433157 354 293 1872 449
person 0.355605 295 360 322 393
person 0.341210 626 327 640 358
person 0.308301 1774 317 1798 362
person 0.304822 721 328 734 349
person 0.286957 367 346 386 372
