person 0.994634 1468 506 1566 692
person 0.993375 1789 389 1847 551
person 0.977082 462 581 536 763
person 0.975331 1748 378 1780 474
person 0.973640 1680 361 1720 449
person 0.973282 358 618 476 806
person 0.970984 1154 418 1192 526
person 0.969931 792 452 845 597
person 0.967704 820 537 903 724
person 0.954712 571 452 618 536
person 0.949099 377 405 411 498
person 0.927549 39 517 90 635
person 0.869432 1621 337 1656 416
person 0.849346 1097 399 1138 480
person 0.790212 611 330 627 360
person 0.717899 1183 337 1212 401
person 0.594099 1748 315 1772 364
person 0.582130 1224 335 1248 395
person 0.494088 1483 368 1510 390
person 0.448317 345 294 1881 451
person 0.421705 627 327 641 358
person 0.415477 1265 359 1290 409
person 0.376458 1809 315 1839 365
person 0.270264 1111 421 1138 467
person 0.349509 1776 317 1798 363
person 0.344419 1262 339 1296 421
person 0.296296 298 363 320 391
person 0.288493 1265 334 1287 394
person 0.993756 1466 506 1566 693
person 0.990220 462 567 537 755
person 0.978751 1789 391 1847 549
person 0.978529 781 433 830 616
person 0.977216 1152 417 1192 529
person 0.974002 336 620 459 809
person 0.971386 820 534 900 725
person 0.963269 375 404 409 498
person 0.959557 1680 362 1720 450
person 0.957846 1747 378 1779 474
person 0.940679 33 516 86 637
person 0.928989 566 454 605 534
person 0.847390 1621 337 1656 416
person 0.797869 611 330 626 362
person 0.726901 1093 401 1135 480
person 0.671452 1183 336 1214 401
person 0.664762 1746 314 1770 365
person 0.550151 1483 366 1511 390
person 0.549660 367 345 384 373
person 0.537003 1224 333 1249 395
person 0.349165 1105 422 1133 468
person 0.429670 1262 323 1291 408
person 0.414701 343 294 1874 452
person 0.386031 295 356 318 385
person 0.347562 626 327 640 358
person 0.321728 722 329 735 349
person 0.321581 266 348 283 379
person 0.309338 1775 317 1798 362
person 0.302465 427 345 442 368
person 0.281984 529 326 543 354
