person 0.993623 1464 504 1566 692
person 0.992035 774 434 829 619
person 0.987148 456 571 537 751
person 0.986748 1785 394 1845 547
person 0.983673 1150 417 1191 530
person 0.980607 305 616 424 815
person 0.975304 1743 377 1775 472
person 0.971767 817 516 895 719
person 0.966455 1678 364 1710 450
person 0.964750 558 454 602 537
person 0.934155 30 531 76 650
person 0.917321 372 405 403 495
person 0.764269 611 331 625 362
person 0.699694 1183 336 1214 401
person 0.663816 1746 315 1770 364
person 0.636877 1624 348 1652 410
person 0.579772 1088 402 1114 452
person 0.548743 1101 421 1129 468
person 0.548233 1266 357 1290 410
person 0.535694 1224 334 1249 392
person 0.489574 1484 366 1510 390
person 0.422234 344 294 1872 449
person 0.416849 1091 405 1133 478
person 0.384034 295 356 318 385
person 0.372389 366 344 384 373
person 0.358911 626 328 640 358
person 0.354457 721 329 735 349
person 0.329078 1776 318 1798 362
person 0.319427 267 349 284 379
person 0.286508 1809 316 1840 363
person 0.252342 527 326 542 354
person 0.253874 1014 317 1028 342
person 0.995200 769 443 821 610
person 0.993766 300 622 408 810
person 0.993664 1467 505 1562 692
person 0.992867 452 573 534 749
person 0.989801 816 517 899 716
person 0.988242 1676 364 1710 451
person 0.980340 1742 377 1775 474
person 0.977675 552 456 608 545
person 0.977041 1783 396 1843 546
person 0.958395 368 403 405 497
person 0.957283 1147 419 1189 528
person 0.949534 27 521 81 630
person 0.803590 1623 351 1651 409
person 0.759284 611 330 626 363
person 0.652839 1183 336 1214 401
person 0.644752 1082 394 1118 469
person 0.629089 1265 357 1289 410
person 0.603600 368 345 384 372
person 0.467713 1097 425 1128 470
person 0.544526 1748 316 1770 363
person 0.502574 1483 366 1510 389
person 0.429926 1224 336 1248 390
person 0.416675 295 355 317 384
person 0.407493 268 349 285 379
person 0.394662 360 293 1857 451
person 0.373617 427 345 441 368
person 0.360828 355 347 370 373
person 0.352115 626 328 639 359
person 0.331264 1776 318 1797 361
person 0.288942 528 326 542 354
person 0.289759 721 329 732 348
person 0.266613 1084 405 1110 450
person 0.276969 1013 316 1028 342
