person 0.997544 764 444 813 617
person 0.994051 450 571 536 750
person 0.994079 816 516 898 717
person 0.993204 1468 505 1559 693
person 0.988061 293 623 399 806
person 0.987181 1676 365 1709 451
person 0.986997 1736 377 1773 475
person 0.986104 25 517 80 634
person 0.985799 546 455 602 547
person 0.981390 364 404 405 498
person 0.966886 1146 418 1186 529
person 0.962420 1781 398 1843 542
person 0.906269 1075 391 1108 470
person 0.705850 611 330 626 363
person 0.658529 1746 316 1769 364
person 0.634988 1266 357 1288 413
person 0.596119 1184 337 1214 400
person 0.551290 1484 366 1510 390
person 0.531457 1621 348 1648 407
person 0.463550 365 293 1856 447
person 0.434383 368 344 385 372
person 0.419164 1224 336 1248 390
person 0.408122 295 356 317 385
person 0.404646 626 329 640 359
person 0.334871 1778 317 1799 362
person 0.331228 427 346 442 369
person 0.327965 268 350 285 379
person 0.313745 721 329 733 349
person 0.293869 1811 316 1839 363
person 0.994320 1461 504 1560 691
person 0.992342 817 515 894 718
person 0.989465 25 515 77 638
person 0.988967 754 456 804 608
person 0.988750 280 623 391 807
person 0.988037 1779 399 1833 544
person 0.987616 454 572 528 748
person 0.987048 1675 365 1706 450
person 0.986913 1730 379 1769 477
person 0.984890 539 457 600 547
person 0.982272 1143 417 1184 528
person 0.980763 362 400 399 498
person 0.873762 1068 391 1104 473
person 0.717665 1746 314 1770 365
person 0.702143 612 330 627 362
person 0.659348 1184 337 1213 401
person 0.541907 1076 419 1104 466
person 0.570610 1616 348 1643 408
person 0.547062 1484 366 1510 389
person 0.532964 1223 335 1248 395
person 0.488862 372 291 1844 443
person 0.457854 1265 359 1287 411
person 0.455383 295 355 316 385
person 0.433374 627 329 640 359
person 0.397003 1777 318 1800 362
person 0.373572 1261 320 1288 409
person 0.371595 1812 317 1839 364
person 0.334239 722 328 734 348
person 0.294314 368 345 384 373
person 0.270865 269 350 285 379
