person 0.995784 1460 504 1559 691
person 0.993941 1778 396 1832 545
person 0.992594 814 516 895 715
person 0.992204 258 615 393 807
person 0.990941 742 439 800 616
person 0.990763 1726 380 1768 477
person 0.990484 1673 365 1705 452
person 0.989261 447 577 520 743
person 0.983721 25 516 79 637
person 0.975907 534 456 594 549
person 0.964097 1142 416 1184 524
person 0.953821 360 401 397 500
person 0.865301 1064 401 1108 478
person 0.760209 611 330 626 360
person 0.725923 1183 337 1212 401
person 0.699538 1746 313 1769 366
person 0.641978 1616 351 1642 406
person 0.630019 1224 336 1248 397
person 0.561943 1484 366 1509 389
person 0.514101 1264 358 1287 410
person 0.508269 607 289 1901 443
person 0.480832 294 355 317 385
person 0.459651 626 328 640 358
person 0.436230 1609 355 1632 400
person 0.289746 1077 425 1103 461
person 0.380232 722 328 735 349
person 0.375190 1776 318 1799 362
person 0.360439 1811 314 1838 364
person 0.348764 1259 322 1288 407
person 0.286566 268 350 285 379
person 0.285367 369 344 387 373
person 0.994957 1459 504 1555 692
person 0.994251 244 617 384 807
person 0.990366 739 435 794 615
person 0.989062 1674 364 1704 451
person 0.987762 814 517 891 717
person 0.987276 24 515 80 637
person 0.985645 1777 401 1830 540
person 0.984387 1725 380 1766 478
person 0.980604 447 573 514 744
person 0.978010 1140 420 1182 521
person 0.968547 532 458 588 544
person 0.948678 358 403 394 499
person 0.807175 1058 393 1095 470
person 0.778590 611 330 626 360
person 0.734107 1183 337 1213 401
person 0.727148 1614 352 1643 410
person 0.659438 1223 335 1248 398
person 0.626409 1746 313 1770 365
person 0.571563 1483 366 1510 389
person 0.312387 1073 424 1100 461
person 0.468780 626 328 640 358
person 0.450402 374 293 1846 446
person 0.437299 1264 358 1286 408
person 0.410612 294 355 317 385
person 0.383525 1777 318 1799 361
person 0.376043 1811 315 1838 364
person 0.338473 722 327 735 349
person 0.328282 1259 322 1288 406
person 0.293222 1012 317 1026 341
person 0.291907 369 345 387 372
person 0.273880 268 350 285 379
person 0.264316 1334 314 1346 337
