person 0.996421 1456 499 1547 694
person 0.991672 732 439 787 611
person 0.989683 815 514 891 719
person 0.986295 1673 363 1703 450
person 0.985345 23 515 82 634
person 0.983970 236 616 346 804
person 0.981841 1721 379 1764 479
person 0.981065 445 574 509 743
person 0.980844 1776 402 1827 534
person 0.971341 1139 417 1177 525
person 0.949965 357 402 392 499
person 0.935713 527 460 571 548
person 0.800597 1054 401 1098 476
person 0.744720 1183 337 1213 401
person 0.740857 611 329 626 360
person 0.651462 1224 335 1249 398
person 0.647706 1746 312 1770 365
person 0.612206 1484 366 1509 390
person 0.581739 1607 353 1630 403
person 0.472296 627 328 640 358
person 0.260535 1070 424 1096 459
person 0.451969 587 292 1919 444
person 0.448000 368 343 385 374
person 0.426271 296 354 317 384
person 0.412236 1264 334 1286 396
person 0.382802 1617 338 1641 394
person 0.350350 1777 317 1800 362
person 0.318147 1810 314 1837 364
person 0.317691 1011 316 1025 342
person 0.314280 269 350 286 379
person 0.308169 723 328 735 349
person 0.267834 353 345 370 376
person 0.996775 1455 497 1537 693
person 0.993605 725 443 778 608
person 0.990422 238 622 327 803
person 0.989232 1672 363 1702 450
person 0.986110 812 517 887 717
person 0.981007 439 569 502 741
person 0.980999 24 515 82 632
person 0.979404 1773 396 1824 539
person 0.978728 523 464 568 549
person 0.975886 1139 419 1174 520
person 0.974371 1719 380 1761 480
person 0.913519 356 404 391 498
person 0.741543 610 329 624 359
person 0.732190 1053 401 1095 477
person 0.718838 1185 337 1213 401
person 0.716628 1607 354 1631 404
person 0.671767 1746 312 1770 365
person 0.598549 1224 335 1248 397
person 0.576459 1484 366 1509 390
person 0.516612 627 328 641 357
person 0.437390 1265 334 1286 396
person 0.424296 589 293 1919 444
person 0.369991 296 354 316 384
person 0.368424 367 343 385 374
person 0.345412 1776 316 1800 362
person 0.310524 352 345 369 376
person 0.286927 1616 341 1640 392
person 0.272529 723 329 735 349
person 0.266196 1012 317 1024 341
person 0.254935 1810 315 1837 364
