person 0.995999 1455 496 1528 687
person 0.994855 717 454 772 601
person 0.991860 218 619 292 811
person 0.984684 811 517 887 717
person 0.983256 521 464 564 550
person 0.982795 1770 391 1819 542
person 0.979990 23 516 81 631
person 0.975939 1671 361 1702 451
person 0.975319 1718 379 1758 477
person 0.968020 437 568 498 739
person 0.965027 1135 416 1172 525
person 0.762417 351 404 380 493
person 0.727364 1606 354 1630 404
person 0.712732 609 328 624 359
person 0.666716 1746 312 1770 366
person 0.661830 1184 336 1214 402
person 0.627267 1043 402 1089 476
person 0.599887 1483 366 1510 390
person 0.593638 1224 334 1248 398
person 0.471922 627 328 641 357
person 0.439796 1264 333 1286 396
person 0.370922 373 295 1853 447
person 0.258909 1062 425 1090 468
person 0.345505 352 346 368 378
person 0.334770 1776 317 1800 362
person 0.325611 296 354 315 383
person 0.314181 368 343 384 374
person 0.301836 1809 314 1837 364
person 0.284475 722 327 735 348
person 0.279729 270 349 287 379
person 0.998222 705 437 763 619
person 0.994556 1454 492 1522 687
person 0.992691 20 514 82 632
person 0.986514 434 566 492 742
person 0.986267 1767 392 1815 543
person 0.985681 810 518 885 716
person 0.984649 517 463 560 552
person 0.980945 200 622 267 812
person 0.974694 1670 361 1698 449
person 0.959135 1717 379 1758 475
person 0.952726 1134 419 1169 523
person 0.881087 350 405 379 493
person 0.742283 609 328 624 358
person 0.730181 1605 352 1629 407
person 0.709808 1040 391 1075 471
person 0.648007 1746 313 1769 365
person 0.598339 1184 337 1216 401
person 0.593484 1483 366 1510 390
person 0.584822 1224 333 1249 398
person 0.487191 1264 333 1287 396
person 0.427964 366 294 1862 448
person 0.423923 297 354 315 383
person 0.410339 627 328 640 357
person 0.394271 352 347 367 376
person 0.350353 1042 403 1066 451
person 0.360737 270 350 286 378
person 0.356370 368 344 384 373
person 0.355431 1777 318 1801 362
person 0.322040 1810 315 1837 364
person 0.279391 721 328 734 349
