person 0.998058 702 443 759 623
person 0.993510 1759 391 1809 545
person 0.993415 429 567 491 742
person 0.992609 510 461 558 553
person 0.986497 812 519 883 716
person 0.985915 20 516 80 631
person 0.981110 1451 491 1516 686
person 0.979817 171 620 260 808
person 0.975340 1668 361 1697 448
person 0.929494 1132 418 1168 524
person 0.902870 346 405 380 493
person 0.884941 1605 352 1628 407
person 0.881859 1033 389 1073 473
person 0.849917 1718 381 1755 473
person 0.716689 610 329 624 359
person 0.609756 1745 313 1769 366
person 0.564603 1483 365 1509 390
person 0.532347 1184 339 1216 399
person 0.530753 1224 333 1249 397
person 0.480311 1257 321 1287 404
person 0.453435 627 329 640 357
person 0.423605 352 347 367 376
person 0.408299 387 293 1845 450
person 0.363965 296 354 315 383
person 0.335451 1777 319 1801 362
person 0.326123 369 344 384 373
person 0.304283 270 349 286 378
person 0.271861 1810 315 1837 364
person 0.269947 722 328 734 348
person 0.261874 298 363 320 391
person 0.251879 1262 356 1283 406
person 0.998546 698 446 752 623
person 0.995098 427 566 493 739
person 0.990821 19 516 77 632
person 0.990730 505 462 555 554
person 0.990632 156 616 262 805
person 0.990119 1757 389 1808 547
person 0.989072 812 518 882 716
person 0.982516 1449 491 1513 685
person 0.978846 1667 361 1696 449
person 0.966654 1128 426 1172 540
person 0.939274 1713 381 1750 475
person 0.923155 1025 402 1074 476
person 0.842659 344 406 378 497
person 0.811176 1605 352 1627 405
person 0.722699 609 329 623 359
person 0.671611 1745 313 1769 365
person 0.609751 1483 365 1509 390
person 0.588501 1185 338 1216 399
person 0.541787 1224 333 1249 396
person 0.505135 352 346 367 372
person 0.469442 627 327 640 357
person 0.452851 374 292 1846 450
person 0.438288 1265 333 1287 395
person 0.416544 296 354 316 383
person 0.407591 1778 317 1801 362
person 0.375313 270 349 287 378
person 0.325024 1810 313 1836 364
person 0.308689 370 343 384 370
person 0.301921 299 363 321 391
person 0.287458 721 327 734 348
person 0.251552 428 347 441 367
person 0.250978 1149 331 1164 351
