person 0.996883 690 453 744 618
person 0.996349 423 567 492 735
person 0.995128 139 600 253 801
person 0.992128 811 520 879 716
person 0.991650 1757 395 1806 542
person 0.989599 501 465 551 555
person 0.984106 19 517 78 632
person 0.977931 1712 382 1747 475
person 0.972923 1663 362 1693 447
person 0.972525 1446 489 1512 687
person 0.915529 1020 400 1070 478
person 0.909409 1604 354 1628 405
person 0.899625 1127 427 1170 540
person 0.870171 342 406 374 498
person 0.765197 609 328 623 359
person 0.726744 1745 313 1768 366
person 0.675014 1483 366 1509 390
person 0.568258 1223 333 1248 397
person 0.563485 1184 339 1216 399
person 0.520403 295 353 315 383
person 0.517873 628 326 641 357
person 0.485924 352 345 368 375
person 0.442499 346 292 1869 445
person 0.403495 1778 318 1801 362
person 0.373389 1256 321 1287 405
person 0.368911 270 349 287 379
person 0.343857 1006 315 1020 340
person 0.337077 721 326 734 348
person 0.316293 1811 315 1835 363
person 0.271302 1262 357 1283 407
person 0.264417 1149 331 1163 351
person 0.250709 367 342 383 372
person 0.996848 123 603 248 794
person 0.994289 421 571 494 730
person 0.992540 812 520 878 715
person 0.991509 683 457 738 615
person 0.987819 1754 397 1806 539
person 0.986686 17 517 76 629
person 0.976779 499 465 545 555
person 0.974447 1661 362 1692 450
person 0.972859 1708 379 1745 475
person 0.958268 1117 422 1162 542
person 0.953845 1440 489 1506 684
person 0.925199 1604 354 1628 405
person 0.924655 333 415 379 505
person 0.866407 1016 400 1067 475
person 0.787676 608 328 623 359
person 0.739347 1744 312 1768 366
person 0.694685 1483 366 1510 390
person 0.558879 1224 333 1248 396
person 0.547199 1184 339 1216 399
person 0.522866 629 327 642 358
person 0.521366 295 354 315 384
person 0.493540 1778 318 1801 362
person 0.441798 270 349 287 379
person 0.431594 352 345 367 373
person 0.430070 359 292 1862 446
person 0.386782 1004 313 1019 341
person 0.367633 1811 315 1835 363
person 0.347638 1262 355 1285 411
person 0.342989 1257 320 1288 408
person 0.312237 721 326 734 348
person 0.302532 369 342 385 371
person 0.280915 1267 336 1288 392
