person 0.997364 763 266 807 384
person 0.987388 1317 241 1358 355
person 0.986592 941 266 998 393
person 0.940315 1562 228 1596 320
person 0.928880 674 221 705 302
person 0.921814 0 239 33 330
person 0.894061 1659 193 1696 291
person 0.864110 1042 220 1073 300
person 0.827174 1275 231 1304 330
person 0.779472 1357 304 1426 417
person 0.764096 494 165 512 197
person 0.761797 607 163 624 193
person 0.742895 1400 203 1440 318
person 0.682203 455 167 475 199
person 0.630071 626 162 644 192
person 0.603590 997 233 1022 287
person 0.544241 558 163 574 189
person 0.531819 166 134 1787 290
person 0.500518 448 177 470 205
person 0.423210 974 230 996 281
person 0.391939 967 213 999 302
person 0.314474 750 149 762 172
person 0.308533 822 169 833 186
person 0.292142 970 216 991 269
person 0.271161 782 150 794 168
person 0.257942 830 147 841 169
person 0.997896 765 267 808 382
person 0.989371 1318 238 1361 353
person 0.983820 941 265 995 390
person 0.930503 1560 228 1595 317
person 0.926595 0 240 33 330
person 0.920687 673 221 705 301
person 0.869138 1280 231 1311 332
person 0.844513 1655 194 1694 292
person 0.798368 495 165 511 196
person 0.792527 607 163 623 192
person 0.760940 1046 219 1076 298
person 0.751295 456 165 475 198
person 0.616041 991 235 1027 317
person 0.602610 1001 236 1025 286
person 0.605437 627 161 643 192
person 0.596403 1402 205 1440 319
person 0.571072 559 162 574 189
person 0.512444 148 132 1799 289
person 0.422724 968 215 991 268
person 0.419349 1361 309 1433 417
person 0.397610 753 149 764 173
person 0.359774 784 148 796 169
person 0.344464 964 213 998 299
person 0.337109 449 178 471 205
person 0.324034 1382 202 1450 424
person 0.306029 831 146 842 169
