person 0.993685 810 522 874 714
person 0.990331 106 605 240 796
person 0.988620 19 517 74 628
person 0.984777 420 578 491 728
person 0.973178 1657 362 1691 450
person 0.972838 1436 490 1502 684
person 0.965010 666 458 731 615
person 0.962378 1115 421 1163 544
person 0.953235 1752 398 1800 541
person 0.942430 334 405 372 501
person 0.927397 1707 380 1741 475
person 0.908146 495 465 543 560
person 0.834489 1602 353 1627 405
person 0.766403 1744 312 1768 366
person 0.749385 608 327 623 359
person 0.746558 1008 391 1045 472
person 0.606103 1483 366 1510 389
person 0.529039 1779 317 1802 362
person 0.516316 295 354 315 384
person 0.491324 1184 339 1217 398
person 0.491094 1223 333 1248 396
person 0.479409 269 349 286 380
person 0.463310 628 325 642 358
person 0.448410 358 294 1865 450
person 0.411537 351 345 366 373
person 0.386065 1256 320 1288 409
person 0.382662 1811 315 1835 363
person 0.374413 1003 314 1017 342
person 0.300344 721 325 734 348
person 0.298017 1262 355 1284 411
person 0.283564 370 343 384 370
person 0.254446 1267 335 1288 392
person 0.996500 806 522 874 713
person 0.993113 417 573 487 731
person 0.985647 15 516 73 629
person 0.982087 95 601 215 799
person 0.970698 1436 489 1502 684
person 0.966654 663 466 727 619
person 0.965526 1656 361 1689 449
person 0.954242 489 468 533 564
person 0.954126 1113 424 1164 544
person 0.937278 1751 401 1799 537
person 0.929104 332 406 371 500
person 0.897099 1707 380 1739 472
person 0.852060 1002 390 1034 471
person 0.846298 1598 353 1624 406
person 0.751815 608 327 623 360
person 0.722644 1744 313 1767 366
person 0.613846 1483 366 1510 390
person 0.553960 1779 318 1802 362
person 0.544742 1185 338 1216 399
person 0.515113 629 326 643 358
person 0.509609 269 348 287 379
person 0.503906 1223 332 1248 395
person 0.501929 1256 321 1287 409
person 0.492812 296 354 316 384
person 0.425628 352 344 366 371
person 0.418475 1002 314 1017 342
person 0.418171 361 295 1863 446
person 0.336449 1811 316 1835 362
person 0.321811 721 325 734 349
person 0.277780 1007 406 1029 451
person 0.307366 1267 333 1288 393
person 0.302448 1262 356 1284 409
person 0.269501 1149 330 1164 351
person 0.266712 370 342 384 369
