person 0.997352 807 522 872 712
person 0.990014 67 603 187 800
person 0.988989 15 514 72 628
person 0.987148 1741 392 1796 549
person 0.986123 1112 423 1162 543
person 0.985122 418 570 479 735
person 0.980108 1431 492 1501 680
person 0.976747 487 469 529 563
person 0.963734 1654 361 1687 450
person 0.963531 645 472 731 612
person 0.949923 1704 379 1736 474
person 0.936866 328 405 372 502
person 0.810187 1596 352 1621 406
person 0.774742 1744 313 1768 367
person 0.720992 608 327 623 360
person 0.697421 997 391 1031 469
person 0.631508 1185 337 1215 399
person 0.607611 1483 366 1510 390
person 0.589359 1779 318 1801 362
person 0.566881 1224 333 1248 395
person 0.557677 628 326 642 358
person 0.536456 1002 314 1017 342
person 0.535750 1256 321 1287 408
person 0.498324 296 354 317 383
person 0.470280 1003 403 1025 451
person 0.442157 270 348 288 379
person 0.437469 352 344 367 372
person 0.417588 365 295 1859 448
person 0.403093 1812 316 1835 363
person 0.371787 1269 334 1289 393
person 0.373233 370 342 385 370
person 0.355552 1148 331 1163 351
person 0.341650 1262 355 1284 408
person 0.268435 722 325 734 348
person 0.996117 39 606 127 796
person 0.994578 1025 399 1075 509
person 0.991807 304 440 348 539
person 0.985351 455 417 495 517
person 0.982641 1269 386 1320 494
person 0.982075 1394 434 1456 546
person 0.981423 551 397 590 480
person 0.962375 1502 438 1559 569
person 0.959288 810 496 871 619
person 0.927938 1506 372 1548 449
person 0.823700 1147 341 1171 400
person 0.805645 337 342 355 376
person 0.740881 1113 341 1138 398
person 0.715800 1692 335 1731 407
person 0.711696 1396 345 1429 432
person 0.608735 562 335 573 358
person 0.583867 599 338 610 361
person 0.578088 530 336 540 358
person 0.520440 457 335 469 363
person 0.505911 207 301 1746 440
person 0.484295 1217 341 1251 423
person 0.475544 278 350 293 376
person 0.410034 1818 320 1840 358
person 0.407014 294 354 311 382
person 0.392904 1823 309 1841 343
person 0.374022 1780 322 1802 359
person 0.353018 1748 320 1771 361
person 0.332990 1263 320 1280 358
person 0.321802 1784 307 1802 341
person 0.300803 664 326 675 348
person 0.276334 403 342 417 370
person 0.272510 605 345 617 364
person 0.254742 1291 321 1308 353
