person 0.994399 304 440 345 536
person 0.992355 1259 393 1307 493
person 0.991291 1021 402 1073 516
person 0.991023 454 417 495 519
person 0.982662 38 605 120 797
person 0.982533 1388 433 1452 550
person 0.977360 1491 444 1553 565
person 0.974242 549 397 588 480
person 0.971597 802 497 872 629
person 0.941099 1505 372 1545 450
person 0.849032 336 342 355 377
person 0.800179 1147 341 1170 400
person 0.713441 1692 335 1732 407
person 0.670230 1113 341 1138 399
person 0.661960 563 335 573 357
person 0.608892 599 338 610 361
person 0.513735 458 334 469 363
person 0.509709 1396 344 1428 430
person 0.503652 532 336 541 358
person 0.492313 177 301 1778 445
person 0.475097 294 354 312 381
person 0.438917 279 350 295 377
person 0.417985 1824 309 1841 342
person 0.380151 1219 357 1244 414
person 0.379901 1817 322 1840 358
person 0.367823 1780 323 1803 359
person 0.363262 1291 321 1308 355
person 0.345890 1748 322 1770 358
person 0.329734 1265 321 1281 355
person 0.313110 1784 308 1802 341
person 0.260334 664 326 675 347
person 0.252667 1740 313 1756 339
person 0.994903 303 438 343 535
person 0.993437 451 418 495 519
person 0.991202 15 604 108 793
person 0.988668 547 397 588 480
person 0.988325 1020 404 1069 516
person 0.986169 799 497 866 630
person 0.984761 1257 396 1303 493
person 0.957698 1379 431 1447 555
person 0.923348 1504 372 1543 449
person 0.856661 1146 341 1170 400
person 0.836314 335 342 355 378
person 0.789708 1476 451 1537 552
person 0.727480 1113 341 1138 399
person 0.686621 565 335 575 357
person 0.650169 1691 335 1732 406
person 0.613405 1397 345 1428 430
person 0.588231 528 336 538 358
person 0.584654 598 338 609 361
person 0.506017 458 334 470 363
person 0.451625 294 354 312 381
person 0.432891 179 299 1778 441
person 0.408960 1214 341 1247 424
person 0.408423 1290 321 1309 357
person 0.393116 279 350 295 377
person 0.379983 1264 322 1281 358
person 0.376156 1824 309 1841 343
person 0.356493 1780 322 1803 359
person 0.353932 1818 321 1840 358
person 0.287293 1746 321 1767 357
person 0.280166 664 327 675 346
person 0.275734 1738 313 1753 339
person 0.267487 757 327 766 343
person 0.265051 1784 307 1801 341
