person 0.995465 450 417 495 520
person 0.994749 796 495 851 619
person 0.993363 302 439 338 536
person 0.991139 1252 399 1301 492
person 0.988299 546 397 586 479
person 0.987117 11 603 100 792
person 0.985341 1016 408 1067 516
person 0.958349 1471 448 1541 557
person 0.923250 1504 372 1541 449
person 0.865860 1145 341 1170 400
person 0.847962 336 342 355 378
person 0.812403 1692 336 1728 416
person 0.781425 1394 352 1426 452
person 0.775248 1372 445 1448 558
person 0.743556 1113 341 1137 398
person 0.675506 564 335 575 357
person 0.552903 597 338 608 360
person 0.508911 405 296 1812 449
person 0.473697 1289 322 1308 360
person 0.428023 459 335 470 362
person 0.424958 1263 322 1281 359
person 0.423278 534 336 544 358
person 0.418218 294 354 312 382
person 0.408721 280 351 295 377
person 0.405736 1824 309 1842 343
person 0.391042 1781 322 1803 359
person 0.389113 1220 359 1243 409
person 0.367111 1818 322 1841 357
person 0.324212 1745 321 1767 358
person 0.278565 404 343 418 369
person 0.267862 1784 308 1802 341
person 0.263099 1221 339 1245 392
person 0.260295 1739 312 1754 339
person 0.258477 605 345 617 364
person 0.995370 297 438 337 537
person 0.994693 446 420 497 519
person 0.994572 1248 399 1295 492
person 0.993860 793 492 846 622
person 0.991964 543 398 585 479
person 0.989524 1012 412 1067 516
person 0.983042 8 601 97 790
person 0.975297 1467 449 1539 559
person 0.944876 1502 370 1539 451
person 0.939800 1365 432 1428 555
person 0.896067 336 342 355 377
person 0.857529 1146 341 1171 400
person 0.781337 1395 342 1425 430
person 0.761696 1113 341 1138 398
person 0.688617 564 334 575 357
person 0.624279 1692 337 1727 417
person 0.579927 532 337 542 359
person 0.557796 369 295 1845 449
person 0.518403 597 338 609 361
person 0.513703 280 349 296 377
person 0.472399 1263 321 1280 360
person 0.470624 1290 322 1308 357
person 0.466472 1218 359 1242 409
person 0.461664 293 353 311 382
person 0.427894 459 335 470 362
person 0.387947 1782 322 1804 359
person 0.381541 1823 310 1842 343
person 0.377056 1818 321 1840 358
person 0.333625 404 343 418 370
person 0.326900 1747 322 1768 357
person 0.284269 605 345 618 363
person 0.269943 1784 307 1802 342
person 0.261737 1222 340 1245 392
