person 0.993964 1242 398 1291 494
person 0.993823 293 437 335 539
person 0.993749 444 421 495 517
person 0.986381 789 489 841 623
person 0.983251 1011 411 1065 518
person 0.977929 542 398 581 479
person 0.977246 10 599 87 792
person 0.945148 1457 451 1538 561
person 0.942941 1500 369 1538 453
person 0.895801 1394 343 1426 431
person 0.879614 335 342 354 378
person 0.868362 1365 434 1426 550
person 0.827995 1146 341 1171 400
person 0.727508 1113 341 1137 398
person 0.718142 565 334 576 358
person 0.637655 1696 338 1727 397
person 0.630767 531 336 541 358
person 0.538342 598 337 609 361
person 0.536786 372 297 1841 449
person 0.485237 1289 321 1309 360
person 0.470231 1216 357 1241 411
person 0.441274 1781 321 1805 360
person 0.417876 280 350 297 377
person 0.415878 1263 321 1281 360
person 0.409688 294 353 312 381
person 0.408443 1818 321 1841 358
person 0.400610 1823 309 1842 344
person 0.370014 1746 321 1767 356
person 0.328215 460 335 471 362
person 0.307468 1246 360 1274 409
person 0.303463 403 342 418 370
person 0.279039 1784 306 1803 344
person 0.270702 1869 291 1881 309
person 0.994055 291 436 333 539
person 0.991934 440 420 494 520
person 0.985275 997 412 1060 520
person 0.984446 1240 398 1284 494
person 0.977091 539 399 581 479
person 0.976444 8 598 84 794
person 0.962630 785 493 830 616
person 0.935386 1499 367 1536 455
person 0.932464 1362 443 1425 567
person 0.920361 336 342 355 378
person 0.895733 1392 350 1429 445
person 0.838697 1691 336 1727 417
person 0.827387 1433 450 1546 565
person 0.799307 1147 341 1172 399
person 0.717076 1113 340 1137 398
person 0.669261 565 334 577 357
person 0.613288 533 337 542 358
person 0.551609 1289 320 1309 362
person 0.538856 351 298 1859 451
person 0.530823 597 337 608 360
person 0.489674 280 350 296 377
person 0.465818 1217 358 1243 413
person 0.444467 293 353 311 381
person 0.394187 1824 309 1842 344
person 0.389915 1262 320 1281 360
person 0.378525 1781 320 1804 359
person 0.376096 403 342 418 370
person 0.364116 1818 321 1841 358
person 0.306485 460 335 470 361
person 0.287551 1747 322 1768 354
person 0.285849 1868 290 1881 308
person 0.266071 1783 307 1803 344
person 0.256330 607 346 619 363
