person 0.994076 287 435 330 541
person 0.991676 440 421 491 520
person 0.990379 1357 436 1419 575
person 0.983210 998 415 1058 520
person 0.978032 777 491 829 618
person 0.961604 1 596 74 793
person 0.955706 537 399 579 478
person 0.891764 337 343 355 377
person 0.886768 1391 352 1426 444
person 0.882359 1431 449 1538 569
person 0.866230 1691 337 1728 416
person 0.864654 1484 365 1528 456
person 0.851360 1237 401 1281 497
person 0.805446 1147 341 1172 400
person 0.689671 1114 341 1137 397
person 0.649986 565 334 577 356
person 0.627167 533 337 543 358
person 0.547949 597 337 608 360
person 0.523770 1288 320 1309 362
person 0.490799 280 349 296 377
person 0.485021 155 300 1806 447
person 0.427003 1780 321 1803 359
person 0.421074 293 353 311 381
person 0.409448 1824 310 1843 344
person 0.400044 1818 321 1841 358
person 0.371947 1745 321 1766 356
person 0.357402 1263 320 1282 360
person 0.346893 404 342 418 370
person 0.344842 460 336 470 360
person 0.319094 1868 289 1881 307
person 0.285694 1781 306 1800 345
person 0.994185 768 487 825 621
person 0.993917 287 435 330 542
person 0.990406 438 420 486 518
person 0.984610 1348 431 1403 579
person 0.970158 1011 417 1064 518
person 0.963347 536 399 580 478
person 0.954121 0 596 79 787
person 0.922305 1431 452 1497 570
person 0.917244 1481 364 1526 458
person 0.915931 1230 399 1266 495
person 0.890362 336 342 355 378
person 0.880736 1391 343 1427 437
person 0.876829 1691 337 1727 416
person 0.774040 1146 341 1172 400
person 0.643675 1113 341 1137 397
person 0.637774 567 333 578 355
person 0.588092 594 334 606 361
person 0.584649 534 336 544 358
person 0.544699 153 299 1805 451
person 0.517812 1288 320 1310 363
person 0.449609 1780 321 1803 360
person 0.431732 1745 320 1767 358
person 0.429310 281 349 297 378
person 0.410840 1823 310 1841 343
person 0.403634 1818 322 1840 358
person 0.391730 293 352 311 381
person 0.355532 459 336 470 362
person 0.353861 1868 290 1880 307
person 0.351280 1263 320 1282 360
person 0.318531 404 343 419 369
person 0.265783 1781 307 1799 344
