person 0.996149 763 489 821 619
person 0.995822 285 435 328 543
person 0.990572 437 420 485 521
person 0.981511 1338 441 1404 571
person 0.981190 1012 415 1062 520
person 0.953122 1422 455 1486 566
person 0.948429 0 595 76 778
person 0.938911 530 401 569 477
person 0.932087 1480 365 1525 456
person 0.924876 1691 337 1727 416
person 0.874354 1389 350 1430 445
person 0.851073 1225 393 1262 499
person 0.833155 336 342 355 377
person 0.784860 1146 341 1172 400
person 0.687733 1114 341 1137 397
person 0.602771 568 334 579 356
person 0.573901 594 334 606 361
person 0.533845 1289 320 1310 363
person 0.520367 534 336 544 358
person 0.482094 165 299 1790 447
person 0.440097 1780 321 1802 360
person 0.439879 1823 310 1841 342
person 0.429219 1743 320 1765 358
person 0.411040 281 350 297 378
person 0.409756 292 353 312 382
person 0.405127 459 337 470 363
person 0.391311 1262 320 1281 361
person 0.348721 1818 323 1841 357
person 0.308587 404 344 418 369
person 0.305465 1252 340 1277 389
person 0.292884 1780 307 1799 344
person 0.284164 1868 290 1880 308
person 0.276947 1215 349 1255 461
person 0.269082 1499 374 1538 459
person 0.998442 759 484 816 625
person 0.996198 283 435 326 545
person 0.991590 435 419 482 522
person 0.989296 1014 412 1063 520
person 0.952835 1477 364 1527 458
person 0.947143 531 401 567 477
person 0.915180 1331 423 1387 586
person 0.909989 1215 393 1260 499
person 0.901356 1691 338 1727 417
person 0.900476 0 612 66 782
person 0.875328 1387 349 1429 447
person 0.774643 1418 454 1475 568
person 0.771007 1146 342 1171 399
person 0.741708 336 343 355 376
person 0.671302 1113 341 1136 396
person 0.570555 593 334 606 361
person 0.563236 569 333 579 355
person 0.561309 533 336 543 357
person 0.495991 342 296 1864 452
person 0.472093 1288 321 1309 364
person 0.469100 1743 320 1765 358
person 0.457294 1781 321 1804 360
person 0.446265 293 353 312 383
person 0.398997 1251 339 1277 390
person 0.396751 281 350 297 378
person 0.382465 1824 310 1842 342
person 0.381048 458 336 470 364
person 0.354905 1818 323 1841 358
person 0.337764 404 344 418 370
person 0.314853 1263 320 1282 362
person 0.307223 455 344 467 366
person 0.299524 1867 290 1879 308
person 0.278290 1781 307 1799 343
