person 0.998507 754 487 811 623
person 0.995715 1016 411 1064 520
person 0.994269 279 436 324 544
person 0.991283 434 419 480 524
person 0.969668 1211 393 1258 500
person 0.961391 1478 364 1528 458
person 0.960666 531 400 566 477
person 0.957023 1325 428 1380 579
person 0.949143 1396 460 1469 566
person 0.931836 1691 338 1727 418
person 0.908826 1386 348 1430 449
person 0.837277 0 627 61 808
person 0.828309 336 342 355 378
person 0.726277 1146 342 1171 398
person 0.649351 1117 349 1141 404
person 0.614485 592 332 606 362
person 0.572534 533 335 543 358
person 0.503595 568 333 580 356
person 0.500808 1288 321 1309 365
person 0.488884 281 350 297 378
person 0.478165 345 297 1863 449
person 0.469611 1780 320 1803 360
person 0.413256 1743 320 1765 358
person 0.404768 1824 310 1842 343
person 0.403817 293 353 311 382
person 0.381608 403 342 418 370
person 0.340985 1263 320 1283 362
person 0.339656 1251 341 1278 390
person 0.337638 1818 322 1840 358
person 0.286008 1780 306 1800 344
person 0.283470 458 337 470 363
person 0.283090 1867 289 1880 308
person 0.272334 1214 363 1246 405
person 0.270728 455 344 466 365
person 0.998730 750 489 809 620
person 0.994782 1015 412 1067 519
person 0.991684 277 437 324 545
person 0.989239 432 417 476 523
person 0.975645 528 399 565 477
person 0.967157 1319 436 1366 542
person 0.965829 1206 401 1256 503
person 0.959062 1477 364 1528 460
person 0.952921 1394 466 1469 577
person 0.908522 1691 338 1728 417
person 0.853814 335 343 355 378
person 0.851513 1388 350 1429 448
person 0.722282 0 615 35 772
person 0.701863 1147 342 1172 399
person 0.689509 1117 349 1141 404
person 0.600269 593 331 606 361
person 0.585202 333 295 1875 448
person 0.529000 533 335 543 358
person 0.521731 281 350 297 378
person 0.468380 1287 321 1309 366
person 0.442907 569 333 581 356
person 0.442158 1780 321 1802 359
person 0.435334 0 597 45 849
person 0.414250 1824 310 1842 342
person 0.403486 1744 321 1766 358
person 0.394745 293 353 311 381
person 0.373236 1251 341 1277 391
person 0.350382 403 342 418 370
person 0.348203 457 336 469 363
person 0.305487 1818 324 1841 357
person 0.296346 1263 321 1282 361
person 0.293455 1867 290 1880 308
person 0.264771 1781 307 1800 343
