person 0.995648 1018 412 1069 520
person 0.994119 272 440 326 545
person 0.991990 746 492 798 618
person 0.988144 429 418 473 520
person 0.982839 527 399 563 478
person 0.967682 1315 438 1369 574
person 0.963565 1477 364 1527 460
person 0.962640 1201 391 1255 504
person 0.926394 1691 337 1728 417
person 0.912716 1367 456 1483 578
person 0.862240 335 343 355 378
person 0.781116 1386 349 1429 451
person 0.773482 1147 341 1172 399
person 0.727770 1116 349 1140 404
person 0.628787 593 332 606 361
person 0.543007 280 349 297 378
person 0.516054 348 296 1861 444
person 0.510241 533 335 543 358
person 0.455723 1288 322 1309 365
person 0.432884 570 334 582 356
person 0.432534 1780 321 1802 359
person 0.407437 1253 342 1277 391
person 0.404093 1823 310 1841 343
person 0.364612 292 352 311 381
person 0.346736 1745 320 1768 358
person 0.338307 1818 322 1840 358
person 0.320673 1264 321 1282 361
person 0.302313 1868 290 1881 308
person 0.292310 1780 306 1800 345
person 0.994963 1020 412 1068 519
person 0.989501 744 495 793 616
person 0.988740 426 418 472 519
person 0.984695 270 445 328 546
person 0.968196 526 398 561 481
person 0.964290 1476 367 1522 467
person 0.931335 1691 337 1728 416
person 0.892217 1198 384 1250 503
person 0.855042 336 344 355 377
person 0.854066 1353 462 1473 580
person 0.814679 1308 435 1356 544
person 0.813458 1381 356 1413 448
person 0.788563 1147 342 1172 399
person 0.735439 594 329 607 361
person 0.716769 1117 348 1141 404
person 0.564871 1399 341 1430 434
person 0.558153 533 334 544 358
person 0.533579 293 351 312 380
person 0.516095 185 296 1771 447
person 0.488753 1779 318 1801 360
person 0.480972 281 349 298 377
person 0.474588 568 331 579 354
person 0.430105 1818 319 1841 359
person 0.417601 1315 450 1427 578
person 0.413739 1288 321 1308 364
person 0.396711 1253 340 1278 390
person 0.332064 1263 321 1282 362
person 0.300810 403 341 418 370
person 0.282680 1747 320 1769 357
person 0.282700 663 323 675 348
person 0.277802 1867 288 1879 307
