person 0.996098 1021 414 1068 521
person 0.993148 736 494 789 617
person 0.977761 523 399 561 481
person 0.975599 424 418 469 521
person 0.975062 267 445 330 546
person 0.963163 1294 438 1349 574
person 0.963214 1474 366 1518 468
person 0.950987 1690 336 1728 416
person 0.928114 1356 463 1420 588
person 0.887412 335 343 356 377
person 0.886424 1185 379 1236 507
person 0.801568 1116 349 1140 404
person 0.786036 1381 360 1411 446
person 0.721868 593 331 607 361
person 0.686730 1148 342 1172 397
person 0.611011 185 296 1767 447
person 0.558956 569 331 580 355
person 0.513889 1778 317 1801 360
person 0.503958 280 348 297 377
person 0.491789 293 351 311 380
person 0.479742 1402 340 1432 430
person 0.469759 533 333 543 356
person 0.456731 1818 317 1840 359
person 0.414655 1253 341 1278 389
person 0.401027 1289 322 1308 363
person 0.348441 1263 321 1282 362
person 0.300530 1747 318 1770 358
person 0.298775 402 341 419 371
person 0.285586 453 331 464 360
person 0.280954 1867 289 1879 307
person 0.997014 731 491 785 620
person 0.994830 1021 419 1070 518
person 0.977913 261 447 317 544
person 0.972718 1472 368 1519 467
person 0.963246 521 399 560 481
person 0.962670 418 423 460 522
person 0.960860 1688 337 1729 416
person 0.960071 1288 435 1341 582
person 0.953398 1352 454 1412 599
person 0.890113 1380 364 1410 447
person 0.868303 1181 394 1230 497
person 0.850774 336 344 356 377
person 0.834548 1116 349 1141 404
person 0.664471 1148 342 1172 397
person 0.661798 593 331 607 362
person 0.578478 341 293 1869 452
person 0.513242 569 332 581 357
person 0.506141 293 350 311 380
person 0.498354 1779 317 1802 360
person 0.477202 1409 352 1432 409
person 0.466609 281 348 298 376
person 0.442587 1816 317 1839 359
person 0.426978 531 334 541 358
person 0.390307 1288 321 1308 362
person 0.376176 1253 342 1277 390
person 0.319608 1747 318 1770 359
person 0.318908 1263 322 1282 360
person 0.301981 402 328 419 368
person 0.286547 1866 289 1879 307
person 0.273082 453 332 464 360
person 0.263444 1190 382 1219 424
person 0.254207 394 328 411 368
