person 0.997836 767 266 809 381
person 0.988671 1320 239 1363 352
person 0.986033 940 266 993 390
person 0.923431 0 239 33 330
person 0.901276 1280 231 1311 334
person 0.895507 673 220 705 302
person 0.881062 1562 224 1593 309
person 0.865794 1380 296 1444 427
person 0.822723 495 165 511 195
person 0.822227 1654 209 1692 299
person 0.777490 1048 219 1077 297
person 0.762894 608 161 625 191
person 0.742242 676 234 699 282
person 0.762684 1402 203 1441 315
person 0.727568 1001 237 1027 288
person 0.713724 456 166 475 198
person 0.611877 557 162 572 189
person 0.572491 151 134 1795 291
person 0.440065 625 160 641 191
person 0.433728 449 179 470 205
person 0.420651 964 213 996 298
person 0.398921 966 216 989 269
person 0.351089 752 148 763 172
person 0.286629 822 171 832 187
person 0.263986 784 148 795 168
person 0.255459 831 146 843 169
person 0.252605 941 146 952 170
person 0.996679 770 266 810 378
person 0.991089 1319 241 1368 354
person 0.977349 940 265 988 392
person 0.964591 1393 283 1453 433
person 0.915699 0 240 34 330
person 0.914526 1281 231 1314 333
person 0.907353 996 234 1030 320
person 0.891561 1561 227 1594 320
person 0.879772 673 220 705 300
person 0.859458 1652 210 1690 300
person 0.850803 1406 205 1441 310
person 0.830279 605 162 621 191
person 0.806046 1050 220 1078 297
person 0.802518 494 166 509 194
person 0.644802 456 166 474 198
person 0.621567 163 134 1787 291
person 0.584669 965 212 994 302
person 0.544911 560 164 573 188
person 0.511971 448 178 469 206
person 0.425869 751 148 762 173
person 0.403952 1004 237 1029 288
person 0.405042 625 162 640 192
person 0.345609 1694 197 1727 277
person 0.339453 820 170 832 185
person 0.324324 784 148 795 169
person 0.301799 968 228 990 282
person 0.284464 942 147 953 170
person 0.274324 831 147 843 168
person 0.259091 533 162 545 185
