person 0.996516 727 488 779 620
person 0.993569 1022 419 1071 519
person 0.986014 256 446 318 545
person 0.979477 416 423 460 522
person 0.979129 1284 437 1332 578
person 0.974955 518 399 558 481
person 0.962633 1688 338 1729 416
person 0.953316 1471 368 1516 466
person 0.881805 1176 396 1222 497
person 0.867520 335 344 356 377
person 0.859543 1378 363 1408 447
person 0.811554 1116 348 1140 404
person 0.729752 1342 470 1404 585
person 0.703888 592 329 606 361
person 0.642076 1411 351 1434 410
person 0.627186 1148 342 1172 396
person 0.606453 336 293 1877 454
person 0.540445 293 350 312 380
person 0.532789 1780 319 1802 360
person 0.496023 1815 317 1837 359
person 0.483672 571 331 583 356
person 0.478828 281 348 298 376
person 0.439451 532 334 542 356
person 0.384719 1288 322 1308 362
person 0.330719 1253 343 1278 389
person 0.320313 1263 322 1282 360
person 0.309387 1749 318 1772 358
person 0.309222 452 331 464 360
person 0.997492 722 481 778 626
person 0.992867 1019 421 1073 521
person 0.987464 414 423 460 520
person 0.983716 255 447 315 545
person 0.974927 514 400 557 483
person 0.957790 1171 398 1217 502
person 0.956002 1471 365 1515 461
person 0.946058 1687 339 1728 416
person 0.879496 1276 448 1321 574
person 0.871421 1301 459 1401 589
person 0.852790 1376 363 1408 447
person 0.839440 335 344 356 377
person 0.751113 1115 349 1139 404
person 0.661013 1410 351 1434 409
person 0.660386 592 329 606 361
person 0.657389 1148 343 1172 395
person 0.640881 346 291 1868 456
person 0.617766 1780 316 1802 360
person 0.597178 1813 314 1835 360
person 0.544443 294 352 313 381
person 0.520641 572 331 584 357
person 0.456038 281 349 297 376
person 0.398739 1288 321 1308 363
person 0.387446 1252 341 1277 389
person 0.375125 1750 315 1773 359
person 0.367778 531 334 542 356
person 0.338205 1192 363 1221 403
person 0.336925 1263 321 1282 362
person 0.290306 1866 290 1879 307
