person 0.997622 716 484 776 623
person 0.991490 1018 423 1072 524
person 0.991290 411 422 459 522
person 0.983567 512 401 557 483
person 0.983161 253 446 309 546
person 0.955302 1371 367 1406 448
person 0.941050 1469 365 1511 459
person 0.931451 1292 463 1396 589
person 0.930533 1687 339 1728 417
person 0.861372 336 343 356 378
person 0.845753 1271 445 1305 542
person 0.842838 1164 403 1214 498
person 0.699280 1413 351 1437 408
person 0.669422 1116 349 1139 404
person 0.642443 591 329 605 361
person 0.614622 1149 343 1173 395
person 0.591607 367 291 1847 458
person 0.590653 1779 315 1801 360
person 0.569013 1813 314 1835 360
person 0.468438 294 353 313 381
person 0.455198 572 331 584 356
person 0.425982 1194 361 1221 402
person 0.398965 1752 313 1775 360
person 0.333254 532 335 543 356
person 0.324782 1288 321 1309 362
person 0.321150 282 348 298 376
person 0.313034 1253 342 1277 389
person 0.293119 1263 321 1283 361
person 0.274862 1866 290 1878 308
person 0.257806 454 331 465 362
person 0.995348 709 485 774 619
person 0.993346 410 422 457 523
person 0.988909 1016 423 1071 526
person 0.987024 249 445 305 547
person 0.980411 510 402 555 483
person 0.967855 1278 465 1394 590
person 0.953651 1470 367 1506 467
person 0.942040 1687 339 1727 417
person 0.910750 1371 368 1407 446
person 0.854027 1153 400 1198 499
person 0.819682 337 344 355 377
person 0.729378 591 328 606 362
person 0.727258 1413 350 1438 409
person 0.697632 1262 443 1298 542
person 0.679889 1116 349 1140 404
person 0.644059 1148 342 1172 394
person 0.602187 1780 316 1801 360
person 0.597859 1813 314 1835 360
person 0.590657 349 292 1861 459
person 0.515439 532 336 542 357
person 0.500063 293 353 312 382
person 0.439790 1193 361 1218 408
person 0.435005 1751 313 1774 361
person 0.409693 281 349 298 377
person 0.354424 573 331 584 355
person 0.350214 1288 321 1309 362
person 0.326057 1865 290 1878 307
person 0.308981 1264 322 1283 361
person 0.301892 1190 378 1218 428
person 0.298472 394 343 409 371
person 0.296766 1253 342 1277 388
person 0.282337 664 325 675 346
person 0.270331 1221 342 1241 385
