person 0.993403 245 444 301 548
person 0.992195 408 423 456 525
person 0.991741 1010 423 1072 527
person 0.987327 507 401 554 482
person 0.986550 1258 451 1383 592
person 0.986301 705 484 764 620
person 0.950710 1687 339 1726 418
person 0.948826 1368 371 1405 448
person 0.945782 1470 367 1508 458
person 0.918063 1148 402 1194 504
person 0.855861 337 343 356 377
person 0.775642 590 327 606 361
person 0.712184 1114 350 1138 404
person 0.702479 1414 352 1439 408
person 0.636869 333 293 1882 452
person 0.635489 1253 445 1294 535
person 0.603498 1780 316 1801 360
person 0.584220 1812 314 1835 360
person 0.562456 1149 358 1175 406
person 0.557800 1191 360 1216 406
person 0.557290 293 354 313 382
person 0.544190 532 336 543 358
person 0.470610 573 331 585 356
person 0.462350 1750 313 1773 361
person 0.424725 1288 321 1309 363
person 0.417135 404 344 418 370
person 0.385247 281 350 297 377
person 0.367498 663 326 674 347
person 0.333260 395 343 409 371
person 0.327347 1253 340 1277 388
person 0.324426 1262 321 1283 363
person 0.313155 1220 340 1240 386
person 0.303281 1168 394 1210 507
person 0.300372 1865 290 1878 308
person 0.296348 451 345 463 365
person 0.994450 405 423 453 523
person 0.991580 243 441 294 550
person 0.991215 700 489 764 616
person 0.990777 1004 425 1074 526
person 0.983484 504 401 552 481
person 0.983068 1469 369 1504 467
person 0.967872 1246 446 1367 592
person 0.964466 1141 394 1190 506
person 0.956365 1368 370 1403 450
person 0.953904 1687 339 1726 417
person 0.881612 337 344 356 378
person 0.736781 589 326 606 361
person 0.731479 1415 352 1440 408
person 0.602137 325 292 1891 448
person 0.601574 1114 342 1137 395
person 0.587916 1191 361 1215 405
person 0.572242 1146 343 1171 394
person 0.569348 1812 314 1835 360
person 0.557905 532 336 544 358
person 0.547696 1780 318 1801 360
person 0.525225 293 354 312 382
person 0.469171 449 344 462 366
person 0.464471 1751 314 1774 360
person 0.432246 282 351 297 377
person 0.419532 573 330 586 355
person 0.403268 663 326 674 348
person 0.400904 405 344 419 369
person 0.400695 1246 441 1298 538
person 0.388681 1288 320 1309 364
person 0.348702 1220 340 1241 387
person 0.313511 1374 397 1400 443
person 0.318303 1253 340 1278 388
person 0.318770 1262 321 1283 363
person 0.317737 395 343 409 371
person 0.317252 1865 290 1878 308
person 0.256773 1717 290 1732 316
