person 0.993594 239 440 290 549
person 0.991140 696 492 759 615
person 0.990573 1002 422 1075 527
person 0.988610 403 424 450 525
person 0.985769 1468 370 1504 466
person 0.983930 502 402 549 482
person 0.972115 1365 371 1404 451
person 0.963618 1235 449 1343 594
person 0.945756 1136 396 1186 504
person 0.940909 1686 340 1726 417
person 0.861545 337 344 356 378
person 0.773417 1416 351 1440 407
person 0.706512 590 328 606 360
person 0.615410 1188 360 1211 404
person 0.585729 1115 342 1138 394
person 0.570716 532 336 543 359
person 0.560747 293 354 312 382
person 0.526585 333 293 1890 450
person 0.522801 1813 316 1836 360
person 0.510713 1246 472 1307 585
person 0.481165 1779 320 1801 360
person 0.464139 1146 344 1170 393
person 0.460896 1750 315 1772 360
person 0.439422 573 331 586 354
person 0.431398 282 351 297 377
person 0.364610 1288 320 1310 363
person 0.360962 404 344 419 369
person 0.336755 663 326 674 348
person 0.305699 449 334 462 363
person 0.301549 1865 290 1878 308
person 0.297746 1262 321 1282 362
person 0.292295 394 343 409 371
person 0.279289 1220 342 1239 386
person 0.265426 1253 341 1278 388
person 0.250418 1814 309 1833 343
person 0.992654 691 493 750 613
person 0.990018 401 423 447 526
person 0.988722 238 441 287 549
person 0.983102 501 401 548 482
person 0.977208 1467 370 1504 465
person 0.958604 1365 372 1402 451
person 0.957760 994 423 1059 523
person 0.945331 1686 339 1727 418
person 0.941048 1129 395 1176 503
person 0.850838 1236 439 1290 584
person 0.844263 337 344 356 377
person 0.784473 1417 353 1441 405
person 0.687648 590 329 606 360
person 0.611423 1186 359 1208 406
person 0.556813 1119 352 1142 404
person 0.554052 293 354 311 382
person 0.544364 532 336 543 359
person 0.542051 337 292 1877 455
person 0.526021 1813 316 1835 360
person 0.448296 1144 351 1167 405
person 0.446427 1778 321 1799 359
person 0.442939 1750 316 1772 359
person 0.430549 281 351 296 377
person 0.392749 572 331 584 354
person 0.391205 405 344 419 369
person 0.385353 1288 320 1310 364
person 0.359778 449 333 461 362
person 0.334655 1220 342 1239 386
person 0.311009 1261 321 1282 362
person 0.300453 394 343 409 371
person 0.292845 1865 291 1878 308
person 0.283513 1256 361 1277 397
person 0.261848 1229 442 1274 538
person 0.254803 1815 310 1832 342
