person 0.997229 685 493 743 617
person 0.991863 399 423 445 526
person 0.976057 1466 374 1503 464
person 0.975991 232 443 274 544
person 0.974402 1363 371 1400 451
person 0.972386 501 402 545 482
person 0.938355 1686 340 1726 418
person 0.936633 988 423 1058 524
person 0.931875 1219 434 1278 589
person 0.880599 1118 398 1161 499
person 0.848293 338 344 356 378
person 0.817096 1417 354 1442 408
person 0.758359 1182 362 1207 407
person 0.714749 589 330 606 361
person 0.588230 293 354 311 382
person 0.587707 362 293 1858 450
person 0.572914 1116 343 1137 388
person 0.548322 1812 316 1836 360
person 0.506827 532 337 543 359
person 0.450544 1778 323 1799 359
person 0.414991 1750 319 1771 359
person 0.391540 281 352 295 377
person 0.381059 1146 346 1168 389
person 0.380486 1220 343 1240 385
person 0.365083 1256 361 1277 396
person 0.363480 1288 321 1309 363
person 0.357519 450 333 462 361
person 0.350454 405 344 419 369
person 0.329150 1261 321 1281 361
person 0.313622 663 327 675 349
person 0.291038 572 332 584 355
person 0.265930 1119 358 1142 404
person 0.259496 1151 355 1173 400
person 0.255084 1865 291 1877 308
person 0.997520 683 491 737 618
person 0.992994 397 422 440 526
person 0.987867 229 441 273 545
person 0.979725 1362 371 1400 452
person 0.970367 1463 377 1503 464
person 0.968594 984 421 1057 528
person 0.965794 501 401 542 483
person 0.942447 1686 341 1724 418
person 0.909941 1113 397 1156 500
person 0.894903 1200 447 1289 594
person 0.864802 338 344 357 378
person 0.849068 1418 353 1443 407
person 0.744624 589 328 606 360
person 0.650123 1182 362 1206 411
person 0.635417 359 293 1860 447
person 0.609895 1116 343 1136 386
person 0.572590 292 354 311 382
person 0.514682 532 335 544 359
person 0.510010 1149 347 1170 388
person 0.477480 1813 316 1836 360
person 0.458168 1219 342 1239 386
person 0.411163 281 351 297 377
person 0.404953 449 331 461 362
person 0.375636 1778 323 1798 359
person 0.365155 1288 321 1310 363
person 0.349076 1256 360 1277 396
person 0.330489 1261 321 1281 362
person 0.325136 1749 317 1771 361
person 0.305898 404 344 419 370
person 0.281276 572 332 585 354
person 0.274187 1118 385 1144 426
