person 0.998822 679 491 734 618
person 0.990013 226 441 268 546
person 0.989609 396 421 437 528
person 0.981813 1362 370 1398 452
person 0.974050 980 422 1047 527
person 0.964680 1460 377 1503 464
person 0.944604 1686 341 1724 419
person 0.941004 501 403 540 482
person 0.934156 1104 397 1154 499
person 0.905002 1201 467 1270 586
person 0.889848 338 344 356 377
person 0.840200 1417 351 1443 408
person 0.747373 588 328 606 359
person 0.621599 350 293 1862 450
person 0.609446 1181 361 1204 408
person 0.578155 292 353 311 381
person 0.534231 1812 314 1835 361
person 0.506438 532 335 544 359
person 0.473715 281 351 296 377
person 0.464941 448 331 461 361
person 0.457499 1116 344 1136 386
person 0.450387 1219 342 1240 386
person 0.431519 1777 322 1797 360
person 0.410124 1148 346 1168 390
person 0.392243 404 344 419 370
person 0.388738 1751 316 1772 360
person 0.303733 516 422 539 465
person 0.349084 1288 321 1310 364
person 0.337982 394 342 409 372
person 0.307580 1261 321 1282 362
person 0.306194 1255 342 1279 388
person 0.295136 1204 447 1256 533
person 0.274163 757 316 769 341
person 0.996550 677 494 732 615
person 0.994352 219 442 264 545
person 0.987857 393 423 434 525
person 0.986956 1360 369 1397 452
person 0.980714 973 421 1040 526
person 0.975392 495 401 529 480
person 0.961951 1099 392 1149 509
person 0.947283 1458 379 1503 465
person 0.916969 1684 341 1721 418
person 0.891612 338 345 356 377
person 0.860744 1185 453 1275 594
person 0.782981 1416 351 1443 408
person 0.753849 589 329 605 360
person 0.644492 342 297 1871 448
person 0.641954 293 353 311 381
person 0.616948 1174 368 1202 431
person 0.544420 532 335 543 359
person 0.516579 1219 341 1241 387
person 0.508774 404 344 419 370
person 0.490428 1147 345 1170 390
person 0.468876 1812 314 1836 361
person 0.430118 449 332 462 361
person 0.413779 1114 344 1136 386
person 0.397426 281 351 296 377
person 0.396830 664 328 676 349
person 0.362702 394 342 409 371
person 0.356574 1778 322 1798 360
person 0.354162 1261 321 1282 363
person 0.350840 1748 316 1769 360
person 0.294697 1156 354 1179 402
person 0.289061 1289 322 1309 362
person 0.273600 1486 365 1514 388
person 0.279930 571 331 584 354
person 0.259148 1255 342 1279 386
