person 0.998376 666 490 724 615
person 0.990218 217 444 264 547
person 0.976768 1360 370 1394 451
person 0.976025 495 401 528 485
person 0.972681 391 423 433 524
person 0.972423 977 431 1038 532
person 0.958585 1451 378 1491 465
person 0.952046 1167 461 1266 594
person 0.949681 1088 408 1148 514
person 0.922069 1683 339 1722 420
person 0.877775 339 345 356 376
person 0.749271 590 329 606 359
person 0.680502 1416 349 1442 408
person 0.665782 350 297 1866 447
person 0.626086 293 353 312 382
person 0.614339 532 336 544 359
person 0.602157 403 344 419 371
person 0.541485 1114 344 1136 389
person 0.539711 664 327 675 348
person 0.523848 1173 371 1202 427
person 0.524641 449 332 461 360
person 0.513092 394 343 410 372
person 0.442417 1219 341 1240 387
person 0.439610 1149 346 1171 390
person 0.384543 1812 315 1836 361
person 0.356830 1749 315 1770 361
person 0.349818 282 351 297 377
person 0.339047 1778 321 1799 360
person 0.320055 1261 321 1281 363
person 0.312401 1154 356 1177 401
person 0.289600 1488 366 1514 388
person 0.292539 1289 321 1309 363
person 0.251442 1256 361 1278 395
person 0.998617 661 488 722 614
person 0.983909 212 450 263 551
person 0.976802 1359 370 1392 452
person 0.975083 494 400 526 482
person 0.965428 981 435 1034 535
person 0.961198 1451 380 1490 464
person 0.945366 391 425 432 524
person 0.900176 1682 339 1723 419
person 0.854296 1150 460 1253 594
person 0.844111 338 346 356 376
person 0.781514 1184 445 1231 575
person 0.762771 1076 413 1130 513
person 0.755864 589 325 607 359
person 0.692253 1417 350 1443 408
person 0.677758 293 353 312 382
person 0.631244 365 295 1854 455
person 0.598769 404 344 419 371
person 0.581747 532 335 544 359
person 0.550020 1174 364 1201 414
person 0.550546 447 332 460 362
person 0.537587 1114 343 1137 393
person 0.526754 663 327 676 349
person 0.394533 1150 345 1172 390
person 0.388086 1218 340 1240 387
person 0.377374 1748 314 1770 361
person 0.377888 394 343 409 372
person 0.353296 1811 315 1836 361
person 0.343952 1489 367 1513 387
person 0.332169 1777 320 1798 360
person 0.329860 1155 356 1179 403
person 0.319139 280 352 296 378
person 0.306821 1260 321 1281 364
person 0.298736 1288 320 1309 363
