person 0.998940 655 486 719 615
person 0.991750 208 448 262 554
person 0.980200 1358 369 1390 452
person 0.971733 978 431 1028 544
person 0.967724 493 400 524 482
person 0.963065 1450 379 1488 464
person 0.932680 1135 470 1189 594
person 0.892041 1185 451 1225 566
person 0.891599 390 430 429 530
person 0.888381 1681 340 1723 419
person 0.848815 339 346 356 376
person 0.750524 591 329 607 360
person 0.700552 1073 395 1123 500
person 0.669714 293 353 313 381
person 0.628440 1418 351 1444 408
person 0.618444 1115 342 1137 394
person 0.606024 360 296 1861 455
person 0.577941 404 344 419 370
person 0.536673 533 336 545 359
person 0.532442 663 327 675 350
person 0.490796 1173 369 1200 428
person 0.489235 447 334 460 363
person 0.477886 1081 384 1114 431
person 0.360366 494 422 513 465
person 0.422265 1218 341 1239 388
person 0.412255 1489 366 1513 387
person 0.410926 395 344 409 371
person 0.404743 1156 356 1178 405
person 0.391140 1810 315 1836 361
person 0.361315 1777 321 1799 360
person 0.329609 1151 346 1172 391
person 0.317455 1288 319 1309 362
person 0.315342 1749 315 1771 361
person 0.312448 1261 321 1281 364
person 0.309058 1120 352 1143 403
person 0.275155 1908 395 1918 459
person 0.277354 281 352 296 378
person 0.266076 1256 342 1278 387
person 0.998379 649 488 712 614
person 0.994432 202 450 261 551
person 0.982543 1448 379 1485 464
person 0.979068 978 437 1027 539
person 0.975825 1357 372 1389 451
person 0.970386 491 401 523 485
person 0.938697 1171 450 1217 568
person 0.933577 378 430 422 531
person 0.914062 1120 469 1182 597
person 0.866693 1681 340 1722 419
person 0.817358 339 345 357 377
person 0.776114 592 331 606 360
person 0.756398 1066 382 1112 475
person 0.695249 1172 370 1199 429
person 0.655979 293 353 312 382
person 0.647058 360 295 1860 453
person 0.600861 1115 342 1139 396
person 0.557947 405 344 420 370
person 0.518859 664 328 676 348
person 0.508783 1418 352 1443 407
person 0.505978 533 336 545 360
person 0.481043 1160 356 1180 407
person 0.463901 1218 341 1239 389
person 0.447089 1489 367 1512 387
person 0.403147 1902 374 1919 513
person 0.400983 1810 313 1835 361
person 0.366702 1748 314 1770 361
person 0.362992 1777 320 1799 360
person 0.356312 448 336 461 363
person 0.342374 394 344 409 370
person 0.337973 1075 386 1107 433
person 0.324505 1151 345 1172 391
person 0.305022 282 351 297 377
person 0.298411 1288 320 1309 362
person 0.296829 1261 321 1281 364
person 0.275046 1256 342 1278 387
person 0.266895 1062 418 1113 511
