person 0.997291 648 489 703 611
person 0.995995 195 452 261 553
person 0.983443 377 431 421 531
person 0.979504 1447 378 1483 468
person 0.962767 1355 371 1386 451
person 0.955769 964 435 1013 535
person 0.946766 1167 449 1211 576
person 0.945499 489 401 521 482
person 0.873982 1055 400 1106 489
person 0.865404 1682 340 1721 419
person 0.843519 339 345 357 376
person 0.833125 1104 470 1167 593
person 0.782925 591 330 606 360
person 0.754581 1118 351 1143 405
person 0.697096 341 294 1878 453
person 0.680744 1160 355 1182 411
person 0.676279 293 353 312 382
person 0.613454 1899 365 1919 492
person 0.567212 1217 341 1239 390
person 0.553700 406 344 422 370
person 0.533544 1418 353 1443 405
person 0.532067 665 327 677 348
person 0.481009 1490 367 1511 388
person 0.369111 491 421 512 466
person 0.444174 1810 314 1835 361
person 0.406328 447 335 460 363
person 0.380731 1778 321 1799 360
person 0.376150 1171 371 1198 427
person 0.357424 1749 316 1770 361
person 0.355056 1288 320 1309 362
person 0.334639 533 336 545 360
person 0.329294 1261 321 1281 363
person 0.273417 1256 344 1278 387
person 0.269806 281 352 297 378
person 0.268600 393 343 408 371
person 0.998084 641 490 699 615
person 0.993874 191 459 265 552
person 0.989360 376 432 420 531
person 0.986144 965 430 1012 536
person 0.975994 484 403 522 483
person 0.973470 1446 376 1482 466
person 0.972760 1353 372 1386 452
person 0.944867 1163 448 1211 579
person 0.884171 1897 367 1919 489
person 0.881712 1089 467 1152 593
person 0.849416 1682 340 1721 419
person 0.826264 339 344 357 376
person 0.823813 590 326 607 362
person 0.800787 1057 382 1093 474
person 0.738887 1118 350 1143 405
person 0.690826 334 294 1894 451
person 0.624985 1160 354 1182 413
person 0.621869 665 328 677 349
person 0.618542 292 352 312 382
person 0.530111 1218 340 1239 389
person 0.498580 1421 340 1446 398
person 0.461555 407 344 423 370
person 0.416393 1491 366 1512 388
person 0.388456 533 335 545 359
person 0.383298 448 335 460 362
person 0.365914 1044 405 1089 492
person 0.355012 1810 315 1836 361
person 0.330181 1776 322 1798 360
person 0.318383 393 344 408 371
person 0.288232 1172 376 1196 427
person 0.289027 1261 321 1281 363
person 0.277292 1288 320 1308 362
person 0.270044 282 351 297 378
person 0.253111 1256 343 1278 387
person 0.252037 1751 317 1772 361
