person 0.994998 637 491 698 613
person 0.993613 188 458 269 552
person 0.991201 372 433 419 531
person 0.990194 957 428 1008 535
person 0.975915 1444 377 1480 467
person 0.974821 481 403 518 484
person 0.956981 1154 447 1217 579
person 0.939412 1352 371 1385 451
person 0.912980 1062 468 1140 591
person 0.906413 1042 422 1076 513
person 0.899841 1674 339 1716 416
person 0.893140 339 344 357 377
person 0.845504 1899 366 1919 487
person 0.832417 591 328 607 361
person 0.818144 1116 350 1141 405
person 0.707345 1160 355 1184 410
person 0.668633 345 296 1885 448
person 0.626482 292 351 311 382
person 0.604604 1216 341 1239 390
person 0.589426 664 327 677 348
person 0.505143 407 342 422 370
person 0.468998 534 335 546 358
person 0.463278 1490 366 1512 389
person 0.437771 1422 341 1446 397
person 0.386044 489 423 509 465
person 0.407893 445 335 458 363
person 0.391778 1811 315 1836 361
person 0.369885 1058 393 1091 497
person 0.339581 1287 320 1309 363
person 0.332681 1776 323 1797 359
person 0.308314 282 351 298 378
person 0.305270 1751 317 1772 361
person 0.294443 1261 321 1282 362
person 0.290065 1055 384 1077 430
person 0.290484 394 342 409 371
person 0.265902 1256 362 1277 394
person 0.252269 1090 457 1181 594
person 0.996130 630 487 692 614
person 0.993395 954 426 1004 536
person 0.989604 368 433 414 532
person 0.975661 478 404 515 485
person 0.968380 186 458 265 551
person 0.968482 1440 375 1478 466
person 0.934482 1047 452 1152 597
person 0.930893 1037 424 1074 512
person 0.924696 1674 340 1714 415
person 0.918727 1142 447 1202 576
person 0.884401 1352 368 1385 451
person 0.870685 590 325 608 362
person 0.835461 339 344 357 376
person 0.823065 1115 349 1140 405
person 0.721738 1898 365 1919 487
person 0.705352 1156 353 1180 412
person 0.675620 1045 382 1069 434
person 0.667588 345 296 1881 444
person 0.653797 292 351 312 382
person 0.610419 1217 341 1239 390
person 0.571788 446 331 460 364
person 0.510707 406 343 422 370
person 0.472402 1489 366 1513 389
person 0.472133 533 334 545 358
person 0.454478 663 326 676 349
person 0.376657 487 424 507 465
person 0.407119 1811 316 1836 360
person 0.374063 1348 374 1371 438
person 0.337159 1777 323 1797 359
person 0.335413 394 343 409 371
person 0.328960 1287 321 1308 362
person 0.316643 1752 318 1772 360
person 0.299553 1256 361 1278 394
person 0.297549 1262 322 1281 361
person 0.292976 777 315 788 341
person 0.286675 282 351 298 378
person 0.278195 1093 453 1190 591
