person 0.995668 771 265 812 379
person 0.993893 1323 238 1370 354
person 0.971380 940 267 988 390
person 0.948126 1403 287 1459 430
person 0.930336 1561 222 1593 310
person 0.924390 999 237 1032 320
person 0.920256 0 240 34 328
person 0.910876 1281 229 1314 332
person 0.893768 675 221 706 300
person 0.871635 1654 209 1691 299
person 0.843325 1049 220 1078 298
person 0.827915 1408 205 1442 310
person 0.803197 495 165 510 193
person 0.793749 605 163 619 191
person 0.659472 187 134 1765 293
person 0.647883 456 166 474 197
person 0.606721 965 212 988 272
person 0.524626 448 178 469 206
person 0.496377 563 165 575 188
person 0.464752 626 161 641 191
person 0.364564 750 148 762 173
person 0.359272 1696 196 1728 277
person 0.288149 782 148 793 169
person 0.279253 1005 236 1029 285
person 0.258636 820 169 832 185
person 0.990266 210 281 259 404
person 0.990048 680 268 728 384
person 0.984334 1235 299 1285 471
person 0.972259 564 253 608 354
person 0.971556 1351 226 1393 331
person 0.960918 1023 299 1067 460
person 0.960374 1495 285 1541 413
person 0.936771 1750 253 1802 374
person 0.936282 1142 209 1178 293
person 0.925019 1648 227 1687 323
person 0.908104 561 158 582 191
person 0.893917 1602 393 1728 571
person 0.811086 1556 400 1681 579
person 0.794044 440 164 463 202
person 0.781267 533 162 552 193
person 0.756757 377 167 398 198
person 0.744611 491 165 508 195
person 0.720698 1085 213 1115 300
person 0.640016 1259 233 1310 326
person 0.606887 819 161 831 181
person 0.593075 1283 203 1321 283
person 0.323704 1149 232 1172 279
person 0.415181 1773 189 1805 238
person 0.408885 318 177 333 204
person 0.341177 1089 235 1109 282
person 0.311583 1663 168 1689 226
person 0.290335 160 130 1768 291
person 0.277724 427 164 444 195
person 0.263903 1526 143 1544 179
