person 0.994572 633 487 686 614
person 0.993524 949 422 1001 541
person 0.987375 365 432 412 532
person 0.985211 181 455 244 551
person 0.983106 476 403 515 485
person 0.971529 1435 370 1475 468
person 0.957056 1028 454 1148 593
person 0.953324 1346 369 1376 451
person 0.931823 1675 339 1713 417
person 0.923743 1136 448 1198 566
person 0.883767 1030 417 1079 510
person 0.883109 590 323 608 362
person 0.855502 339 345 358 378
person 0.841112 1114 347 1139 407
person 0.817673 1895 368 1919 482
person 0.701137 338 298 1887 437
person 0.672959 446 331 460 362
person 0.651897 1154 352 1177 413
person 0.641504 291 351 311 382
person 0.637362 1216 340 1239 390
person 0.583971 1039 386 1066 430
person 0.562804 663 326 677 350
person 0.525489 533 334 544 358
person 0.482899 406 342 421 371
person 0.433646 1488 366 1512 389
person 0.437630 1750 317 1772 360
person 0.421566 1811 316 1835 360
person 0.362847 1776 323 1797 359
person 0.351593 777 315 788 342
person 0.317662 1287 321 1308 362
person 0.315961 1255 360 1278 395
person 0.311297 1262 322 1282 362
person 0.281181 283 350 298 378
person 0.250984 1814 310 1831 340
person 0.998055 629 485 687 612
person 0.995752 947 423 998 540
person 0.990012 362 433 407 534
person 0.987563 176 454 234 551
person 0.985406 473 403 514 483
person 0.973677 1431 354 1472 466
person 0.962652 1344 368 1376 451
person 0.943075 1130 449 1190 563
person 0.939590 1675 339 1713 416
person 0.899404 1018 462 1133 592
person 0.894927 1022 418 1074 510
person 0.881520 340 345 358 378
person 0.870645 590 324 608 363
person 0.785283 1115 346 1139 406
person 0.757599 1030 381 1058 433
person 0.754572 1891 370 1919 482
person 0.722875 314 296 1910 442
person 0.632139 1151 343 1181 427
person 0.619838 446 330 459 363
person 0.612750 291 352 311 382
person 0.572969 1216 340 1238 389
person 0.557638 534 334 545 358
person 0.510717 1750 318 1771 361
person 0.464153 664 326 677 350
person 0.456539 405 343 421 371
person 0.411446 1488 366 1511 388
person 0.379194 1811 317 1836 360
person 0.372564 1777 323 1798 359
person 0.368339 1255 361 1278 395
person 0.300780 1262 322 1282 362
person 0.271485 282 350 299 378
person 0.268286 1288 321 1308 361
person 0.256038 1814 310 1831 339
person 0.252432 394 342 409 372
