person 0.996900 632 483 683 611
person 0.990405 172 449 223 554
person 0.988905 360 432 404 537
person 0.983177 472 404 512 483
person 0.982333 944 425 992 541
person 0.970960 1343 369 1376 452
person 0.957585 1429 368 1474 470
person 0.943878 1675 338 1712 418
person 0.897376 1125 449 1181 566
person 0.833937 591 325 609 363
person 0.828081 1014 473 1077 578
person 0.804824 1114 347 1137 406
person 0.785493 339 344 356 375
person 0.735679 1887 370 1919 482
person 0.722099 1150 344 1180 429
person 0.688140 320 298 1906 440
person 0.663737 291 352 312 382
person 0.613715 1217 340 1238 389
person 0.605642 533 334 545 358
person 0.545141 446 331 459 363
person 0.543767 1749 319 1771 361
person 0.480636 1013 416 1072 511
person 0.392434 1489 366 1512 388
person 0.387521 1811 319 1836 360
person 0.386784 1778 324 1799 360
person 0.385379 407 344 422 369
person 0.372220 665 328 677 351
person 0.370518 1025 382 1053 430
person 0.359531 1255 361 1278 395
person 0.351912 1020 381 1065 468
person 0.348716 1262 321 1283 363
person 0.342385 1288 321 1308 363
person 0.263843 1815 310 1832 338
person 0.996196 628 483 683 608
person 0.989688 359 433 400 536
person 0.989441 941 429 989 543
person 0.985929 1341 371 1376 452
person 0.976438 1428 371 1472 469
person 0.975573 171 449 215 554
person 0.973934 470 404 510 483
person 0.971600 998 458 1057 599
person 0.931129 1676 338 1711 418
person 0.896355 1115 454 1160 554
person 0.861062 590 322 610 363
person 0.839357 1884 376 1919 472
person 0.835941 1112 346 1137 407
person 0.807407 340 345 357 376
person 0.707864 1148 343 1178 429
person 0.669853 327 297 1903 443
person 0.658908 290 352 311 383
person 0.655961 446 330 459 363
person 0.603207 1215 340 1238 390
person 0.599932 533 332 545 357
person 0.531326 1749 320 1770 360
person 0.413660 1014 383 1059 461
person 0.396216 1487 366 1513 388
person 0.392087 1432 343 1456 389
person 0.387978 1255 362 1279 395
person 0.373058 1778 324 1799 359
person 0.365774 1812 319 1836 360
person 0.357594 1262 321 1283 363
person 0.339183 406 343 421 370
person 0.296933 1013 387 1044 431
person 0.291745 997 405 1052 493
person 0.278253 282 350 298 378
person 0.252402 394 341 409 371
