person 0.997090 626 483 681 609
person 0.987319 1337 369 1377 452
person 0.982890 1110 455 1158 554
person 0.981664 1427 373 1472 468
person 0.975096 987 462 1051 599
person 0.975155 167 451 212 552
person 0.973672 354 434 397 534
person 0.961512 934 430 977 543
person 0.958417 467 405 506 485
person 0.922612 1675 338 1712 420
person 0.845618 591 324 610 363
person 0.822254 340 345 357 375
person 0.794539 1112 346 1136 407
person 0.760639 1009 385 1040 430
person 0.682164 290 352 311 383
person 0.678431 1150 351 1173 412
person 0.649278 329 297 1895 446
person 0.644640 1884 370 1919 517
person 0.600356 446 331 459 362
person 0.586038 1215 340 1238 390
person 0.549655 1749 320 1770 360
person 0.540421 532 333 544 357
person 0.397070 1777 325 1797 359
person 0.383939 406 343 422 369
person 0.373915 1485 366 1512 389
person 0.365894 1812 319 1837 361
person 0.362256 991 415 1041 488
person 0.360680 1262 321 1282 363
person 0.334801 1432 344 1457 387
person 0.302621 1255 361 1279 394
person 0.286688 394 341 409 371
person 0.283359 282 351 298 378
person 0.996590 624 483 679 609
person 0.985332 1334 370 1374 453
person 0.984966 927 432 976 537
person 0.981387 1102 454 1153 558
person 0.977462 1427 371 1472 470
person 0.965631 353 435 396 530
person 0.961528 465 404 505 486
person 0.937695 160 450 201 553
person 0.929012 971 468 1035 596
person 0.916226 1675 338 1711 419
person 0.872964 340 345 357 378
person 0.840911 592 322 611 362
person 0.793126 1113 346 1137 406
person 0.773745 1880 374 1919 485
person 0.705132 1215 338 1238 390
person 0.692867 290 352 310 384
person 0.686398 1748 320 1769 361
person 0.667065 987 418 1029 510
person 0.626341 320 301 1917 437
person 0.612355 1003 387 1030 434
person 0.560602 1150 355 1173 410
person 0.538869 1262 320 1283 365
person 0.531124 446 332 457 361
person 0.486385 532 332 543 355
person 0.466340 1485 365 1511 389
person 0.441939 1777 324 1798 360
person 0.412406 1812 318 1837 361
person 0.322905 408 343 424 369
person 0.314501 1255 363 1279 393
person 0.313935 1432 345 1456 386
person 0.280638 1152 380 1175 427
person 0.283704 1288 322 1307 360
person 0.274104 393 341 409 372
person 0.264652 282 352 298 379
person 0.256730 1257 343 1280 384
person 0.255306 1720 291 1733 315
person 0.250985 779 325 791 345
