person 0.995119 621 483 681 607
person 0.988063 1095 453 1146 562
person 0.987275 1333 369 1373 453
person 0.976346 922 433 972 537
person 0.970902 153 450 200 554
person 0.969566 1428 373 1470 470
person 0.945792 345 437 385 529
person 0.940991 465 404 502 483
person 0.868348 340 346 358 377
person 0.852120 590 318 611 362
person 0.848220 956 467 1016 601
person 0.836074 1879 373 1919 485
person 0.730042 1114 346 1137 407
person 0.699298 1748 320 1769 360
person 0.666028 1672 342 1705 394
person 0.657197 291 352 310 383
person 0.649445 1215 339 1238 389
person 0.648459 299 301 1919 437
person 0.647300 984 406 1029 492
person 0.545263 1261 320 1283 365
person 0.530331 1144 343 1174 430
person 0.526864 999 387 1024 433
person 0.513786 532 333 543 356
person 0.489839 1484 366 1510 389
person 0.455057 1778 324 1798 359
person 0.435020 445 333 457 362
person 0.427747 1812 318 1837 360
person 0.388747 1256 362 1279 394
person 0.338012 409 343 425 369
person 0.317952 1151 381 1174 426
person 0.321926 1147 343 1169 394
person 0.307543 1433 344 1457 385
person 0.293277 393 341 409 371
person 0.277682 1288 322 1307 360
person 0.275659 1719 290 1733 316
person 0.272219 1814 310 1832 339
person 0.271862 779 316 791 342
person 0.252228 1257 344 1281 384
person 0.995601 620 485 673 604
person 0.989330 1091 453 1141 564
person 0.984979 341 434 386 532
person 0.984882 1331 369 1371 454
person 0.976163 146 451 193 554
person 0.946160 1427 371 1469 469
person 0.929978 460 401 492 483
person 0.920178 918 433 969 545
person 0.905447 341 345 358 378
person 0.861204 930 453 1013 596
person 0.847445 1672 338 1710 417
person 0.840719 591 318 611 362
person 0.830406 1878 376 1919 485
person 0.715026 1115 346 1137 407
person 0.694295 1215 339 1238 389
person 0.685231 1748 318 1771 362
person 0.676665 1142 342 1172 430
person 0.673501 291 352 310 383
person 0.657116 970 425 1011 505
person 0.624903 293 303 1919 430
person 0.583995 1262 320 1282 364
person 0.515168 532 331 543 356
person 0.466850 1255 362 1278 393
person 0.458696 445 332 457 363
person 0.447803 1485 365 1510 389
person 0.415162 991 390 1017 432
person 0.409942 1778 324 1799 360
person 0.370335 412 343 427 369
person 0.367921 1812 318 1836 360
person 0.311860 393 341 407 371
person 0.288859 1257 345 1280 385
person 0.292608 1146 342 1169 394
person 0.292446 282 351 297 378
person 0.275277 980 397 1024 497
person 0.261243 1814 309 1832 340
