person 0.995212 620 485 668 603
person 0.994334 337 435 386 535
person 0.988624 1086 451 1139 570
person 0.986761 1330 368 1365 453
person 0.983758 141 451 187 554
person 0.948469 459 402 492 482
person 0.946060 1426 371 1466 470
person 0.903232 1673 343 1704 393
person 0.876136 970 425 1010 511
person 0.867919 1878 380 1919 500
person 0.862387 921 449 1015 593
person 0.854940 340 345 357 376
person 0.801327 591 319 610 362
person 0.793979 1142 343 1172 431
person 0.740010 292 301 1919 436
person 0.723407 290 350 310 383
person 0.659202 1215 339 1237 388
person 0.597728 1113 342 1137 397
person 0.567238 532 332 543 358
person 0.547667 1749 320 1771 361
person 0.523690 1261 320 1282 363
person 0.511211 1255 362 1279 394
person 0.488055 918 429 967 552
person 0.459589 442 332 456 366
person 0.388887 1488 366 1511 388
person 0.328174 1778 325 1800 360
person 0.322094 1812 319 1837 360
person 0.321491 414 342 430 369
person 0.316735 983 387 1004 429
person 0.303414 281 352 298 379
person 0.291267 1434 344 1457 389
person 0.289690 393 341 408 371
person 0.275492 992 395 1017 446
person 0.269387 783 327 794 344
person 0.260858 1257 346 1280 384
person 0.254449 666 326 678 348
person 0.994115 332 434 381 537
person 0.993093 620 488 666 602
person 0.990537 1328 367 1364 454
person 0.987139 139 452 181 556
person 0.976771 1076 447 1130 575
person 0.973865 458 403 490 485
person 0.951308 1875 376 1918 485
person 0.926318 1424 371 1465 468
person 0.895160 341 345 358 377
person 0.848417 962 423 1003 519
person 0.791143 917 434 968 551
person 0.772846 591 318 611 361
person 0.743649 290 350 310 383
person 0.719435 1672 343 1703 392
person 0.714078 1140 344 1172 431
person 0.696926 1216 339 1238 388
person 0.646353 276 304 1919 434
person 0.589906 531 330 543 356
person 0.582373 1113 342 1136 396
person 0.564107 1262 320 1282 364
person 0.549644 1750 320 1773 360
person 0.538523 975 388 999 428
person 0.492833 443 331 456 364
person 0.442178 1255 362 1278 393
person 0.427677 1435 344 1458 388
person 0.427407 973 384 1007 466
person 0.377574 1488 366 1510 387
person 0.377573 1812 318 1837 360
person 0.373145 1776 324 1798 360
person 0.358219 281 351 297 379
person 0.341493 393 341 408 370
person 0.340128 413 343 429 368
person 0.330687 1257 344 1280 385
person 0.315343 1288 322 1307 358
person 0.273070 1148 377 1172 424
