person 0.995048 328 434 378 538
person 0.994128 618 487 663 602
person 0.991286 1072 443 1129 581
person 0.989482 1325 368 1359 454
person 0.985077 135 453 177 556
person 0.976772 1871 376 1916 485
person 0.975512 457 403 489 484
person 0.937998 912 436 962 547
person 0.900997 1423 369 1465 470
person 0.889264 955 423 999 520
person 0.873842 1672 342 1708 422
person 0.860342 341 345 358 376
person 0.837191 1138 344 1172 432
person 0.783750 593 323 612 361
person 0.739350 290 349 310 384
person 0.678784 1217 339 1238 388
person 0.658344 967 387 993 429
person 0.652769 286 303 1919 433
person 0.590645 1263 320 1282 364
person 0.587356 968 382 1002 463
person 0.562164 1749 320 1774 362
person 0.556798 531 329 543 356
person 0.491365 1435 343 1460 388
person 0.487754 1113 350 1135 407
person 0.483492 1254 361 1277 394
person 0.458243 443 331 456 363
person 0.370313 1812 317 1838 360
person 0.352324 280 350 297 379
person 0.351422 1288 322 1306 359
person 0.347955 1488 366 1511 388
person 0.336714 1777 323 1799 359
person 0.315237 412 344 427 368
person 0.305745 1256 345 1279 385
person 0.302094 394 332 408 366
person 0.268726 460 420 481 468
person 0.280022 1145 357 1169 411
person 0.995406 324 434 376 540
person 0.995280 616 490 662 602
person 0.991743 1324 368 1359 453
person 0.982950 1063 441 1124 585
person 0.981711 1869 377 1916 485
person 0.979954 129 453 179 560
person 0.976789 455 403 488 485
person 0.958039 1670 341 1707 421
person 0.917055 1425 350 1463 465
person 0.899221 887 492 925 601
person 0.883497 913 434 964 536
person 0.866423 341 346 359 376
person 0.819649 948 422 998 521
person 0.756184 595 327 613 360
person 0.753541 956 382 999 464
person 0.712873 1138 344 1171 429
person 0.688060 1216 339 1239 390
person 0.669920 289 350 310 383
person 0.647184 263 305 1919 432
person 0.576871 531 330 543 356
person 0.571890 1748 320 1774 362
person 0.567952 1263 320 1282 363
person 0.560510 1112 342 1136 395
person 0.520290 1253 361 1277 395
person 0.516523 443 332 456 363
person 0.361044 280 351 297 379
person 0.350935 1812 317 1838 361
person 0.337621 1488 365 1512 388
person 0.338643 394 332 409 365
person 0.326970 1777 323 1800 360
person 0.298873 666 325 678 348
person 0.298051 1288 322 1306 358
person 0.276432 1257 345 1280 385
person 0.273770 410 344 426 368
person 0.257199 1435 345 1460 387
