person 0.995492 612 489 663 601
person 0.994744 322 435 371 538
person 0.982160 1322 369 1355 455
person 0.976461 122 455 183 559
person 0.971511 451 403 486 484
person 0.961542 1057 439 1116 587
person 0.951858 1671 340 1706 420
person 0.938339 1868 377 1915 484
person 0.909018 1412 371 1452 470
person 0.906051 911 431 971 551
person 0.878191 950 381 994 464
person 0.862758 1424 352 1463 462
person 0.852874 341 345 359 376
person 0.834624 1137 344 1172 431
person 0.830402 875 490 922 602
person 0.823989 595 326 613 361
person 0.690198 1215 339 1239 390
person 0.649492 225 300 1919 433
person 0.607475 290 351 310 383
person 0.601611 1262 320 1282 363
person 0.582583 1749 318 1775 362
person 0.568470 531 329 543 355
person 0.558445 1252 361 1277 397
person 0.482773 1112 343 1136 396
person 0.417339 1488 365 1512 388
person 0.391722 444 330 457 361
person 0.367098 1812 316 1836 360
person 0.350518 281 352 298 379
person 0.347777 1288 322 1307 358
person 0.344501 1777 322 1801 360
person 0.321093 666 325 678 348
person 0.290094 394 331 410 365
person 0.273412 1434 343 1460 387
person 0.258416 1233 326 1250 360
person 0.995842 319 435 368 536
person 0.994885 612 491 661 600
person 0.988635 108 457 173 556
person 0.983586 1321 371 1354 450
person 0.981010 912 429 968 551
person 0.974554 1056 445 1109 576
person 0.968493 448 404 486 484
person 0.946974 1669 341 1706 421
person 0.874761 1412 370 1452 470
person 0.869224 943 381 988 458
person 0.861129 1423 352 1464 461
person 0.855308 341 345 359 376
person 0.852736 1873 372 1917 514
person 0.810648 850 475 905 588
person 0.786882 595 324 613 361
person 0.730016 1136 345 1171 428
person 0.659525 1251 361 1276 398
person 0.647864 1215 339 1239 392
person 0.623605 290 351 310 383
person 0.605259 236 300 1919 436
person 0.581611 1262 320 1282 362
person 0.548459 531 329 543 356
person 0.506338 1749 320 1775 361
person 0.492515 1111 342 1135 396
person 0.395204 1487 365 1512 388
person 0.375025 1813 317 1836 360
person 0.367904 1777 323 1800 360
person 0.344550 444 329 456 360
person 0.312514 282 351 298 379
person 0.293369 1288 322 1306 358
person 0.272248 393 331 409 365
person 0.254061 1233 325 1250 360
