person 0.995046 611 491 658 601
person 0.993057 317 436 363 536
person 0.992416 102 454 174 557
person 0.983540 905 432 968 554
person 0.981103 442 405 483 487
person 0.979633 1317 372 1352 452
person 0.963298 1051 449 1101 571
person 0.944271 1668 341 1704 420
person 0.914943 1410 369 1453 472
person 0.885870 1873 369 1916 517
person 0.833659 341 345 359 375
person 0.803981 594 322 614 360
person 0.769503 835 474 896 590
person 0.674113 1135 344 1170 426
person 0.661640 269 301 1919 434
person 0.639203 1215 340 1239 391
person 0.622432 941 386 969 434
person 0.623358 532 329 544 356
person 0.602709 1263 320 1283 363
person 0.589723 1252 360 1277 397
person 0.588562 290 352 310 382
person 0.564524 1750 319 1775 362
person 0.500970 1112 343 1135 395
person 0.433262 1487 366 1510 389
person 0.418985 279 351 296 378
person 0.402930 1813 317 1837 360
person 0.391702 1859 376 1902 486
person 0.389976 939 385 986 451
person 0.383916 1777 321 1800 360
person 0.327720 444 331 456 359
person 0.301396 1288 321 1306 358
person 0.297878 1233 325 1250 360
person 0.286126 1814 310 1833 342
person 0.256898 793 328 803 343
person 0.255467 1864 290 1877 308
person 0.994462 610 492 658 601
person 0.993137 100 456 171 559
person 0.990109 903 428 964 557
person 0.989077 316 436 359 538
person 0.986737 437 405 482 488
person 0.982065 1411 377 1451 471
person 0.951555 1316 372 1351 452
person 0.950949 815 474 895 595
person 0.945983 1667 341 1703 420
person 0.905773 1044 453 1088 564
person 0.881627 342 345 359 375
person 0.849837 594 320 617 360
person 0.727276 1879 364 1916 524
person 0.670118 276 302 1919 437
person 0.623715 289 351 310 383
person 0.619143 1145 350 1168 405
person 0.585809 1215 340 1238 391
person 0.582318 1263 320 1283 363
person 0.581479 1250 361 1276 397
person 0.555510 1114 343 1137 395
person 0.532892 1750 319 1775 362
person 0.520367 936 388 964 435
person 0.521228 533 329 544 355
person 0.499460 1486 365 1511 390
person 0.451398 1859 377 1901 485
person 0.409228 1435 344 1461 390
person 0.405918 666 323 680 348
person 0.385207 443 330 455 359
person 0.374987 1814 318 1837 360
person 0.367943 1777 322 1800 361
person 0.333440 393 331 409 365
person 0.305149 281 350 298 378
person 0.294787 408 331 424 364
person 0.275663 1288 321 1306 357
person 0.275759 1233 325 1250 360
person 0.271575 1438 358 1468 400
person 0.261244 1895 400 1919 571
person 0.262663 1814 310 1833 342
