person 0.993582 93 454 169 561
person 0.993285 901 426 962 557
person 0.992158 607 491 658 600
person 0.987912 433 405 482 488
person 0.983985 799 477 875 594
person 0.976251 1409 380 1450 469
person 0.970298 1039 453 1086 574
person 0.968861 315 437 356 534
person 0.943305 1667 340 1703 418
person 0.918621 1313 378 1353 455
person 0.889848 341 345 359 376
person 0.830312 595 322 617 360
person 0.736926 1145 347 1168 406
person 0.713221 1115 346 1139 407
person 0.695040 284 304 1919 438
person 0.660253 930 396 958 445
person 0.643913 290 352 311 383
person 0.630731 1750 317 1775 363
person 0.624499 1890 405 1919 564
person 0.579777 1262 319 1283 363
person 0.576971 1437 344 1462 390
person 0.567918 1485 364 1511 390
person 0.538497 1215 341 1238 391
person 0.527187 1251 361 1276 398
person 0.502132 1879 362 1915 531
person 0.470524 533 330 544 355
person 0.468655 443 330 456 361
person 0.445235 1859 375 1899 483
person 0.432220 1779 319 1802 361
person 0.423173 1813 316 1837 361
person 0.316929 394 331 410 364
person 0.311031 281 350 298 378
person 0.307208 667 324 679 348
person 0.295351 407 331 423 364
person 0.282422 1865 290 1878 308
person 0.259629 1233 326 1249 359
person 0.993725 91 456 159 559
person 0.989512 903 425 961 560
person 0.988207 1407 379 1448 469
person 0.988168 606 488 658 601
person 0.982864 432 407 480 486
person 0.981297 1029 451 1083 578
person 0.980873 304 435 347 533
person 0.941558 1664 340 1702 417
person 0.928728 1303 372 1343 453
person 0.878989 780 472 878 598
person 0.854844 342 346 360 376
person 0.798849 599 330 616 361
person 0.735421 301 302 1919 436
person 0.697862 1885 405 1919 564
person 0.685944 290 352 311 383
person 0.671761 922 394 950 447
person 0.667382 1438 344 1463 391
person 0.639323 1262 319 1283 364
person 0.622915 1146 350 1168 404
person 0.615179 1486 364 1511 390
person 0.598416 1859 376 1898 482
person 0.590626 1215 340 1237 391
person 0.589207 1750 316 1775 363
person 0.537758 1116 351 1139 407
person 0.506846 532 331 543 356
person 0.481050 891 429 933 548
person 0.463696 1251 360 1276 397
person 0.453769 1813 315 1837 361
person 0.410947 1780 319 1804 361
person 0.407454 668 324 680 347
person 0.396615 444 331 456 361
person 0.303574 393 330 409 363
person 0.293192 407 331 422 364
person 0.289223 1865 289 1879 308
person 0.277924 1233 325 1249 359
person 0.259304 1288 321 1306 356
person 0.253863 280 351 297 378
