person 0.993439 903 422 959 566
person 0.992936 86 452 153 562
person 0.991729 302 434 346 534
person 0.990727 1406 379 1446 469
person 0.980443 772 472 836 600
person 0.979631 607 487 654 602
person 0.970431 430 406 476 488
person 0.968912 1023 464 1084 581
person 0.939851 1663 340 1701 418
person 0.924277 1304 378 1346 456
person 0.885635 343 346 360 376
person 0.872094 1879 408 1919 561
person 0.834196 599 330 616 361
person 0.693455 322 302 1899 441
person 0.692030 1146 341 1170 399
person 0.675256 1116 348 1138 406
person 0.666290 290 352 310 383
person 0.648935 1438 344 1464 391
person 0.624831 1857 377 1895 477
person 0.616631 1263 319 1284 364
person 0.594535 1487 364 1512 390
person 0.591511 1215 340 1237 392
person 0.591099 1751 315 1775 363
person 0.562532 916 396 943 446
person 0.545180 532 331 543 356
person 0.543137 887 426 927 551
person 0.501558 1250 360 1275 398
person 0.498827 1813 315 1837 361
person 0.423161 1781 318 1803 361
person 0.376697 668 324 680 348
person 0.352694 444 330 456 361
person 0.334830 280 351 297 378
person 0.299112 1132 408 1149 435
person 0.290288 394 331 409 364
person 0.287705 1232 325 1249 359
person 0.270649 1865 289 1879 308
person 0.993798 295 432 343 537
person 0.992272 1402 381 1444 469
person 0.985757 598 483 648 603
person 0.980484 428 406 474 487
person 0.973982 902 427 957 564
person 0.970315 765 472 823 597
person 0.963615 87 454 141 561
person 0.947306 1010 451 1071 574
person 0.938063 1302 373 1340 454
person 0.866723 599 328 616 361
person 0.864643 1663 339 1700 415
person 0.857802 343 346 359 376
person 0.857089 1877 415 1919 556
person 0.842488 881 433 928 551
person 0.766280 304 302 1914 440
person 0.692644 1146 349 1167 403
person 0.674790 1750 313 1776 364
person 0.650449 290 352 310 383
person 0.645203 1439 343 1465 393
person 0.621110 1487 364 1511 390
person 0.604687 1116 349 1137 407
person 0.591391 1850 380 1898 506
person 0.567338 1265 320 1285 363
person 0.544605 1217 340 1239 391
person 0.515799 1813 315 1837 361
person 0.506226 531 330 542 355
person 0.485439 1780 317 1804 361
person 0.477107 914 396 938 450
person 0.461477 902 399 927 448
person 0.428418 1251 359 1275 397
person 0.402859 444 332 455 360
person 0.390597 279 351 296 378
person 0.287248 1865 289 1879 307
person 0.286067 1233 325 1248 359
person 0.280631 668 325 680 348
person 0.275869 410 344 424 368
person 0.270804 393 332 408 363
