person 0.992246 210 281 262 406
person 0.985838 679 269 729 384
person 0.983332 563 251 607 354
person 0.975984 1659 381 1754 561
person 0.975650 1238 307 1286 468
person 0.974489 1498 281 1542 418
person 0.970678 1141 210 1177 292
person 0.968257 1026 306 1070 426
person 0.965965 1649 228 1686 323
person 0.952110 1351 228 1391 333
person 0.943967 1750 255 1803 373
person 0.929443 560 159 582 192
person 0.797932 534 163 552 193
person 0.789567 1555 398 1683 586
person 0.775822 490 165 507 195
person 0.751069 440 164 463 202
person 0.634639 377 166 397 200
person 0.584647 1263 235 1308 324
person 0.571966 820 160 832 181
person 0.559782 1085 215 1116 299
person 0.430123 1089 234 1111 284
person 0.359702 1282 205 1318 282
person 0.343720 1774 189 1806 239
person 0.267110 1149 232 1170 278
person 0.300964 428 164 444 196
person 0.296223 624 159 638 181
person 0.294412 1664 168 1689 227
person 0.289005 610 158 625 182
person 0.279661 1526 141 1544 180
person 0.993255 210 284 262 405
person 0.992690 560 250 606 356
person 0.984975 1500 276 1546 423
person 0.984768 670 269 726 385
person 0.974051 1025 305 1069 452
person 0.972968 1669 376 1761 567
person 0.970479 1139 210 1175 291
person 0.962889 1650 227 1688 324
person 0.962074 1752 255 1803 373
person 0.961654 1239 310 1289 468
person 0.945355 1350 227 1389 333
person 0.944800 1575 393 1696 588
person 0.920211 560 158 582 192
person 0.803138 534 163 553 193
person 0.771625 376 165 396 200
person 0.736347 440 165 463 202
person 0.700825 1086 214 1115 301
person 0.691413 491 166 507 194
person 0.606434 1261 236 1310 326
person 0.576229 820 160 832 180
person 0.453728 1281 204 1318 282
person 0.431749 1773 189 1804 243
person 0.321201 1090 237 1110 282
person 0.370628 1663 169 1690 227
person 0.359280 427 164 444 196
person 0.266154 1147 231 1169 278
person 0.327355 318 177 333 204
person 0.287634 1527 142 1544 180
person 0.282367 609 157 625 182
person 0.275611 624 159 638 181
