person 0.995962 290 432 339 538
person 0.991957 1401 381 1444 468
person 0.988405 597 485 648 604
person 0.986992 749 480 812 606
person 0.976092 1299 378 1345 455
person 0.969690 80 455 126 557
person 0.968378 429 406 468 487
person 0.953336 905 444 956 562
person 0.938125 1003 467 1078 580
person 0.900434 1868 413 1919 558
person 0.874405 343 346 361 375
person 0.860110 601 329 617 359
person 0.807756 878 432 917 553
person 0.804135 1662 339 1701 414
person 0.736888 299 303 1919 441
person 0.720846 1850 381 1890 472
person 0.694458 1442 355 1470 404
person 0.689463 1750 314 1775 364
person 0.674538 1489 364 1513 390
person 0.654120 290 353 310 383
person 0.633277 1145 349 1166 405
person 0.583566 531 330 542 355
person 0.561090 1116 351 1137 408
person 0.545535 1265 320 1285 363
person 0.515177 1218 340 1238 390
person 0.488802 1814 315 1838 361
person 0.464864 1780 317 1804 362
person 0.422968 412 344 427 368
person 0.399289 280 351 297 378
person 0.392434 1252 361 1275 396
person 0.376352 443 332 455 361
person 0.292130 669 326 680 347
person 0.274088 898 399 926 451
person 0.273648 1865 289 1879 308
person 0.250252 881 407 946 573
person 0.996914 285 432 336 540
person 0.991953 1399 382 1444 470
person 0.984982 597 487 647 603
person 0.978967 75 454 124 558
person 0.977707 735 480 796 607
person 0.969634 1298 378 1342 456
person 0.955593 427 405 467 485
person 0.913998 903 446 955 567
person 0.902839 1660 338 1698 419
person 0.891589 997 471 1077 580
person 0.890666 343 346 361 375
person 0.887079 859 432 898 535
person 0.846741 1868 413 1918 559
person 0.811166 599 327 617 358
person 0.753667 1847 381 1890 475
person 0.746419 1444 357 1471 405
person 0.718740 1749 316 1775 364
person 0.713098 885 435 932 548
person 0.710544 1489 364 1514 390
person 0.675861 289 352 310 383
person 0.650679 281 300 1919 439
person 0.610841 1265 321 1286 364
person 0.583130 1217 340 1238 390
person 0.544730 1113 343 1141 430
person 0.531637 531 330 543 355
person 0.521032 1813 314 1838 362
person 0.496377 1148 343 1169 394
person 0.485704 1440 343 1465 392
person 0.474463 1781 316 1805 362
person 0.445447 411 344 427 368
person 0.419370 280 351 297 378
person 0.400395 889 394 919 448
person 0.368572 1253 362 1274 395
person 0.334749 1116 345 1136 390
person 0.288924 670 326 682 347
person 0.273640 1865 288 1879 308
person 0.255547 1258 343 1280 387
person 0.252063 1117 377 1137 426
person 0.251345 1232 327 1248 360
