person 0.996899 284 434 330 539
person 0.991907 716 489 787 601
person 0.991400 1397 381 1442 470
person 0.987887 597 488 646 604
person 0.982436 66 453 116 558
person 0.967502 1294 372 1334 454
person 0.931768 427 405 466 487
person 0.916788 882 437 947 570
person 0.906244 1657 338 1696 414
person 0.888437 343 347 362 375
person 0.879026 999 456 1055 569
person 0.801726 854 435 896 535
person 0.794748 602 332 618 359
person 0.785427 1750 316 1775 363
person 0.761196 1445 356 1471 406
person 0.746450 253 301 1919 437
person 0.743423 1844 381 1885 475
person 0.732367 1870 406 1916 565
person 0.693946 290 352 310 383
person 0.678483 1490 364 1515 391
person 0.582252 1149 343 1169 394
person 0.564049 1265 321 1285 363
person 0.551832 1442 343 1466 392
person 0.547273 532 331 544 356
person 0.542333 1816 315 1840 361
person 0.541309 411 344 427 369
person 0.523075 1218 341 1238 389
person 0.520637 1780 317 1804 362
person 0.454838 1112 342 1139 430
person 0.435644 280 351 297 378
person 0.400084 1253 361 1272 395
person 0.332362 1116 345 1136 390
person 0.318820 670 325 682 347
person 0.283703 1258 345 1279 388
person 0.271553 794 327 804 343
person 0.263073 1866 288 1880 307
person 0.997333 283 436 328 539
person 0.996011 596 486 646 606
person 0.991828 1395 380 1440 472
person 0.989246 62 455 111 559
person 0.982707 699 485 783 612
person 0.971522 1655 339 1693 419
person 0.957033 1294 372 1331 454
person 0.919865 885 437 944 564
person 0.911958 421 403 456 488
person 0.901257 343 347 362 376
person 0.850877 847 430 890 538
person 0.837916 995 459 1045 563
person 0.778375 1750 319 1775 364
person 0.762400 1866 412 1915 559
person 0.738216 604 333 619 359
person 0.713450 155 302 1814 445
person 0.710583 1490 364 1514 391
person 0.704360 1447 356 1471 405
person 0.687700 1842 382 1882 473
person 0.683205 289 352 310 384
person 0.650197 1443 343 1466 392
person 0.624180 1149 352 1168 403
person 0.605435 1817 314 1840 361
person 0.604559 1266 322 1286 364
person 0.576311 1109 344 1139 431
person 0.546888 1219 341 1239 388
person 0.523640 411 343 427 369
person 0.502599 1778 317 1802 362
person 0.481647 532 332 543 357
person 0.397154 1253 362 1271 394
person 0.391449 280 350 298 379
person 0.360000 1257 344 1278 387
person 0.347764 671 326 683 347
person 0.290404 1114 375 1136 427
person 0.262733 1117 346 1136 387
person 0.255637 1866 288 1879 308
