person 0.996047 592 486 646 606
person 0.993399 281 438 324 539
person 0.991977 60 456 106 561
person 0.991796 1395 381 1438 469
person 0.977655 689 492 769 606
person 0.966648 421 404 454 489
person 0.956726 887 440 943 565
person 0.950796 1653 339 1694 417
person 0.949326 990 455 1034 566
person 0.945964 1294 378 1331 456
person 0.884260 344 347 363 376
person 0.883581 839 429 878 540
person 0.800863 1446 356 1472 405
person 0.775128 1749 319 1774 363
person 0.736562 1491 364 1516 391
person 0.738805 1862 420 1916 551
person 0.736468 603 332 619 359
person 0.651640 279 301 1919 440
person 0.635764 1149 342 1169 395
person 0.630184 289 352 310 384
person 0.586787 1818 317 1841 360
person 0.544243 1114 377 1136 429
person 0.540541 1841 384 1880 470
person 0.527056 1779 318 1802 361
person 0.508662 1218 341 1237 389
person 0.473998 531 332 543 357
person 0.462617 413 343 428 369
person 0.455247 1265 321 1285 361
person 0.448444 280 351 298 379
person 0.401501 1252 360 1271 395
person 0.345626 1300 396 1325 443
person 0.350790 669 325 682 347
person 0.349524 1117 344 1136 389
person 0.328262 1256 346 1277 389
person 0.275218 755 320 766 338
person 0.251773 1840 320 1864 360
person 0.995128 588 486 644 607
person 0.992073 1395 382 1437 470
person 0.987002 59 456 100 563
person 0.978319 887 436 942 572
person 0.978158 278 440 321 543
person 0.958154 420 405 453 487
person 0.956216 987 456 1031 565
person 0.952217 1654 338 1691 419
person 0.941740 1290 372 1325 454
person 0.882811 344 346 364 376
person 0.855653 1446 356 1473 407
person 0.841923 1842 416 1912 557
person 0.824237 664 478 717 615
person 0.787511 670 493 757 597
person 0.777195 838 435 875 534
person 0.752263 602 333 618 361
person 0.743769 1492 363 1517 391
person 0.720575 1748 320 1775 364
person 0.686923 267 302 1919 441
person 0.683342 289 352 310 384
person 0.665183 1110 344 1139 432
person 0.663389 1148 341 1169 397
person 0.621190 1841 386 1881 465
person 0.590344 1818 318 1841 360
person 0.558043 1780 317 1803 361
person 0.519151 1218 341 1237 389
person 0.518398 412 343 429 369
person 0.503361 531 332 543 359
person 0.455324 1265 322 1285 362
person 0.405006 280 350 298 378
person 0.397308 1253 362 1272 396
person 0.319138 669 326 681 348
person 0.309157 868 398 893 450
person 0.290946 1257 342 1279 388
person 0.261252 1299 395 1322 443
person 0.251362 1865 289 1878 308
person 0.250607 755 320 766 339
