person 0.993160 589 485 641 608
person 0.992146 1393 382 1435 470
person 0.990575 888 443 941 573
person 0.976903 54 459 101 563
person 0.976655 980 453 1031 573
person 0.973950 270 443 311 536
person 0.969951 660 484 716 613
person 0.956492 419 406 450 488
person 0.953392 1653 338 1692 418
person 0.946734 1287 373 1322 453
person 0.944506 829 435 860 534
person 0.891970 1445 357 1473 409
person 0.884758 345 347 364 377
person 0.785103 603 334 619 361
person 0.754049 1747 321 1774 365
person 0.736995 1492 363 1517 391
person 0.738302 1845 414 1907 559
person 0.734446 1148 341 1170 397
person 0.688846 1108 345 1139 432
person 0.656928 252 303 1919 441
person 0.641287 862 399 888 454
person 0.626475 289 352 310 384
person 0.602366 842 439 877 532
person 0.572063 412 344 428 369
person 0.526928 1780 318 1804 362
person 0.519727 1819 319 1842 360
person 0.508159 1218 340 1238 389
person 0.458899 1840 385 1879 469
person 0.455861 280 350 297 378
person 0.424471 670 326 682 348
person 0.398626 532 332 544 358
person 0.363032 1264 322 1285 361
person 0.348186 1252 360 1272 396
person 0.302035 1257 344 1279 388
person 0.259102 421 423 441 472
person 0.275366 1113 378 1136 425
person 0.991471 889 445 940 575
person 0.990702 586 487 637 607
person 0.990042 1394 381 1431 471
person 0.989884 264 441 311 539
person 0.984275 647 490 705 608
person 0.978081 45 462 95 561
person 0.974184 975 454 1026 571
person 0.972307 825 435 858 532
person 0.944588 417 406 450 489
person 0.938957 1653 338 1690 417
person 0.916119 1446 351 1473 412
person 0.902720 1286 373 1318 452
person 0.882493 1832 389 1910 557
person 0.857693 346 348 364 376
person 0.808901 854 397 879 456
person 0.755721 1108 344 1137 431
person 0.737087 1748 321 1775 364
person 0.729446 1492 363 1514 391
person 0.719576 604 334 620 359
person 0.710470 1148 341 1170 397
person 0.694411 273 304 1919 438
person 0.655319 1840 376 1886 517
person 0.620475 290 352 310 384
person 0.588343 413 344 429 369
person 0.547240 1218 339 1238 390
person 0.536880 1819 319 1841 360
person 0.521980 1782 319 1805 361
person 0.468997 669 326 682 348
person 0.408484 280 350 297 378
person 0.398268 532 332 544 357
person 0.363353 1258 341 1280 389
person 0.318632 1263 322 1285 363
person 0.284760 1255 362 1274 395
