person 0.991248 259 441 309 539
person 0.990773 1392 382 1430 471
person 0.987116 630 489 683 611
person 0.985438 880 445 940 574
person 0.983743 586 491 638 605
person 0.979717 41 467 92 560
person 0.960876 814 434 853 534
person 0.955350 968 453 1010 570
person 0.952138 413 406 448 489
person 0.941594 1284 377 1315 458
person 0.898197 1447 354 1474 411
person 0.878829 1831 388 1908 555
person 0.875078 346 348 364 376
person 0.861835 847 398 872 457
person 0.850319 1652 339 1689 416
person 0.782216 1148 341 1170 397
person 0.744771 1491 363 1515 391
person 0.734587 141 303 1824 443
person 0.724490 1106 345 1136 432
person 0.717372 1748 323 1774 364
person 0.689831 604 332 620 358
person 0.628071 290 352 310 383
person 0.593572 1840 377 1885 519
person 0.574193 414 344 430 369
person 0.515324 669 326 681 348
person 0.515247 1219 340 1239 389
person 0.507719 1820 320 1842 359
person 0.501462 1782 320 1805 361
person 0.477992 280 351 297 378
person 0.366036 1263 322 1285 364
person 0.351087 531 332 543 355
person 0.336847 1258 340 1280 387
person 0.321955 1117 345 1138 388
person 0.305069 1256 363 1275 396
person 0.994065 254 440 306 544
person 0.992028 877 445 935 571
person 0.989609 964 451 1011 568
person 0.987990 807 434 850 534
person 0.987706 1390 383 1429 472
person 0.987644 31 467 89 562
person 0.982389 619 489 675 607
person 0.978662 587 490 639 605
person 0.967959 410 406 448 489
person 0.934003 1281 379 1314 456
person 0.912578 346 348 365 377
person 0.899779 1824 392 1908 555
person 0.895880 1653 340 1688 416
person 0.866068 1447 353 1474 412
person 0.799033 844 403 868 454
person 0.753766 109 305 1852 443
person 0.735606 1146 350 1167 404
person 0.722195 1749 322 1775 363
person 0.707273 1491 363 1513 392
person 0.700194 603 328 620 358
person 0.675925 413 344 430 370
person 0.658134 290 353 311 384
person 0.631997 1106 343 1137 429
person 0.540076 667 326 679 348
person 0.473595 1781 321 1804 361
person 0.463208 1220 339 1241 389
person 0.457937 1819 321 1841 359
person 0.394617 280 352 297 378
person 0.375469 1263 321 1286 364
person 0.371385 532 330 545 354
person 0.300720 1257 341 1279 387
person 0.282806 1115 344 1138 392
person 0.269897 1838 379 1882 515
person 0.267851 1256 363 1276 396
