person 0.995827 250 438 302 548
person 0.995224 959 447 1010 574
person 0.992339 26 465 86 565
person 0.990749 873 445 928 575
person 0.983948 802 437 844 533
person 0.983832 588 486 649 607
person 0.982589 1389 382 1427 471
person 0.972798 406 406 446 491
person 0.910925 1278 379 1312 458
person 0.896776 1839 417 1898 551
person 0.885840 346 348 364 376
person 0.837114 1652 340 1689 416
person 0.820621 1448 354 1475 411
person 0.760452 602 327 619 359
person 0.745585 1147 351 1167 404
person 0.741039 101 306 1852 441
person 0.698031 1749 323 1775 363
person 0.688829 1105 343 1135 429
person 0.681539 1490 363 1513 392
person 0.643333 290 352 311 383
person 0.583436 411 344 427 370
person 0.519952 668 326 680 348
person 0.468676 1780 321 1803 361
person 0.453982 1221 340 1241 388
person 0.451933 1819 321 1842 359
person 0.429757 532 331 545 356
person 0.403179 835 405 858 448
person 0.400005 1263 321 1286 365
person 0.391523 280 351 297 378
person 0.284328 1258 339 1281 386
person 0.259749 1116 343 1137 393
person 0.254955 836 399 871 480
person 0.994571 954 448 1006 575
person 0.993946 584 487 649 610
person 0.990469 247 438 301 547
person 0.988950 22 463 83 568
person 0.971577 403 406 442 490
person 0.963063 870 447 922 576
person 0.955929 1387 383 1425 470
person 0.938076 789 435 826 535
person 0.889381 1837 416 1896 551
person 0.848686 1448 352 1475 411
person 0.836027 1267 381 1306 457
person 0.816197 347 349 365 376
person 0.797193 1147 351 1168 403
person 0.797492 1651 342 1687 421
person 0.749446 604 332 619 361
person 0.741830 1104 344 1134 430
person 0.734067 117 304 1852 438
person 0.671221 1748 323 1776 363
person 0.666244 290 353 311 384
person 0.662937 1490 363 1515 392
person 0.581237 413 345 429 370
person 0.574711 671 327 683 348
person 0.475994 826 394 860 469
person 0.451219 1285 393 1313 445
person 0.456966 1221 339 1242 388
person 0.449914 1264 321 1286 366
person 0.423466 531 331 544 356
person 0.422080 1781 321 1807 362
person 0.408894 1818 321 1842 360
person 0.377185 280 351 297 379
person 0.294901 1258 339 1280 385
person 0.293636 810 407 855 536
person 0.265027 1838 382 1867 431
person 0.253546 868 328 878 345
