person 0.993792 948 447 1001 574
person 0.989273 243 438 299 549
person 0.979085 19 463 81 570
person 0.971926 781 437 825 534
person 0.970361 569 487 640 613
person 0.967320 401 408 441 491
person 0.940778 1386 384 1427 470
person 0.909994 864 447 919 578
person 0.905892 1835 410 1892 554
person 0.863871 1449 354 1475 411
person 0.812943 1268 382 1304 459
person 0.812279 1146 350 1167 403
person 0.803836 1651 341 1687 417
person 0.772137 101 302 1858 438
person 0.743919 817 393 856 471
person 0.741769 348 350 366 376
person 0.717376 605 333 620 361
person 0.664127 1490 363 1515 393
person 0.653850 1103 344 1132 430
person 0.650196 1749 323 1777 364
person 0.637807 291 353 312 384
person 0.585060 1273 394 1297 446
person 0.562457 671 327 683 348
person 0.541115 411 345 427 370
person 0.502564 1220 339 1242 390
person 0.437724 532 331 544 356
person 0.422350 1782 319 1807 362
person 0.403574 1264 321 1286 365
person 0.392753 1835 380 1867 434
person 0.372756 1817 321 1841 360
person 0.335521 279 352 297 379
person 0.283586 757 319 769 340
person 0.989622 946 449 995 570
person 0.984269 547 487 604 613
person 0.982376 240 441 294 549
person 0.979080 774 436 822 538
person 0.978060 581 493 638 609
person 0.957237 1262 380 1305 458
person 0.956337 401 407 437 490
person 0.951486 1380 384 1414 471
person 0.950707 11 470 80 573
person 0.937330 1651 341 1685 419
person 0.881440 813 391 850 471
person 0.845059 1450 355 1476 410
person 0.845032 860 449 919 578
person 0.830694 1829 414 1888 551
person 0.814957 1145 350 1167 403
person 0.780758 348 349 366 375
person 0.761550 127 303 1833 437
person 0.710795 1106 349 1131 412
person 0.690266 818 402 845 452
person 0.682819 291 353 312 383
person 0.658350 605 335 620 360
person 0.636058 1490 363 1514 392
person 0.624933 413 345 429 370
person 0.579426 1748 324 1776 364
person 0.564097 670 328 682 348
person 0.561313 1220 338 1244 392
person 0.552006 531 330 543 354
person 0.486584 1265 321 1287 366
person 0.464263 1781 319 1807 363
person 0.339752 1817 321 1841 360
person 0.320188 279 352 296 378
person 0.251549 1271 402 1292 440
person 0.267407 870 327 880 346
