person 0.987039 770 439 813 537
person 0.986720 943 448 990 567
person 0.985206 534 486 591 615
person 0.982884 4 471 81 572
person 0.980334 580 493 628 607
person 0.977287 1379 383 1413 473
person 0.942596 1261 379 1302 459
person 0.938675 847 449 905 577
person 0.937490 240 444 287 547
person 0.937276 397 408 436 490
person 0.926741 1650 343 1685 422
person 0.903708 811 398 840 458
person 0.892711 1451 356 1477 412
person 0.806615 1145 350 1168 404
person 0.770362 350 349 367 375
person 0.699403 141 301 1824 441
person 0.692414 605 335 619 361
person 0.680884 1106 349 1130 411
person 0.679042 291 353 312 384
person 0.673254 1492 363 1515 392
person 0.668791 413 345 430 370
person 0.666454 1823 412 1884 552
person 0.608548 1748 323 1778 365
person 0.584545 671 328 682 349
person 0.565802 531 332 544 357
person 0.527510 1220 338 1243 391
person 0.478296 1264 320 1287 366
person 0.409054 1780 319 1808 362
person 0.386838 1817 321 1842 360
person 0.332475 1272 399 1293 440
person 0.277685 280 351 297 378
person 0.272821 382 347 399 372
person 0.992536 576 490 627 608
person 0.989785 517 482 579 625
person 0.987259 1378 384 1412 474
person 0.986352 766 438 805 540
person 0.979693 2 474 78 573
person 0.967956 845 447 902 577
person 0.962485 941 449 986 564
person 0.960276 1259 382 1303 460
person 0.943610 230 446 274 543
person 0.935174 1647 344 1685 424
person 0.932075 802 401 834 456
person 0.929162 396 407 433 490
person 0.891270 1452 355 1477 411
person 0.815049 1146 349 1168 404
person 0.800188 1819 410 1884 556
person 0.777840 350 349 366 375
person 0.760084 144 303 1810 438
person 0.681803 1493 363 1515 392
person 0.680761 290 353 312 384
person 0.652042 672 329 684 349
person 0.647465 604 336 618 361
person 0.622198 413 344 429 369
person 0.551624 1219 338 1243 392
person 0.543502 1747 323 1778 365
person 0.540425 532 332 544 356
person 0.493368 1110 349 1132 411
person 0.481119 1264 320 1287 366
person 0.359695 1780 320 1808 362
person 0.328598 1270 403 1294 441
person 0.329463 1817 321 1841 359
person 0.286912 1826 381 1858 434
person 0.277402 279 351 297 378
