person 0.996065 576 490 625 608
person 0.993436 509 485 565 624
person 0.987770 1377 385 1413 475
person 0.983785 226 445 272 545
person 0.959851 762 444 803 537
person 0.958456 839 447 898 580
person 0.951572 1646 342 1687 424
person 0.946256 6 474 73 571
person 0.940907 935 450 974 569
person 0.901529 395 408 429 491
person 0.892345 793 401 821 454
person 0.852443 1452 351 1476 410
person 0.828721 1256 380 1296 462
person 0.750735 1804 413 1873 552
person 0.750348 1147 350 1169 403
person 0.735986 153 303 1807 442
person 0.732025 351 349 367 374
person 0.725335 290 353 312 384
person 0.629846 416 345 431 369
person 0.627585 671 328 684 349
person 0.615661 1491 363 1514 392
person 0.575304 605 337 619 360
person 0.542025 1109 350 1132 410
person 0.530953 1219 338 1243 392
person 0.508069 531 332 544 356
person 0.508162 1748 325 1777 365
person 0.497478 1264 320 1287 366
person 0.445955 1263 395 1290 447
person 0.389651 1092 382 1113 429
person 0.393916 1780 319 1807 362
person 0.358578 1818 321 1842 359
person 0.304456 377 347 395 372
person 0.295236 279 351 296 378
person 0.285150 1825 379 1858 437
person 0.264347 1864 288 1878 308
person 0.998218 576 487 624 608
person 0.994429 494 488 552 622
person 0.991909 219 444 269 545
person 0.989115 1375 386 1412 475
person 0.970687 835 449 890 576
person 0.963999 935 448 971 574
person 0.962890 752 440 788 536
person 0.930516 0 470 56 574
person 0.919191 1647 342 1686 425
person 0.919043 393 406 428 491
person 0.890931 787 403 814 456
person 0.849833 1803 413 1874 554
person 0.816975 1453 353 1477 410
person 0.781486 352 349 369 376
person 0.748061 416 345 431 369
person 0.739513 1256 377 1292 463
person 0.734268 122 307 1839 444
person 0.722776 1148 351 1168 403
person 0.701098 292 354 313 383
person 0.628978 1490 363 1513 393
person 0.606026 1111 350 1132 407
person 0.587224 1219 338 1243 393
person 0.579172 607 336 622 359
person 0.536946 1090 380 1112 431
person 0.466181 1263 321 1286 366
person 0.461974 1748 326 1778 365
person 0.430825 532 332 544 355
person 0.417338 1260 395 1286 448
person 0.398049 811 316 824 342
person 0.375577 670 328 682 346
person 0.374608 1818 320 1842 360
person 0.361650 1780 319 1808 362
person 0.321753 278 352 295 378
person 0.286417 379 346 396 372
person 0.278780 1823 380 1856 433
person 0.261977 1839 320 1867 362
person 0.250307 1094 357 1114 413
