person 0.997661 576 487 623 607
person 0.992822 215 440 261 544
person 0.987915 1375 386 1411 475
person 0.982471 931 449 970 574
person 0.973491 480 494 538 616
person 0.969414 743 440 785 538
person 0.934244 1800 410 1874 558
person 0.928820 781 400 809 459
person 0.925965 392 408 428 493
person 0.925945 0 471 52 574
person 0.925884 1645 343 1685 424
person 0.913943 833 468 888 584
person 0.773043 1258 393 1283 449
person 0.772229 1454 355 1478 410
person 0.764880 416 345 431 369
person 0.734446 607 335 622 362
person 0.717023 351 349 367 374
person 0.699127 144 305 1808 448
person 0.696575 1147 349 1169 404
person 0.660884 1490 363 1514 394
person 0.634774 1088 381 1113 431
person 0.610559 292 354 312 383
person 0.593606 1113 348 1135 407
person 0.583879 1219 338 1243 393
person 0.521661 1748 326 1778 365
person 0.515929 1820 379 1854 435
person 0.496554 532 332 545 357
person 0.486935 1264 320 1286 366
person 0.389050 1781 319 1808 362
person 0.372944 1818 320 1842 359
person 0.323551 278 352 294 378
person 0.301962 382 346 399 371
person 0.278122 1839 319 1867 362
person 0.276857 811 317 824 340
person 0.251672 1092 357 1114 410
person 0.993801 925 444 969 580
person 0.993332 577 486 621 609
person 0.992537 212 438 258 545
person 0.992331 464 487 525 625
person 0.989372 1372 385 1410 476
person 0.973190 734 443 782 540
person 0.947144 829 466 882 582
person 0.929801 1644 343 1685 424
person 0.904427 0 470 45 575
person 0.902764 391 408 426 493
person 0.898909 776 398 804 461
person 0.876945 1801 412 1871 558
person 0.821800 1252 374 1283 465
person 0.775251 1455 356 1479 413
person 0.735778 606 332 622 363
person 0.716267 1086 380 1111 429
person 0.693329 351 349 367 374
person 0.687524 416 345 430 368
person 0.647207 1491 363 1515 394
person 0.651792 292 354 313 383
person 0.634952 156 307 1788 449
person 0.624373 1146 349 1168 403
person 0.576465 1220 337 1242 392
person 0.573633 1748 326 1778 366
person 0.545147 1112 341 1136 397
person 0.509487 1264 321 1286 366
person 0.507180 532 331 545 357
person 0.402816 1782 319 1809 362
person 0.362480 1819 383 1850 431
person 0.321361 1817 320 1841 360
person 0.288744 1839 319 1867 362
person 0.289482 872 326 884 348
person 0.276408 381 346 398 372
