person 0.995158 557 248 606 358
person 0.993432 210 286 261 405
person 0.992918 1504 281 1550 417
person 0.991000 670 269 725 385
person 0.986781 1026 296 1072 460
person 0.982866 1139 211 1175 291
person 0.977201 1651 228 1690 325
person 0.975391 1754 254 1803 373
person 0.964230 1242 302 1292 473
person 0.960287 1577 393 1705 586
person 0.949036 1676 374 1772 564
person 0.943334 1340 227 1382 336
person 0.938134 559 158 581 192
person 0.799391 535 163 553 194
person 0.794976 376 165 395 201
person 0.743573 491 166 507 194
person 0.721891 439 164 463 202
person 0.660258 1085 216 1116 301
person 0.643008 821 161 832 181
person 0.580710 1772 189 1803 245
person 0.541750 1277 208 1316 312
person 0.425981 1265 232 1309 327
person 0.420298 610 158 625 182
person 0.315502 1089 238 1111 283
person 0.358118 428 163 445 196
person 0.334280 1664 170 1689 225
person 0.303694 1527 142 1546 181
person 0.287260 1036 144 1046 164
person 0.277482 315 170 330 198
person 0.269692 755 149 766 170
person 0.261042 1018 146 1028 164
person 0.996359 554 247 603 359
person 0.992609 1507 283 1553 415
person 0.990627 210 287 262 404
person 0.989721 671 270 724 384
person 0.987437 1586 394 1704 588
person 0.980352 1138 209 1174 292
person 0.975903 1027 301 1075 456
person 0.975839 1757 253 1803 374
person 0.971260 1652 224 1692 326
person 0.965160 1694 374 1792 573
person 0.949104 1340 227 1383 339
person 0.941773 560 158 582 192
person 0.903044 1244 309 1296 470
person 0.835248 374 165 395 201
person 0.809937 535 163 553 194
person 0.753465 490 167 506 195
person 0.753138 439 164 463 202
person 0.707484 1087 215 1116 300
person 0.597739 1771 190 1803 243
person 0.555808 819 161 830 181
person 0.497356 1275 209 1317 313
person 0.364284 1091 236 1111 282
person 0.405427 1663 168 1689 226
person 0.375538 428 163 445 197
person 0.367545 313 168 330 199
person 0.349204 610 158 625 182
person 0.306084 1527 143 1544 180
person 0.282127 869 150 878 170
person 0.276990 1709 209 1734 238
person 0.270104 829 151 839 173
person 0.265196 1037 146 1047 165
