person 0.996861 573 487 622 609
person 0.996782 209 437 255 549
person 0.993563 920 443 967 580
person 0.988034 728 441 780 542
person 0.986664 1370 385 1409 477
person 0.976292 449 488 522 623
person 0.969359 812 445 869 583
person 0.905918 1644 343 1684 425
person 0.904689 1800 413 1869 557
person 0.897104 388 407 415 492
person 0.841266 0 473 38 576
person 0.777674 1083 373 1109 430
person 0.768234 1455 356 1480 413
person 0.765902 1248 360 1278 455
person 0.745863 607 330 623 362
person 0.711285 414 345 428 368
person 0.697227 173 305 1778 448
person 0.683610 1146 347 1169 405
person 0.642241 352 350 367 375
person 0.635133 1490 363 1514 395
person 0.642365 766 396 802 470
person 0.611432 293 354 312 384
person 0.572448 1748 324 1777 367
person 0.518141 1218 338 1240 391
person 0.503342 1113 341 1137 397
person 0.495978 1264 321 1285 366
person 0.488173 531 331 544 357
person 0.418905 1783 318 1809 363
person 0.409101 1816 381 1849 435
person 0.352765 1817 320 1840 360
person 0.320717 1252 398 1276 447
person 0.338149 380 347 397 373
person 0.321738 1839 319 1866 362
person 0.263801 278 352 294 378
person 0.997340 571 485 621 613
person 0.995441 205 439 254 550
person 0.992477 917 440 962 581
person 0.988807 1369 384 1409 478
person 0.986280 416 490 526 623
person 0.971022 812 451 864 577
person 0.968151 720 443 776 543
person 0.954779 384 408 414 494
person 0.925079 1640 342 1673 424
person 0.901645 1792 395 1870 558
person 0.826933 0 471 30 577
person 0.765211 605 328 622 362
person 0.737138 1084 377 1108 430
person 0.706920 1456 352 1480 413
person 0.686369 1244 379 1279 464
person 0.685405 416 345 430 368
person 0.669682 178 303 1767 452
person 0.654665 351 349 368 376
person 0.642682 1489 362 1514 395
person 0.639326 1113 342 1137 396
person 0.631904 760 403 797 477
person 0.631109 293 353 312 384
person 0.612550 1146 348 1168 403
person 0.549480 1748 325 1776 366
person 0.493567 1263 321 1285 366
person 0.488961 1219 338 1240 390
person 0.454321 1783 319 1808 363
person 0.444312 532 331 545 357
person 0.398586 1818 320 1841 360
person 0.397147 376 346 394 374
person 0.339638 1839 319 1865 362
person 0.291779 1864 287 1878 307
person 0.272452 675 327 686 347
person 0.269582 812 317 824 341
person 0.263933 1079 361 1116 441
person 0.251362 1815 384 1844 431
