person 0.995753 568 487 622 615
person 0.991017 917 442 956 576
person 0.989623 1366 385 1408 477
person 0.989566 204 442 252 547
person 0.987699 401 493 518 624
person 0.981187 807 448 862 582
person 0.965776 382 408 414 493
person 0.949172 713 441 755 541
person 0.937060 1639 343 1673 424
person 0.882733 1792 394 1867 557
person 0.844327 0 458 27 570
person 0.774659 605 327 623 361
person 0.753574 1239 384 1278 462
person 0.746926 752 396 787 469
person 0.740515 1456 353 1481 413
person 0.738216 167 302 1782 452
person 0.714665 416 346 431 369
person 0.703214 1083 377 1108 428
person 0.682757 1113 342 1137 396
person 0.648150 1490 362 1515 395
person 0.652466 352 349 369 375
person 0.621703 1148 343 1170 397
person 0.607734 293 354 312 383
person 0.549395 1263 321 1285 367
person 0.512538 1749 325 1777 366
person 0.502229 1219 339 1239 388
person 0.500863 531 331 544 356
person 0.477177 374 346 393 374
person 0.438217 1782 319 1808 363
person 0.394548 1818 321 1840 360
person 0.351392 277 352 294 378
person 0.340879 812 317 824 341
person 0.329476 1840 320 1866 362
person 0.284211 756 427 784 465
person 0.309729 1864 288 1878 307
person 0.291310 1087 364 1107 409
person 0.283182 1812 384 1841 431
person 0.255880 675 327 687 346
person 0.997451 567 490 621 617
person 0.991771 1365 385 1407 477
person 0.986619 915 446 953 574
person 0.979954 396 494 501 625
person 0.977868 704 443 747 535
person 0.969101 379 409 413 491
person 0.940350 1639 343 1672 425
person 0.931907 196 444 237 547
person 0.921741 797 464 864 581
person 0.908356 1078 376 1106 432
person 0.885570 1793 393 1866 558
person 0.822206 743 394 780 471
person 0.815083 0 455 24 573
person 0.745653 1456 342 1485 421
person 0.714100 1146 349 1168 403
person 0.704339 607 329 624 360
person 0.702917 1236 382 1279 462
person 0.688437 189 305 1769 448
person 0.681500 416 345 432 369
person 0.619228 1490 362 1514 394
person 0.630863 1113 342 1136 397
person 0.586216 353 348 370 375
person 0.586217 292 353 312 384
person 0.565268 1264 320 1285 367
person 0.517887 1748 324 1778 366
person 0.489688 373 346 393 375
person 0.451289 1234 402 1265 450
person 0.421094 1781 318 1808 363
person 0.420663 1219 339 1239 389
person 0.415972 532 332 544 354
person 0.387887 1818 320 1841 360
person 0.337472 1839 320 1866 362
person 0.315900 277 352 293 378
person 0.298544 676 328 688 346
person 0.289558 1864 288 1878 307
person 0.273872 1809 382 1838 429
person 0.259397 1224 366 1243 399
