person 0.996558 566 489 622 618
person 0.991949 1362 384 1404 477
person 0.985918 913 445 952 575
person 0.975611 375 409 413 490
person 0.974191 700 444 741 537
person 0.959010 390 494 463 616
person 0.959319 1639 342 1672 423
person 0.939109 193 446 236 545
person 0.904507 789 450 853 578
person 0.893656 1080 376 1105 432
person 0.832116 741 398 768 458
person 0.829621 1796 410 1855 555
person 0.789566 1147 350 1168 403
person 0.785853 0 463 21 585
person 0.767433 1227 386 1271 460
person 0.742694 607 331 623 361
person 0.718175 1116 348 1138 406
person 0.710488 1456 343 1485 422
person 0.706870 186 303 1775 448
person 0.592376 292 353 312 384
person 0.568517 1264 321 1285 366
person 0.560499 415 345 431 369
person 0.528614 1489 362 1514 395
person 0.542711 353 348 370 376
person 0.525083 371 346 392 376
person 0.468381 1749 326 1777 366
person 0.426740 1219 341 1238 388
person 0.425762 1782 319 1808 362
person 0.373121 1818 321 1841 360
person 0.371593 532 331 544 354
person 0.356068 1840 320 1866 362
person 0.342969 277 352 294 379
person 0.311455 1865 288 1878 307
person 0.267906 678 328 689 346
person 0.994051 567 490 621 618
person 0.992829 1361 383 1400 475
person 0.980520 911 444 951 575
person 0.979213 696 447 739 541
person 0.975154 374 409 413 490
person 0.973514 189 448 237 556
person 0.966642 1637 342 1671 425
person 0.936716 777 450 835 596
person 0.933718 377 497 446 632
person 0.915967 1224 387 1270 459
person 0.908989 1076 374 1103 432
person 0.903701 1794 409 1853 557
person 0.837174 735 400 764 460
person 0.804534 1146 350 1167 403
person 0.765512 606 330 623 362
person 0.740685 0 468 20 585
person 0.706816 1116 349 1138 405
person 0.692645 1456 343 1486 422
person 0.647478 371 345 393 376
person 0.647657 169 304 1796 449
person 0.618720 414 345 431 369
person 0.581941 292 353 313 384
person 0.548985 1263 321 1285 367
person 0.530716 353 348 371 375
person 0.492112 1489 362 1513 395
person 0.450005 1749 326 1777 366
person 0.403265 278 351 294 379
person 0.393978 531 331 544 354
person 0.390031 1781 320 1807 362
person 0.361627 677 328 688 346
person 0.344644 1817 321 1840 360
person 0.343566 759 318 771 340
person 0.340064 1220 342 1239 385
person 0.319709 1840 320 1867 362
person 0.297165 812 317 824 339
person 0.286975 1865 288 1878 308
person 0.262239 1641 355 1664 409
