person 0.992756 365 497 435 634
person 0.991371 1360 383 1399 475
person 0.983686 568 491 619 616
person 0.974521 909 446 949 574
person 0.973379 781 457 830 599
person 0.965724 183 447 232 556
person 0.943833 1638 342 1669 423
person 0.941129 368 410 408 491
person 0.938572 1219 387 1270 460
person 0.924977 689 449 729 536
person 0.904666 1796 388 1844 550
person 0.837026 1146 350 1167 403
person 0.831178 1077 378 1102 431
person 0.813757 729 401 758 461
person 0.765812 606 330 622 363
person 0.736544 1115 348 1137 406
person 0.682629 371 345 392 376
person 0.645889 1457 342 1486 423
person 0.641768 415 344 431 369
person 0.596320 0 465 21 590
person 0.582718 293 352 313 383
person 0.572914 273 305 1919 441
person 0.549657 352 348 370 376
person 0.533347 1264 321 1285 366
person 0.492584 1488 363 1512 395
person 0.469048 1228 403 1260 448
person 0.439548 1749 326 1777 365
person 0.398613 277 351 294 378
person 0.394937 1782 319 1807 361
person 0.356863 1817 321 1840 359
person 0.347175 530 331 544 355
person 0.331553 1840 320 1866 361
person 0.323900 677 328 688 346
person 0.303888 1865 289 1878 307
person 0.289141 1221 343 1240 384
person 0.991053 1359 383 1396 476
person 0.989284 775 454 825 604
person 0.988263 561 491 612 618
person 0.974522 361 495 421 635
person 0.966806 1794 391 1840 544
person 0.960647 364 411 409 491
person 0.959511 1637 341 1670 424
person 0.940601 910 447 946 573
person 0.929129 177 448 223 543
person 0.923957 1218 385 1267 460
person 0.874195 1074 372 1100 432
person 0.864981 1146 350 1167 404
person 0.859923 687 453 730 554
person 0.808441 606 331 623 362
person 0.798135 1115 347 1138 406
person 0.708976 415 344 432 370
person 0.681163 1456 342 1486 424
person 0.655339 371 345 392 376
person 0.617928 189 307 1779 446
person 0.605752 293 352 313 383
person 0.586552 721 403 747 459
person 0.534418 1264 320 1285 367
person 0.523113 352 347 370 375
person 0.492007 1487 362 1512 395
person 0.497394 1749 326 1777 365
person 0.435184 1227 401 1257 445
person 0.418238 0 466 20 591
person 0.404934 1782 319 1807 361
person 0.398936 678 327 690 346
person 0.372225 1818 321 1840 359
person 0.356542 1840 320 1866 361
person 0.355369 277 351 294 378
person 0.307059 1865 289 1878 307
person 0.305668 1220 343 1239 385
person 0.299915 531 331 544 355
person 0.276902 905 443 930 541
