person 0.992967 1358 382 1396 476
person 0.991592 760 460 814 599
person 0.990900 560 491 615 618
person 0.979495 345 493 409 619
person 0.959531 665 444 717 546
person 0.946114 174 449 224 553
person 0.930764 363 410 407 492
person 0.930599 1217 384 1264 460
person 0.928952 1794 390 1835 541
person 0.893748 1636 341 1668 422
person 0.861566 1147 350 1167 404
person 0.860279 908 448 945 568
person 0.825563 606 328 624 362
person 0.822610 1115 347 1137 406
person 0.822603 715 404 749 479
person 0.751851 1075 378 1099 430
person 0.639965 415 344 432 370
person 0.632971 372 346 391 376
person 0.629493 293 353 313 384
person 0.600516 137 305 1833 444
person 0.569399 1487 363 1512 395
person 0.551958 1457 340 1486 423
person 0.506134 1264 320 1285 366
person 0.503757 352 347 370 375
person 0.438489 1749 327 1776 365
person 0.406173 1783 321 1807 360
person 0.406742 680 327 691 346
person 0.371409 1078 363 1098 408
person 0.365367 1818 322 1840 359
person 0.365047 278 351 294 378
person 0.336099 1865 289 1878 307
person 0.327508 904 444 931 541
person 0.320745 1840 321 1866 361
person 0.278048 1227 406 1254 442
person 0.292074 530 329 545 355
person 0.257607 815 319 826 339
person 0.250278 1222 343 1241 385
person 0.995481 557 495 613 613
person 0.988836 1358 382 1394 477
person 0.986452 750 463 809 595
person 0.983762 661 450 719 551
person 0.979483 172 449 219 554
person 0.975866 362 410 406 491
person 0.971633 899 446 936 571
person 0.965991 328 504 397 623
person 0.876336 1792 387 1833 546
person 0.862136 708 401 744 482
person 0.828445 1147 350 1168 404
person 0.824655 606 327 623 361
person 0.822114 1635 340 1668 422
person 0.816295 1214 384 1259 462
person 0.797183 1114 347 1137 406
person 0.755972 1073 374 1096 431
person 0.710358 416 345 432 371
person 0.708815 373 346 392 375
person 0.661946 158 305 1807 442
person 0.612841 712 419 736 463
person 0.616517 1457 340 1486 422
person 0.595044 1220 402 1253 449
person 0.559984 294 353 313 383
person 0.548048 1486 362 1511 396
person 0.520366 1264 320 1285 366
person 0.465048 352 348 368 375
person 0.412729 1748 326 1774 364
person 0.403947 1784 321 1807 360
person 0.403544 278 351 294 378
person 0.362251 1816 322 1838 359
person 0.332782 679 327 691 346
person 0.306900 1841 322 1866 359
person 0.302736 1865 289 1878 307
person 0.295402 530 330 544 355
