person 0.994525 554 496 614 614
person 0.990658 1357 383 1393 479
person 0.989314 659 441 712 550
person 0.985305 896 448 936 568
person 0.982243 166 448 216 556
person 0.976594 360 410 405 492
person 0.973931 731 466 812 592
person 0.965058 318 493 383 618
person 0.879610 1785 367 1823 532
person 0.815546 1146 350 1168 404
person 0.814860 1114 347 1138 406
person 0.805386 1214 385 1256 461
person 0.787920 607 326 624 361
person 0.760273 1633 340 1667 420
person 0.728410 373 347 391 376
person 0.701008 169 301 1789 447
person 0.619921 1071 373 1094 432
person 0.570936 1486 362 1512 397
person 0.517648 706 406 729 455
person 0.555001 1457 341 1486 422
person 0.533453 414 344 430 370
person 0.533459 294 353 312 383
person 0.494265 1264 320 1285 365
person 0.473958 1748 325 1775 363
person 0.460545 700 399 737 481
person 0.448466 278 351 294 379
person 0.448269 351 349 368 376
person 0.420474 1785 321 1808 360
person 0.355496 1815 322 1837 358
person 0.321919 1865 288 1878 308
person 0.311060 1841 321 1866 360
person 0.286975 531 330 545 354
person 0.994376 552 497 613 610
person 0.990539 1355 384 1392 479
person 0.989390 893 442 934 569
person 0.985439 649 450 710 551
person 0.982569 1632 342 1667 427
person 0.975834 359 409 403 493
person 0.970916 719 462 822 602
person 0.970598 304 491 375 617
person 0.955942 164 451 214 554
person 0.926586 1783 373 1823 559
person 0.906562 695 398 730 482
person 0.872344 1210 384 1251 461
person 0.831559 607 326 624 360
person 0.795690 1115 347 1139 405
person 0.762865 1145 349 1167 403
person 0.743908 373 346 391 376
person 0.658234 1070 372 1091 433
person 0.661558 180 302 1776 442
person 0.600841 414 344 429 369
person 0.583552 1485 362 1511 398
person 0.539730 1264 319 1285 366
person 0.531920 352 348 369 376
person 0.528542 293 353 312 383
person 0.510053 278 351 294 379
person 0.480638 1748 324 1775 364
person 0.447701 1784 320 1807 361
person 0.393710 1815 322 1837 358
person 0.384070 677 326 689 346
person 0.340217 703 421 725 464
person 0.381316 1457 340 1487 422
person 0.365577 531 331 543 354
person 0.337022 1841 321 1866 360
person 0.333178 1865 288 1878 307
person 0.252215 1222 343 1243 387
