person 0.990096 890 444 933 567
person 0.989674 552 498 611 608
person 0.987060 1353 384 1391 480
person 0.981378 293 494 357 615
person 0.978026 710 466 816 599
person 0.977438 1631 343 1666 426
person 0.961285 690 401 728 480
person 0.959217 151 449 207 556
person 0.956801 1778 374 1821 563
person 0.942447 356 407 396 494
person 0.935277 645 458 699 547
person 0.854165 1208 383 1244 460
person 0.808284 608 325 626 360
person 0.785115 1114 347 1139 406
person 0.773590 1145 348 1168 404
person 0.704485 175 301 1778 445
person 0.678685 1068 372 1091 434
person 0.627096 374 345 392 375
person 0.525357 1484 362 1510 399
person 0.531618 414 344 429 369
person 0.521283 1264 319 1285 366
person 0.509934 292 352 311 383
person 0.475959 1748 324 1776 364
person 0.475213 1071 361 1092 411
person 0.455296 1784 320 1807 361
person 0.427672 278 351 295 379
person 0.404875 1814 322 1836 359
person 0.405792 1458 341 1487 423
person 0.386739 352 347 369 375
person 0.363341 677 326 689 346
person 0.348834 1841 320 1867 360
person 0.345559 1865 289 1878 307
person 0.310304 531 331 544 354
person 0.995279 549 496 608 612
person 0.991853 885 440 932 570
person 0.985736 1351 384 1390 478
person 0.982381 284 498 343 632
person 0.971931 693 463 803 604
person 0.971198 1631 343 1666 426
person 0.966751 146 451 206 557
person 0.947972 633 446 676 542
person 0.926671 357 409 394 493
person 0.910416 1206 380 1242 458
person 0.902093 682 401 728 483
person 0.898090 1775 375 1819 558
person 0.828965 1114 346 1138 407
person 0.814432 608 323 626 360
person 0.804320 1066 370 1089 434
person 0.800157 1145 347 1168 405
person 0.705488 179 299 1775 441
person 0.683040 374 345 395 375
person 0.596992 1483 362 1510 400
person 0.545694 292 352 312 383
person 0.513664 413 344 429 369
person 0.507036 1265 320 1285 364
person 0.484257 1785 320 1808 361
person 0.483187 1748 325 1774 365
person 0.418298 279 350 296 379
person 0.404205 1814 322 1836 359
person 0.382759 678 326 690 346
person 0.365465 1841 321 1867 360
person 0.362736 351 347 369 375
person 0.341757 1458 342 1487 422
person 0.334685 1865 289 1878 307
person 0.309056 1222 342 1244 388
person 0.290745 530 330 544 355
person 0.277991 815 320 826 339
