person 0.993090 546 494 605 613
person 0.992530 268 492 333 636
person 0.990968 879 442 929 567
person 0.985685 691 465 797 602
person 0.981417 1630 344 1666 427
person 0.979182 142 452 200 557
person 0.978329 1350 385 1391 478
person 0.924412 628 448 674 540
person 0.924146 1756 383 1821 556
person 0.887563 357 408 393 493
person 0.879455 1202 381 1241 458
person 0.833153 607 323 625 360
person 0.828543 1144 347 1168 406
person 0.823931 674 398 714 469
person 0.772385 1114 346 1138 407
person 0.765131 375 344 394 374
person 0.726722 170 300 1785 440
person 0.686755 1064 366 1087 433
person 0.594875 415 344 430 369
person 0.560004 292 352 312 383
person 0.543397 1483 361 1511 401
person 0.532003 1785 318 1808 361
person 0.512268 1748 325 1774 365
person 0.494250 1265 320 1285 364
person 0.434211 1458 342 1488 421
person 0.423227 1815 321 1836 359
person 0.421757 279 350 296 379
person 0.377965 677 327 689 346
person 0.377182 1841 321 1866 361
person 0.347812 530 330 544 355
person 0.338322 352 347 369 374
person 0.330475 1865 289 1878 307
person 0.298143 815 320 826 340
person 0.296179 1222 343 1243 387
person 0.994523 257 493 320 634
person 0.992214 545 496 602 611
person 0.990704 138 451 196 558
person 0.986483 876 441 927 566
person 0.980172 1628 343 1666 425
person 0.960310 693 466 793 603
person 0.957119 621 450 668 557
person 0.957107 1350 386 1391 476
person 0.886660 665 401 712 480
person 0.871750 347 411 380 493
person 0.850247 1194 379 1231 458
person 0.831761 1754 392 1822 557
person 0.815313 376 344 394 373
person 0.809819 1144 347 1168 405
person 0.791336 607 324 624 360
person 0.768221 1114 345 1138 408
person 0.712783 147 299 1810 445
person 0.636782 1482 361 1509 403
person 0.639600 1063 370 1087 434
person 0.623071 414 344 429 368
person 0.609543 292 352 312 383
person 0.537966 1748 325 1775 365
person 0.525242 1265 320 1285 364
person 0.506696 1784 321 1808 361
person 0.439465 1198 397 1222 446
person 0.409885 1815 321 1837 359
person 0.363915 670 409 698 452
person 0.407841 1205 367 1244 455
person 0.402135 1459 342 1488 421
person 0.379676 1056 372 1076 429
person 0.378518 1841 322 1866 361
person 0.371196 279 350 296 378
person 0.330730 1865 289 1878 307
person 0.319557 530 330 544 354
person 0.319225 678 326 690 347
person 0.287373 352 347 368 373
person 0.252378 1224 342 1245 385
