person 0.996749 542 494 605 612
person 0.993538 134 449 192 558
person 0.991098 244 494 314 621
person 0.977822 1628 344 1665 427
person 0.974179 617 453 660 557
person 0.968906 878 442 925 569
person 0.968690 1343 385 1380 478
person 0.916271 345 409 376 493
person 0.908098 1192 382 1231 461
person 0.903482 1762 370 1810 528
person 0.891815 680 467 779 599
person 0.837427 358 410 392 494
person 0.819451 375 344 394 373
person 0.811174 1144 347 1167 405
person 0.800432 661 403 704 474
person 0.786544 607 324 625 360
person 0.724930 1113 346 1136 407
person 0.710396 162 302 1796 443
person 0.666909 1483 363 1509 403
person 0.586787 668 408 696 455
person 0.607854 292 352 312 383
person 0.604922 414 344 429 368
person 0.587829 1062 371 1086 431
person 0.561323 1265 320 1285 366
person 0.481491 1197 400 1221 448
person 0.467668 1785 322 1808 360
person 0.465751 1748 327 1774 365
person 0.414482 1632 355 1658 410
person 0.413246 1458 341 1488 420
person 0.377685 1815 322 1836 359
person 0.339510 1842 323 1866 361
person 0.336373 1864 289 1877 307
person 0.320523 531 331 544 354
person 0.314659 279 350 296 378
person 0.293428 679 327 690 346
person 0.282685 1224 341 1244 385
person 0.261638 1717 292 1731 316
person 0.996274 132 447 187 559
person 0.995169 542 493 602 618
person 0.987710 1341 386 1380 478
person 0.985430 1187 380 1230 460
person 0.982225 232 489 301 626
person 0.981330 873 443 927 571
person 0.973041 1626 343 1665 425
person 0.948887 678 465 774 601
person 0.937912 609 451 659 554
person 0.929693 343 411 377 494
person 0.864203 658 402 698 475
person 0.818405 377 345 396 373
person 0.801709 608 326 625 361
person 0.796054 1746 393 1818 556
person 0.791141 1145 348 1167 404
person 0.736109 165 301 1795 441
person 0.723258 1114 347 1137 406
person 0.706234 1055 364 1077 433
person 0.684168 1483 362 1509 405
person 0.645039 412 344 428 368
person 0.611169 292 354 312 383
person 0.599327 1265 320 1286 366
person 0.481446 663 408 690 455
person 0.498845 1749 326 1775 364
person 0.446653 1785 322 1808 360
person 0.397704 1813 322 1835 358
person 0.390291 1459 358 1483 410
person 0.364146 1865 288 1878 307
person 0.360481 1842 323 1866 360
person 0.354325 1223 342 1244 386
person 0.349859 279 351 295 378
person 0.294757 816 319 826 337
person 0.282840 530 330 544 353
person 0.282179 1763 382 1807 477
person 0.271482 677 327 689 347
