person 0.995845 131 446 182 557
person 0.994705 542 491 604 613
person 0.985276 1182 381 1227 459
person 0.983994 1342 386 1378 478
person 0.982671 874 448 927 568
person 0.979043 210 491 296 631
person 0.978834 1624 344 1664 425
person 0.974901 689 468 759 597
person 0.969841 599 455 648 557
person 0.905366 340 411 375 492
person 0.864082 1744 389 1817 556
person 0.828980 1055 368 1077 434
person 0.809051 656 414 686 468
person 0.793361 376 345 397 373
person 0.759813 183 302 1775 442
person 0.753016 1482 363 1509 406
person 0.757595 1144 348 1166 404
person 0.747162 609 329 625 361
person 0.705038 1115 348 1138 405
person 0.618306 411 343 428 369
person 0.589018 292 353 312 383
person 0.582301 1265 320 1286 366
person 0.427756 1749 327 1775 365
person 0.408813 1783 321 1807 361
person 0.388437 1812 322 1835 359
person 0.373668 1459 360 1483 411
person 0.361075 1864 289 1878 307
person 0.360165 355 411 390 493
person 0.354708 1223 342 1244 388
person 0.341909 1841 323 1867 360
person 0.323253 1762 383 1804 477
person 0.317513 279 350 295 378
person 0.276473 1630 356 1657 408
person 0.276266 531 331 544 354
person 0.995147 542 492 605 613
person 0.989076 196 491 287 629
person 0.988280 1341 386 1377 478
person 0.988197 132 447 175 558
person 0.985722 687 468 752 599
person 0.979922 871 447 927 568
person 0.978855 1182 380 1222 461
person 0.970731 1622 344 1660 426
person 0.900840 338 411 372 493
person 0.884925 639 406 679 483
person 0.883388 590 451 636 533
person 0.852506 1054 369 1077 433
person 0.808212 1744 393 1816 556
person 0.767289 176 302 1781 446
person 0.727493 1482 361 1508 407
person 0.728888 609 329 625 361
person 0.714441 1115 348 1138 405
person 0.690681 1144 349 1165 403
person 0.656067 378 345 397 372
person 0.635564 293 354 312 383
person 0.629097 414 344 430 369
person 0.577483 1265 320 1286 367
person 0.458635 1749 326 1774 364
person 0.393362 1191 401 1213 442
person 0.393953 1629 355 1655 407
person 0.395969 1223 342 1244 389
person 0.382401 1785 322 1807 361
person 0.369303 1062 378 1085 432
person 0.363113 1811 323 1834 359
person 0.340543 345 420 368 472
person 0.316642 657 422 683 466
person 0.327045 1458 341 1487 419
person 0.316961 1864 288 1877 307
person 0.302708 1842 324 1866 360
