person 0.996480 550 249 600 358
person 0.994550 1028 296 1078 466
person 0.992260 1507 283 1554 415
person 0.990818 1589 393 1704 589
person 0.990787 670 272 724 384
person 0.988085 212 288 264 404
person 0.983605 1137 208 1172 294
person 0.983024 1700 375 1806 577
person 0.970776 1652 225 1694 327
person 0.969256 1759 255 1804 373
person 0.955005 1341 227 1382 336
person 0.932900 560 159 582 193
person 0.928271 1247 306 1299 469
person 0.821944 1087 215 1116 300
person 0.814758 534 163 553 194
person 0.769231 374 165 394 200
person 0.751775 1277 207 1314 316
person 0.750862 440 164 463 202
person 0.718569 491 167 507 194
person 0.600887 1771 190 1804 243
person 0.592549 820 161 832 181
person 0.345883 1091 235 1111 283
person 0.391421 610 158 625 182
person 0.390164 428 163 446 197
person 0.374921 1663 169 1688 225
person 0.342948 313 168 329 199
person 0.266760 828 151 839 173
person 0.264914 1709 209 1734 238
person 0.994249 547 250 592 358
person 0.991573 1031 298 1080 465
person 0.991186 1509 283 1557 415
person 0.990675 669 271 724 387
person 0.988043 214 288 268 403
person 0.986568 1705 380 1823 584
person 0.979789 1760 255 1806 373
person 0.978761 1593 391 1702 590
person 0.976281 1136 208 1172 294
person 0.965351 1652 227 1696 325
person 0.957371 1340 229 1382 334
person 0.947679 1241 308 1306 474
person 0.935170 561 160 583 193
person 0.827454 534 164 553 194
person 0.792632 491 167 507 196
person 0.757966 1277 206 1315 313
person 0.721435 1088 216 1118 300
person 0.708466 438 164 462 203
person 0.615584 372 165 393 201
person 0.579278 1770 190 1803 240
person 0.566539 819 161 831 180
person 0.389308 1662 167 1689 228
person 0.306661 1091 235 1113 283
person 0.357820 429 163 447 198
person 0.297170 312 167 328 199
person 0.260322 828 151 839 173
person 0.253491 1710 209 1735 237
