person 0.993993 542 489 605 611
person 0.991174 681 467 748 598
person 0.988978 185 493 281 628
person 0.986003 1340 386 1374 479
person 0.974728 1179 380 1215 461
person 0.970672 870 449 921 566
person 0.969323 119 445 167 557
person 0.958652 1621 343 1656 425
person 0.947335 335 410 371 493
person 0.920264 637 403 672 487
person 0.803650 1754 373 1801 523
person 0.781304 179 303 1778 447
person 0.772341 1054 371 1076 430
person 0.733866 1482 361 1507 408
person 0.727000 377 345 397 373
person 0.697524 1115 348 1139 406
person 0.692123 414 344 431 370
person 0.688227 610 332 625 361
person 0.685991 293 353 313 383
person 0.681401 585 451 631 532
person 0.673692 1145 344 1168 397
person 0.599219 1265 320 1286 366
person 0.523070 1187 395 1211 445
person 0.474657 1223 342 1244 390
person 0.468017 1750 324 1776 364
person 0.381063 1783 321 1806 361
person 0.370755 1811 321 1834 359
person 0.364024 1459 357 1483 412
person 0.315338 1842 322 1867 361
person 0.267258 345 418 368 473
person 0.269137 1865 287 1878 307
person 0.267259 278 350 295 378
person 0.253739 1227 366 1247 395
person 0.995043 542 491 602 611
person 0.989368 672 463 744 603
person 0.987443 1339 385 1372 479
person 0.971640 182 491 269 616
person 0.968126 119 445 165 556
person 0.965269 869 444 915 566
person 0.964815 1619 345 1656 427
person 0.948307 332 412 373 493
person 0.941337 577 452 626 534
person 0.940308 1176 383 1210 462
person 0.912814 628 405 668 487
person 0.811245 1053 372 1076 432
person 0.752747 182 301 1773 448
person 0.750962 1754 378 1799 515
person 0.738004 1481 361 1508 408
person 0.718267 1116 348 1140 406
person 0.700293 1146 344 1169 396
person 0.685251 610 333 624 361
person 0.684429 414 344 430 371
person 0.681647 293 354 312 383
person 0.670693 380 347 397 373
person 0.619782 1265 320 1285 368
person 0.598846 1222 339 1245 391
person 0.459249 633 421 661 469
person 0.440498 1742 411 1794 554
person 0.398647 1459 355 1483 413
person 0.396743 1810 321 1833 359
person 0.364029 1750 326 1774 363
person 0.363449 1784 322 1807 361
person 0.322154 1842 324 1867 361
person 0.301149 1627 357 1652 408
person 0.304897 279 352 295 379
person 0.276932 1259 342 1279 385
person 0.277505 1863 288 1877 307
