person 0.996435 545 492 605 610
person 0.994395 668 454 726 613
person 0.989521 170 495 247 616
person 0.988066 1338 384 1371 478
person 0.982523 113 445 162 557
person 0.967170 328 412 372 494
person 0.953179 870 445 910 567
person 0.924962 1174 384 1207 462
person 0.920980 1618 343 1656 422
person 0.861771 624 409 660 489
person 0.780291 1051 367 1073 431
person 0.778795 1116 347 1140 406
person 0.762444 611 331 625 361
person 0.755317 1481 361 1508 408
person 0.735186 187 301 1766 449
person 0.719351 1146 345 1168 395
person 0.716209 1742 413 1794 553
person 0.711592 573 457 618 532
person 0.688671 379 346 397 373
person 0.626164 292 354 312 383
person 0.618523 1221 340 1245 393
person 0.600821 412 344 427 370
person 0.582076 1265 320 1285 367
person 0.410007 1809 321 1832 359
person 0.394865 1458 354 1483 413
person 0.385752 1751 324 1775 363
person 0.353323 1783 321 1805 361
person 0.317812 1842 323 1867 361
person 0.308382 1757 383 1795 475
person 0.294427 279 352 295 379
person 0.289835 1864 287 1877 308
person 0.286606 1259 343 1278 386
person 0.998513 664 452 720 616
person 0.995122 545 493 601 609
person 0.986376 1336 385 1370 479
person 0.986219 107 447 156 556
person 0.974611 160 495 236 612
person 0.972521 618 407 654 487
person 0.966183 1618 342 1654 425
person 0.947744 1170 385 1203 461
person 0.947015 326 412 369 495
person 0.841679 868 443 896 541
person 0.814879 1743 395 1789 537
person 0.789537 611 330 627 361
person 0.789261 1116 347 1141 407
person 0.739603 379 347 397 374
person 0.731274 1481 361 1508 408
person 0.693440 1146 346 1167 394
person 0.684182 209 305 1747 443
person 0.642825 1221 339 1245 394
person 0.642424 412 344 428 370
person 0.632199 292 354 310 383
person 0.580756 1265 320 1285 367
person 0.562984 1049 373 1070 429
person 0.395139 565 461 598 510
person 0.388260 1751 322 1775 363
person 0.386739 1458 354 1483 412
person 0.378401 1810 321 1833 359
person 0.348290 278 351 295 378
person 0.332642 1758 381 1793 478
person 0.330613 1783 321 1805 361
person 0.300508 1841 323 1868 361
person 0.287829 1258 344 1278 386
person 0.266431 1864 288 1877 308
