person 0.996865 663 443 711 622
person 0.996375 544 494 599 608
person 0.987727 105 447 151 555
person 0.986722 1333 386 1369 478
person 0.982002 157 493 224 617
person 0.972188 1616 342 1653 426
person 0.944940 326 411 367 496
person 0.927399 1742 381 1791 516
person 0.917708 865 440 895 545
person 0.882338 1166 385 1202 463
person 0.800812 613 405 649 487
person 0.780024 611 331 627 361
person 0.772408 1116 346 1141 407
person 0.757641 378 346 396 373
person 0.728695 1481 361 1509 409
person 0.693421 1146 345 1168 394
person 0.673507 206 304 1748 447
person 0.670201 1220 338 1246 395
person 0.658703 1045 366 1067 432
person 0.619772 293 354 311 383
person 0.619650 413 345 429 370
person 0.584504 1265 320 1286 367
person 0.555867 559 458 591 509
person 0.421014 1810 319 1834 360
person 0.414908 1458 354 1483 414
person 0.392981 1752 322 1777 363
person 0.349652 278 352 295 378
person 0.308853 1780 321 1803 361
person 0.304119 1841 321 1868 362
person 0.263304 624 445 652 484
person 0.288227 1258 343 1279 387
person 0.254303 1465 350 1507 422
person 0.997681 657 449 709 614
person 0.995639 543 491 592 606
person 0.993606 147 493 212 618
person 0.986830 1330 385 1368 480
person 0.985433 103 448 145 556
person 0.950642 1615 342 1651 422
person 0.934773 328 411 365 497
person 0.929699 605 408 641 488
person 0.916529 862 438 898 573
person 0.877184 1735 393 1785 540
person 0.836046 1160 398 1192 451
person 0.825811 379 346 397 373
person 0.772410 611 332 627 361
person 0.770293 1116 346 1141 408
person 0.706777 1045 358 1064 419
person 0.676309 1219 338 1247 396
person 0.659250 1481 361 1508 408
person 0.657703 205 305 1751 450
person 0.641123 1146 346 1167 393
person 0.641228 293 355 312 383
person 0.613652 414 344 429 369
person 0.564937 1265 320 1286 367
person 0.469709 555 458 586 508
person 0.391386 1459 354 1483 413
person 0.390614 1811 320 1834 360
person 0.374550 279 353 295 379
person 0.344664 1464 349 1506 422
person 0.341221 314 409 343 497
person 0.316700 679 327 692 348
person 0.298458 1259 343 1281 388
person 0.282699 1783 321 1804 361
person 0.270800 1752 324 1776 363
