person 0.997889 655 448 707 614
person 0.995750 540 483 589 610
person 0.988480 1328 385 1367 480
person 0.985372 100 450 141 557
person 0.965626 602 403 634 487
person 0.963903 142 494 204 615
person 0.956887 1613 342 1649 425
person 0.949110 862 442 897 569
person 0.895529 1732 397 1780 541
person 0.846723 330 410 364 496
person 0.811299 1159 401 1188 456
person 0.815973 379 346 398 373
person 0.791137 611 332 627 360
person 0.728212 1044 373 1064 430
person 0.713853 1117 347 1141 407
person 0.696889 1219 339 1246 396
person 0.665671 193 306 1761 451
person 0.599620 1481 361 1507 408
person 0.592451 293 355 311 383
person 0.590823 1148 356 1169 403
person 0.576545 1265 320 1286 367
person 0.545914 414 344 429 368
person 0.398035 1810 319 1834 360
person 0.381275 1459 353 1483 413
person 0.374990 1750 383 1783 433
person 0.370070 280 353 295 378
person 0.351860 1464 348 1505 422
person 0.321179 1258 343 1279 388
person 0.296423 313 408 341 497
person 0.257756 530 332 543 354
person 0.256313 1784 321 1806 361
person 0.995696 648 456 703 609
person 0.993566 538 480 588 613
person 0.989929 1326 386 1366 480
person 0.987091 129 491 189 619
person 0.980272 597 404 629 491
person 0.977917 857 440 898 568
person 0.964675 1610 343 1650 426
person 0.956271 95 453 135 555
person 0.949725 1728 391 1776 546
person 0.885616 1152 386 1191 463
person 0.853146 332 411 362 494
person 0.829668 379 345 397 373
person 0.783394 611 332 627 360
person 0.760790 1116 347 1140 407
person 0.756555 1043 360 1061 416
person 0.689808 1219 338 1246 397
person 0.620808 167 305 1788 446
person 0.616917 293 354 311 383
person 0.605984 1481 361 1508 408
person 0.582695 1146 346 1166 390
person 0.576520 1264 320 1285 367
person 0.555475 414 345 429 368
person 0.525380 311 409 339 496
person 0.447761 1810 318 1834 360
person 0.447479 1459 343 1487 421
person 0.328117 531 331 544 356
person 0.326792 280 352 295 378
person 0.321757 1259 342 1280 388
person 0.263903 603 424 623 468
person 0.285451 1785 320 1806 361
person 0.253206 1840 322 1868 362
