person 0.990152 1324 385 1362 482
person 0.987694 533 486 589 614
person 0.984102 641 458 698 613
person 0.978646 854 443 895 566
person 0.975471 124 489 182 622
person 0.974715 588 406 626 488
person 0.966694 1609 344 1649 428
person 0.954890 1723 410 1772 555
person 0.936164 1148 381 1190 465
person 0.850121 331 411 359 496
person 0.844250 1042 359 1060 417
person 0.789401 610 331 627 360
person 0.760227 381 345 398 372
person 0.759211 1116 346 1139 407
person 0.728487 310 409 338 497
person 0.645306 595 420 621 472
person 0.645718 141 305 1808 441
person 0.629638 294 353 312 382
person 0.593036 1480 360 1506 407
person 0.589183 414 344 429 369
person 0.582729 1220 340 1244 395
person 0.554568 91 457 136 555
person 0.526912 1264 320 1284 366
person 0.499407 1146 347 1166 390
person 0.469077 1459 343 1487 422
person 0.419502 1810 318 1835 360
person 0.371730 530 331 543 356
person 0.356353 534 459 563 511
person 0.304770 1259 343 1280 388
person 0.287831 279 352 296 378
person 0.993320 850 442 892 565
person 0.987066 1322 386 1362 481
person 0.977748 627 450 694 621
person 0.972359 1608 345 1651 429
person 0.967874 585 408 621 487
person 0.957015 108 492 169 615
person 0.956469 1719 404 1770 561
person 0.929672 1143 381 1188 466
person 0.907077 533 488 589 613
person 0.853890 330 411 357 493
person 0.799624 1040 371 1061 432
person 0.783957 1115 346 1138 406
person 0.781882 611 332 627 359
person 0.772899 382 345 398 371
person 0.736364 309 410 336 496
person 0.717548 518 456 565 571
person 0.684570 1481 362 1507 405
person 0.649016 293 353 312 382
person 0.628122 159 304 1789 440
person 0.603803 415 344 430 368
person 0.572348 1264 319 1285 366
person 0.522334 87 457 125 563
person 0.512992 1146 346 1166 392
person 0.508223 1219 340 1243 394
person 0.504692 1458 343 1487 423
person 0.482365 1810 317 1834 360
person 0.377286 530 330 543 354
person 0.326636 1746 382 1775 434
person 0.313769 280 352 295 378
person 0.309314 1840 319 1867 362
person 0.290476 1259 343 1281 388
person 0.262344 342 333 356 362
person 0.258731 681 326 694 346
