person 0.986329 1321 385 1360 482
person 0.984550 852 446 890 565
person 0.981747 625 467 691 620
person 0.972355 1705 394 1781 556
person 0.965492 581 409 617 488
person 0.949921 1609 345 1648 429
person 0.942908 535 492 589 612
person 0.909887 98 492 160 613
person 0.837617 1038 375 1061 432
person 0.830838 1139 381 1182 466
person 0.809561 1114 346 1137 406
person 0.797759 326 411 355 493
person 0.785247 81 456 121 558
person 0.766454 382 345 398 371
person 0.761431 611 328 627 359
person 0.707606 1481 360 1507 408
person 0.663144 304 412 333 494
person 0.617860 294 354 313 382
person 0.613408 512 459 554 563
person 0.593414 122 304 1834 443
person 0.553130 1265 319 1285 367
person 0.488905 590 423 613 470
person 0.519915 1459 343 1487 421
person 0.518900 415 345 430 368
person 0.482804 1220 339 1244 394
person 0.470663 1810 317 1835 361
person 0.426555 1148 352 1169 404
person 0.370188 529 329 544 354
person 0.335995 279 353 295 378
person 0.316851 681 326 693 347
person 0.315658 1840 320 1868 363
person 0.311767 1040 363 1058 411
person 0.298523 1259 342 1281 388
person 0.299976 1728 378 1772 524
person 0.274035 340 333 355 362
person 0.265210 1744 382 1773 434
person 0.993921 625 457 688 629
person 0.987592 844 444 889 565
person 0.986018 1321 385 1359 481
person 0.945649 1701 397 1776 554
person 0.910466 1608 346 1649 426
person 0.909438 576 409 614 488
person 0.899847 514 480 579 613
person 0.846668 1137 384 1179 466
person 0.783601 1114 346 1137 406
person 0.757596 301 417 331 500
person 0.751849 327 410 354 494
person 0.747041 382 346 398 372
person 0.742593 611 326 627 358
person 0.705375 72 453 114 567
person 0.672805 1037 374 1059 429
person 0.682443 90 491 147 613
person 0.643960 1459 343 1486 423
person 0.623324 1482 361 1508 406
person 0.628504 1145 351 1168 406
person 0.610132 146 305 1807 442
person 0.607538 293 354 312 383
person 0.542561 414 345 429 368
person 0.531607 1264 320 1285 367
person 0.495484 1219 339 1243 394
person 0.416641 572 419 597 467
person 0.423736 1810 317 1834 360
person 0.355522 280 352 296 378
person 0.315819 1145 403 1174 452
person 0.293550 1259 343 1281 387
person 0.280245 1840 321 1867 362
person 0.278395 529 329 543 352
person 0.252553 680 327 693 347
