person 0.993658 626 460 682 626
person 0.982804 843 444 886 565
person 0.978672 1319 385 1357 481
person 0.964207 1697 397 1776 553
person 0.962381 567 409 603 487
person 0.921858 517 480 572 616
person 0.910330 78 492 133 614
person 0.900610 1028 359 1058 441
person 0.885021 1602 347 1638 429
person 0.821979 1136 378 1174 466
person 0.819040 381 346 399 373
person 0.805509 325 411 354 493
person 0.759013 1114 346 1137 406
person 0.706261 297 412 329 493
person 0.691638 611 327 626 358
person 0.653121 1458 344 1486 423
person 0.646787 294 354 312 383
person 0.607469 414 346 430 368
person 0.590922 1481 361 1507 405
person 0.583699 140 305 1817 442
person 0.581473 1264 319 1285 369
person 0.557216 1219 338 1243 395
person 0.442149 1725 384 1772 517
person 0.399713 1809 318 1835 360
person 0.359067 569 423 593 471
person 0.364790 280 352 296 379
person 0.363782 1144 350 1166 406
person 0.283626 75 463 101 501
person 0.305279 1259 342 1281 387
person 0.301767 529 330 543 352
person 0.294209 69 453 107 529
person 0.270707 1840 320 1867 362
person 0.251865 1749 328 1774 364
person 0.994095 623 459 677 626
person 0.990144 840 441 887 566
person 0.982797 524 482 574 614
person 0.980421 1319 386 1355 481
person 0.977623 564 407 598 491
person 0.926821 1696 402 1764 563
person 0.864635 1602 347 1638 427
person 0.843724 324 412 353 494
person 0.843612 72 492 130 609
person 0.815116 1027 360 1059 441
person 0.808539 493 462 524 562
person 0.748382 1133 376 1170 467
person 0.721775 296 413 326 493
person 0.693515 610 328 625 359
person 0.685618 294 353 313 383
person 0.683416 382 346 398 371
person 0.653991 1458 344 1487 422
person 0.648056 139 306 1818 441
person 0.613872 1115 347 1138 405
person 0.594692 415 346 430 368
person 0.583900 1219 338 1243 396
person 0.575055 1481 361 1507 404
person 0.581685 1265 320 1285 368
person 0.551857 1725 382 1771 514
person 0.464613 1807 316 1834 362
person 0.354695 1839 317 1868 364
person 0.351127 675 328 686 349
person 0.347764 1258 341 1280 388
person 0.342477 1144 344 1166 394
person 0.328497 1748 327 1774 364
person 0.292343 70 463 98 502
person 0.316850 280 352 297 379
person 0.259433 529 329 543 352
