person 0.992768 620 462 671 625
person 0.992120 522 477 574 621
person 0.983449 839 443 883 566
person 0.983037 558 404 595 490
person 0.977385 1316 389 1354 487
person 0.952790 1692 401 1771 553
person 0.894391 484 462 518 558
person 0.836553 1602 347 1637 425
person 0.788794 66 508 132 624
person 0.786714 294 419 325 498
person 0.756386 323 413 352 495
person 0.738454 1026 361 1057 440
person 0.704393 611 329 626 359
person 0.691664 294 353 313 383
person 0.663599 1133 354 1165 460
person 0.649831 132 307 1827 442
person 0.626312 383 346 399 371
person 0.573026 414 346 429 368
person 0.558486 1481 361 1506 404
person 0.554806 1219 338 1242 396
person 0.546627 1265 320 1285 367
person 0.509439 1114 348 1138 406
person 0.482095 1458 343 1487 422
person 0.465107 1808 316 1835 361
person 0.461802 1726 380 1771 516
person 0.366570 1258 341 1280 388
person 0.352000 1144 345 1166 394
person 0.332426 280 353 296 379
person 0.329410 1839 316 1869 363
person 0.316871 677 327 689 348
person 0.308089 1748 328 1772 363
person 0.288069 301 435 322 488
person 0.295229 529 330 543 353
person 0.255194 66 464 94 503
person 0.993232 839 442 882 566
person 0.992268 616 465 664 623
person 0.989083 523 484 571 612
person 0.976242 1315 389 1354 487
person 0.974889 550 404 589 485
person 0.965029 1689 396 1766 555
person 0.934283 474 463 515 566
person 0.907584 1602 347 1636 427
person 0.874268 1024 361 1055 442
person 0.851277 292 419 324 500
person 0.760237 57 492 123 616
person 0.687934 611 328 627 360
person 0.686751 383 346 399 372
person 0.686393 1722 382 1768 514
person 0.661526 322 414 352 494
person 0.657233 135 305 1823 445
person 0.650771 294 353 313 383
person 0.585475 1458 344 1487 422
person 0.561656 558 419 583 467
person 0.565510 1117 384 1156 464
person 0.542309 1265 320 1286 368
person 0.529146 1481 361 1507 403
person 0.517689 1145 351 1167 404
person 0.489505 1219 339 1242 395
person 0.483612 414 345 428 368
person 0.450333 1123 399 1149 449
person 0.456014 1113 343 1137 396
person 0.397227 1808 317 1835 360
person 0.339953 280 353 296 379
person 0.326081 1259 341 1281 387
person 0.307032 1839 316 1869 363
person 0.301699 680 326 692 347
person 0.290789 1748 329 1772 364
