person 0.994424 611 465 662 622
person 0.993455 519 474 568 622
person 0.983151 839 441 878 567
person 0.972935 1314 390 1351 486
person 0.961304 543 405 582 480
person 0.959827 1600 347 1637 430
person 0.943801 469 463 508 562
person 0.928108 1686 397 1762 555
person 0.912192 292 420 328 500
person 0.888854 36 474 121 636
person 0.872836 1023 363 1055 443
person 0.795491 1115 381 1157 465
person 0.753419 613 332 626 361
person 0.679167 293 353 314 383
person 0.678304 382 346 399 372
person 0.677361 1724 383 1767 511
person 0.671824 1457 344 1487 422
person 0.666840 121 305 1834 445
person 0.561306 1265 320 1286 369
person 0.550261 1481 360 1508 401
person 0.549113 414 345 429 368
person 0.505914 1145 351 1167 405
person 0.500724 276 418 308 500
person 0.465357 319 419 353 498
person 0.425880 1219 339 1242 394
person 0.403022 1809 318 1835 360
person 0.333302 1113 344 1136 393
person 0.326985 280 353 297 379
person 0.271249 301 441 323 485
person 0.289342 1259 339 1282 386
person 0.286926 1839 317 1868 363
person 0.263399 528 329 543 353
person 0.995164 511 477 567 619
person 0.988391 607 471 661 614
person 0.985746 1311 390 1354 487
person 0.975824 837 441 876 565
person 0.968869 1600 347 1636 430
person 0.945844 1684 387 1761 554
person 0.941216 465 463 504 563
person 0.931188 538 408 579 478
person 0.877422 294 419 330 500
person 0.876904 1716 386 1766 507
person 0.858286 13 487 124 628
person 0.841142 1116 386 1155 464
person 0.766411 275 418 307 500
person 0.757713 613 333 626 361
person 0.731372 381 347 398 373
person 0.726063 1027 373 1053 430
person 0.718292 127 307 1826 442
person 0.684721 294 353 314 383
person 0.663860 1458 353 1484 415
person 0.645816 1146 352 1168 403
person 0.585400 1264 320 1286 369
person 0.565873 1482 361 1508 400
person 0.545828 548 420 575 465
person 0.564113 318 419 354 498
person 0.455900 1120 404 1145 449
person 0.489309 413 345 428 368
person 0.475700 1219 339 1242 394
person 0.459927 1808 316 1835 361
person 0.420945 536 420 562 464
person 0.386286 1113 344 1136 393
person 0.340164 1840 316 1868 364
person 0.326820 280 353 297 379
person 0.324571 1015 365 1045 444
person 0.292066 301 441 324 486
person 0.313850 1259 339 1282 385
person 0.260482 48 472 78 508
