person 0.997994 505 480 565 620
person 0.979172 837 443 874 565
person 0.972753 1599 346 1635 428
person 0.972603 602 471 659 615
person 0.970421 1312 389 1353 487
person 0.941602 1112 385 1152 465
person 0.911708 454 459 497 569
person 0.892695 532 421 560 472
person 0.892388 1717 385 1767 504
person 0.884944 1681 395 1760 552
person 0.884406 11 480 119 622
person 0.839782 298 420 333 499
person 0.830539 273 419 306 500
person 0.752445 1146 351 1168 403
person 0.716213 1458 354 1484 417
person 0.704709 294 353 313 382
person 0.687958 117 308 1833 446
person 0.674791 612 333 625 362
person 0.660578 382 347 398 373
person 0.559144 1265 320 1286 368
person 0.558469 1021 365 1053 443
person 0.535595 1482 360 1509 402
person 0.549592 1219 337 1243 396
person 0.518161 1807 315 1835 362
person 0.482274 1112 343 1135 394
person 0.448567 413 345 428 367
person 0.416708 1840 314 1869 364
person 0.358383 317 420 353 497
person 0.334494 1017 377 1039 432
person 0.335351 1258 340 1281 387
person 0.314165 306 438 329 487
person 0.269458 1118 408 1140 445
person 0.321369 280 353 297 379
person 0.272186 529 330 543 354
person 0.266734 534 411 578 482
person 0.262025 772 294 1919 424
person 0.252770 1783 320 1805 361
person 0.999046 501 483 566 622
person 0.988630 594 456 648 626
person 0.977480 837 440 873 566
person 0.964139 1596 345 1633 431
person 0.946782 1107 386 1150 466
person 0.939594 1312 390 1353 486
person 0.923677 271 420 305 500
person 0.920493 446 458 496 568
person 0.909888 1683 393 1761 552
person 0.894396 524 412 561 486
person 0.849491 528 424 552 474
person 0.842545 8 483 115 622
person 0.823319 1458 346 1487 423
person 0.812193 1146 351 1168 404
person 0.807174 301 420 338 499
person 0.703298 1715 384 1764 504
person 0.695388 151 307 1806 443
person 0.622387 1014 366 1044 446
person 0.618039 293 354 314 383
person 0.611177 612 334 626 362
person 0.586027 1219 337 1243 396
person 0.549203 1265 321 1285 368
person 0.529965 1485 360 1511 402
person 0.522808 382 346 399 372
person 0.477361 1113 344 1136 393
person 0.438034 1808 317 1835 361
person 0.423163 411 345 426 368
person 0.387249 530 331 543 357
person 0.375987 1259 340 1281 387
person 0.359662 1839 315 1868 364
person 0.340261 306 439 331 488
person 0.340586 626 333 639 362
person 0.308225 281 353 297 378
person 0.293341 1027 380 1052 431
person 0.281925 460 484 513 574
person 0.261234 314 422 354 496
person 0.256758 26 467 83 551
