person 0.978619 1031 274 1077 399
person 0.958094 787 270 827 413
person 0.949188 1216 201 1250 286
person 0.935304 1432 220 1473 310
person 0.928786 955 215 984 295
person 0.917984 1592 211 1628 303
person 0.915105 1778 258 1830 378
person 0.911742 1128 233 1166 332
person 0.908517 631 281 681 392
person 0.905834 490 164 510 197
person 0.794748 1287 200 1324 290
person 0.771726 1665 217 1705 311
person 0.714587 673 235 696 280
person 0.715470 679 162 693 190
person 0.630240 438 184 462 208
person 0.611867 672 221 693 265
person 0.608938 276 127 1673 309
person 0.528808 1271 201 1303 283
person 0.523815 1420 193 1446 250
person 0.495324 540 163 554 190
person 0.479368 558 163 572 188
person 0.454668 792 236 816 286
person 0.412815 1033 240 1066 317
person 0.384415 230 163 249 193
person 0.370120 1085 208 1119 315
person 0.322667 600 163 612 187
person 0.300707 667 219 701 301
person 0.269275 1786 215 1816 270
person 0.975002 1215 202 1250 286
person 0.967089 1030 271 1076 402
person 0.951131 955 215 984 294
person 0.944203 1595 208 1631 302
person 0.936754 1432 225 1471 308
person 0.913326 631 280 682 392
person 0.891399 1666 219 1705 309
person 0.883213 490 164 509 197
person 0.879018 1117 228 1156 330
person 0.859590 789 263 828 414
person 0.835900 1790 262 1836 378
person 0.827963 1292 206 1329 300
person 0.754942 675 231 697 279
person 0.664328 269 129 1688 300
person 0.627745 678 161 693 190
person 0.616309 1417 193 1443 251
person 0.602742 439 184 462 208
person 0.549756 1085 208 1120 314
person 0.525953 541 163 553 189
person 0.478159 561 163 573 187
person 0.356594 229 162 246 191
person 0.353447 1786 217 1817 271
person 0.348751 1271 199 1303 284
person 0.339556 599 164 611 189
person 0.327439 1033 239 1066 319
person 0.312923 669 217 701 298
person 0.305037 795 237 818 286
person 0.304020 1110 205 1143 322
