person 0.994844 545 252 591 361
person 0.991104 1033 297 1082 468
person 0.990067 670 271 723 386
person 0.989766 1511 276 1562 434
person 0.988866 217 286 271 404
person 0.977823 1760 256 1805 373
person 0.973989 1340 230 1382 333
person 0.972629 1135 208 1172 294
person 0.964469 1652 228 1697 326
person 0.958368 1719 382 1840 584
person 0.932635 1604 385 1700 601
person 0.927860 561 159 582 192
person 0.926841 1240 311 1306 475
person 0.811412 491 167 508 196
person 0.790430 1276 205 1315 318
person 0.789559 535 164 553 194
person 0.688230 1089 216 1118 301
person 0.677951 438 165 462 202
person 0.620967 372 164 393 200
person 0.589768 1770 190 1802 239
person 0.538520 819 160 831 180
person 0.370156 428 164 446 197
person 0.357552 1662 168 1688 227
person 0.288737 1091 236 1113 283
person 0.298912 1527 142 1545 180
person 0.287187 828 151 839 174
person 0.258452 1 263 23 291
person 0.283279 1709 209 1734 237
person 0.256551 610 158 625 182
person 0.252703 624 158 638 181
person 0.991868 1511 275 1567 435
person 0.991363 544 255 586 359
person 0.986937 220 285 271 404
person 0.985445 1035 302 1083 463
person 0.984322 1760 257 1808 373
person 0.984181 671 271 723 386
person 0.982071 1134 209 1172 294
person 0.974880 1338 229 1383 335
person 0.951417 1607 384 1707 602
person 0.949574 1724 388 1862 588
person 0.929899 561 160 582 193
person 0.929476 1653 225 1699 328
person 0.905574 1243 311 1309 473
person 0.800467 491 167 508 196
person 0.773574 535 164 552 194
person 0.737267 1276 207 1316 315
person 0.706659 1089 216 1118 302
person 0.671995 438 165 462 202
person 0.571627 820 161 831 180
person 0.556811 370 163 391 201
person 0.547610 1770 190 1802 241
person 0.302134 1092 236 1113 283
person 0.325736 429 164 447 197
person 0.300276 2 263 24 291
person 0.300214 1527 142 1546 180
person 0.289293 1710 208 1734 238
person 0.288411 1663 168 1689 227
