person 0.998689 500 486 566 622
person 0.986375 589 460 648 622
person 0.971973 1104 384 1144 467
person 0.970814 1596 345 1632 431
person 0.968662 1698 381 1754 520
person 0.952476 1307 387 1341 490
person 0.946993 837 439 872 567
person 0.942208 520 411 554 489
person 0.941075 439 459 491 565
person 0.904566 269 421 304 502
person 0.857221 7 490 86 612
person 0.845648 1145 350 1168 404
person 0.810483 525 423 548 474
person 0.795447 1457 353 1484 420
person 0.723067 305 419 339 498
person 0.675224 289 306 1919 430
person 0.642611 1018 375 1041 428
person 0.631293 294 354 314 382
person 0.589759 1218 337 1243 395
person 0.567543 1113 343 1137 395
person 0.565622 382 347 399 372
person 0.522247 412 345 427 368
person 0.507482 1486 360 1511 401
person 0.520144 611 333 625 362
person 0.518705 1264 320 1285 370
person 0.407967 1809 318 1835 360
person 0.397738 529 331 543 357
person 0.387630 1259 339 1281 387
person 0.379565 1026 379 1051 428
person 0.362408 1839 316 1868 364
person 0.329928 626 333 639 362
person 0.285655 280 353 296 378
person 0.266415 26 464 80 560
person 0.251629 1783 322 1804 361
person 0.250452 1750 328 1773 364
person 0.996974 495 488 564 620
person 0.987428 586 457 648 627
person 0.974382 1697 382 1750 518
person 0.971432 1102 383 1142 468
person 0.966500 1308 386 1340 490
person 0.959863 1595 345 1628 430
person 0.953384 835 440 873 563
person 0.939926 510 412 546 491
person 0.920452 436 460 486 564
person 0.901759 267 422 303 501
person 0.855406 1145 350 1168 405
person 0.841542 1457 352 1481 420
person 0.827041 7 496 82 607
person 0.771004 1014 364 1042 445
person 0.732696 27 461 77 565
person 0.724854 286 305 1919 427
person 0.713666 304 421 341 499
person 0.647828 294 354 313 383
person 0.629089 1113 343 1136 394
person 0.627389 1218 338 1242 395
person 0.593840 1489 360 1512 398
person 0.511838 1264 320 1285 369
person 0.492074 611 330 627 362
person 0.473638 383 347 400 372
person 0.452421 4 504 46 626
person 0.408661 1809 318 1834 360
person 0.396853 529 330 544 357
person 0.395292 412 345 427 368
person 0.383432 1259 340 1281 388
person 0.367845 1839 315 1867 363
person 0.321524 272 438 297 488
person 0.273951 625 331 639 361
