person 0.993606 489 491 560 620
person 0.990739 1306 385 1340 492
person 0.985924 585 463 646 624
person 0.947588 1594 345 1627 432
person 0.943126 503 412 539 490
person 0.941016 428 466 485 581
person 0.940434 1694 382 1748 516
person 0.919192 1101 379 1137 470
person 0.911270 22 459 74 566
person 0.867597 825 442 863 561
person 0.857532 266 421 300 501
person 0.846866 1144 349 1167 405
person 0.806910 1 507 46 625
person 0.776152 1456 353 1481 420
person 0.715555 161 307 1794 443
person 0.677995 1014 364 1042 446
person 0.663585 294 354 314 383
person 0.661471 1217 338 1241 396
person 0.633811 300 413 330 494
person 0.551748 1489 361 1512 398
person 0.523221 1265 320 1285 369
person 0.510264 384 347 400 372
person 0.471985 1112 343 1135 393
person 0.465802 411 346 427 369
person 0.421144 611 329 626 361
person 0.411594 1808 317 1834 361
person 0.407596 1259 339 1281 389
person 0.368596 529 330 543 355
person 0.358390 1839 315 1868 363
person 0.992400 1305 386 1339 491
person 0.986746 580 468 643 620
person 0.983617 486 490 562 618
person 0.965936 1591 345 1625 433
person 0.935879 826 439 858 547
person 0.922112 17 459 71 568
person 0.875634 495 411 530 491
person 0.867010 1097 383 1131 469
person 0.866544 1691 382 1745 515
person 0.856735 1456 346 1484 426
person 0.851706 1143 350 1167 404
person 0.848076 262 420 295 502
person 0.797223 424 475 475 575
person 0.729040 301 305 1907 431
person 0.697850 1014 370 1034 431
person 0.658120 294 355 314 384
person 0.628884 298 421 330 497
person 0.628412 1217 340 1241 394
person 0.625899 1111 343 1135 395
person 0.597303 1681 414 1734 553
person 0.538119 383 348 400 374
person 0.532107 1 494 37 609
person 0.512018 1264 320 1285 369
person 0.481184 410 346 426 370
person 0.462260 1490 362 1514 396
person 0.453576 611 330 627 362
person 0.395306 1104 399 1129 451
person 0.362951 1259 340 1281 388
person 0.342448 1809 318 1834 360
person 0.331520 625 331 640 362
person 0.306716 498 422 522 472
person 0.301690 1839 316 1868 363
person 0.297046 530 330 543 355
