person 0.983651 575 468 639 618
person 0.976933 1305 388 1338 488
person 0.973872 1590 345 1623 431
person 0.964654 414 471 458 579
person 0.957226 821 444 863 560
person 0.954679 486 495 561 615
person 0.927053 18 461 69 568
person 0.917015 492 412 528 495
person 0.908289 260 421 292 501
person 0.865973 1687 383 1741 511
person 0.862613 1095 382 1129 470
person 0.848385 1143 351 1166 404
person 0.827684 1456 346 1484 425
person 0.763987 382 348 400 375
person 0.734040 1011 372 1032 432
person 0.697187 1674 422 1736 547
person 0.691936 295 411 322 495
person 0.671746 314 306 1898 430
person 0.652119 1217 340 1241 394
person 0.645007 294 355 314 383
person 0.607138 1112 343 1136 395
person 0.576347 1264 320 1286 370
person 0.527852 0 521 36 625
person 0.526985 410 345 426 370
person 0.525112 612 329 629 362
person 0.402794 1487 362 1514 397
person 0.378995 1810 318 1835 360
person 0.352615 1259 340 1281 387
person 0.328777 1839 316 1868 363
person 0.319485 9 440 46 612
person 0.307378 624 330 640 363
person 0.264670 1749 328 1773 364
person 0.989949 1305 388 1337 490
person 0.979026 1589 344 1622 432
person 0.971094 573 477 629 611
person 0.960635 817 443 862 561
person 0.958982 407 468 456 578
person 0.958130 485 411 522 494
person 0.942500 474 496 547 613
person 0.886872 13 462 66 568
person 0.870242 1088 382 1117 469
person 0.869821 258 421 288 501
person 0.856503 1683 380 1738 514
person 0.834218 1143 351 1166 405
person 0.780633 1011 376 1031 433
person 0.760009 1454 346 1484 425
person 0.707637 290 412 320 494
person 0.699088 1671 426 1734 546
person 0.692413 304 306 1903 431
person 0.663649 294 354 313 383
person 0.642127 1119 349 1142 405
person 0.608661 1218 340 1239 392
person 0.581004 386 346 402 372
person 0.557388 410 345 426 370
person 0.552399 1264 320 1284 369
person 0.474523 613 330 628 362
person 0.436016 1488 363 1515 396
person 0.404462 489 420 514 474
person 0.403293 1809 317 1834 360
person 0.368784 1840 315 1868 363
person 0.334671 1258 342 1279 386
person 0.315665 1749 326 1774 364
person 0.297490 626 331 640 363
person 0.287200 530 331 544 354
person 0.263939 1784 321 1806 361
person 0.253196 281 353 296 378
