person 0.988647 1303 388 1337 491
person 0.976971 400 468 448 578
person 0.973182 816 446 864 559
person 0.973007 1589 345 1621 432
person 0.966797 478 410 517 490
person 0.941013 255 418 288 500
person 0.933135 556 468 612 603
person 0.929146 463 483 563 623
person 0.926880 1087 384 1116 470
person 0.875762 1680 383 1737 509
person 0.824985 1144 351 1166 404
person 0.763532 287 413 319 494
person 0.754610 8 466 54 561
person 0.753376 303 305 1900 431
person 0.698142 1454 357 1479 419
person 0.695724 1118 350 1141 404
person 0.682221 1662 415 1725 552
person 0.661657 1009 373 1028 433
person 0.637794 293 354 313 383
person 0.537875 386 344 402 370
person 0.531939 1219 340 1239 392
person 0.504367 410 344 427 369
person 0.475900 1264 321 1284 368
person 0.459681 1489 363 1514 395
person 0.446877 612 332 626 362
person 0.386574 1810 318 1835 360
person 0.334645 531 331 544 354
person 0.326119 1258 342 1279 386
person 0.318441 1749 326 1774 363
person 0.305998 1840 316 1868 362
person 0.260897 281 353 297 378
person 0.256720 1785 322 1806 360
person 0.993744 1300 389 1336 489
person 0.990203 398 467 441 579
person 0.982529 1587 345 1620 432
person 0.980162 809 445 864 558
person 0.978407 552 473 609 597
person 0.975979 473 413 510 491
person 0.972768 472 495 540 615
person 0.947349 1081 384 1114 468
person 0.906703 254 421 287 501
person 0.877936 1678 381 1732 513
person 0.856512 3 474 53 574
person 0.802377 1145 348 1168 405
person 0.796465 285 421 320 497
person 0.770934 1660 411 1724 556
person 0.741716 1006 374 1026 432
person 0.738725 1453 356 1478 419
person 0.740451 287 305 1919 429
person 0.730126 1118 349 1142 404
person 0.635484 1218 337 1240 395
person 0.628064 293 352 314 383
person 0.582792 386 344 402 370
person 0.522154 1262 320 1284 371
person 0.502065 1810 315 1834 361
person 0.489788 495 486 590 614
person 0.468678 1489 363 1514 395
person 0.361047 1084 404 1106 449
person 0.408750 1840 314 1868 363
person 0.394841 613 331 627 361
person 0.366005 1258 339 1279 385
person 0.347711 409 344 425 368
person 0.324871 629 332 643 363
person 0.323070 1786 319 1807 361
person 0.321849 1749 326 1774 364
person 0.255717 531 329 544 353
