person 0.994085 1297 390 1335 490
person 0.991922 394 469 438 576
person 0.985262 1584 344 1619 431
person 0.981640 806 445 860 558
person 0.979099 555 463 612 623
person 0.977958 472 494 536 616
person 0.964117 1076 384 1113 466
person 0.945165 467 415 503 489
person 0.889598 252 422 287 499
person 0.882899 1451 349 1482 425
person 0.871839 1656 406 1720 560
person 0.855154 0 469 47 583
person 0.847536 1676 381 1729 513
person 0.839692 1145 349 1167 404
person 0.824967 1005 372 1026 430
person 0.770874 1117 349 1141 404
person 0.755183 300 306 1909 430
person 0.660697 384 344 402 371
person 0.651139 286 415 317 493
person 0.640014 292 352 314 383
person 0.625232 1218 337 1240 395
person 0.568714 1262 320 1284 370
person 0.487580 1810 317 1834 360
person 0.443220 1490 363 1516 393
person 0.382749 1749 327 1774 364
person 0.301045 1082 405 1104 445
person 0.374070 628 332 643 363
person 0.371223 1257 341 1278 385
person 0.368829 1840 315 1867 362
person 0.351325 409 344 425 368
person 0.348367 612 330 627 361
person 0.346203 1786 321 1807 361
person 0.995424 387 467 438 577
person 0.995354 1297 391 1334 490
person 0.989260 468 494 535 615
person 0.987952 551 480 606 612
person 0.982630 801 443 860 559
person 0.982114 1072 384 1110 467
person 0.981773 1585 344 1617 432
person 0.940990 1653 407 1715 559
person 0.894795 1449 347 1480 426
person 0.861866 1144 349 1167 404
person 0.860474 0 472 43 575
person 0.841796 251 422 287 500
person 0.831001 459 417 492 489
person 0.822795 283 422 319 496
person 0.794376 1116 348 1141 405
person 0.759009 279 303 1919 430
person 0.747369 1003 376 1024 430
person 0.732082 1680 385 1725 507
person 0.720125 384 345 401 371
person 0.709792 1217 335 1240 396
person 0.640780 293 353 314 383
person 0.556850 1262 319 1285 371
person 0.517893 1811 317 1834 360
person 0.497827 240 420 272 502
person 0.490103 612 327 628 362
person 0.448053 1490 364 1515 393
person 0.438178 1749 326 1774 364
person 0.417991 410 345 425 368
person 0.401072 1257 340 1279 388
person 0.378572 627 330 642 363
person 0.355947 1840 316 1867 362
person 0.352843 1786 321 1807 361
person 0.315233 530 329 545 355
person 0.268951 280 352 297 379
person 0.258752 474 428 500 472
