person 0.993540 1297 391 1333 490
person 0.991495 545 484 606 611
person 0.989838 1066 386 1108 469
person 0.986479 465 493 528 616
person 0.983651 372 463 430 580
person 0.971736 801 446 860 557
person 0.964577 1584 343 1616 428
person 0.963485 1649 407 1711 562
person 0.902352 1449 348 1480 425
person 0.888466 0 473 40 573
person 0.879761 1683 386 1723 502
person 0.843647 456 417 491 490
person 0.835287 1144 348 1168 404
person 0.821841 1001 375 1023 430
person 0.809281 239 421 270 502
person 0.797385 1115 347 1139 406
person 0.795959 283 422 318 496
person 0.771060 268 304 1919 432
person 0.720887 1216 335 1238 396
person 0.714447 384 345 401 370
person 0.633387 293 353 313 383
person 0.623276 255 422 289 501
person 0.533611 1810 317 1834 361
person 0.502671 1262 319 1285 371
person 0.477476 1490 364 1516 393
person 0.467987 531 330 544 357
person 0.456148 612 327 626 359
person 0.437665 1750 326 1774 363
person 0.401480 1257 339 1278 389
person 0.393038 629 328 642 360
person 0.362054 1840 316 1868 362
person 0.341535 1785 322 1806 360
person 0.342009 410 344 425 367
person 0.260122 280 352 296 379
person 0.993771 1296 391 1332 490
person 0.992623 543 483 605 609
person 0.988247 1064 385 1103 471
person 0.984021 368 464 429 581
person 0.978306 796 445 857 559
person 0.973108 458 493 525 616
person 0.970971 1649 408 1708 562
person 0.933779 1684 386 1721 501
person 0.921988 1584 343 1615 429
person 0.911474 0 461 32 565
person 0.872862 236 422 271 501
person 0.872747 280 422 318 495
person 0.870385 449 416 486 491
person 0.844149 1447 347 1478 425
person 0.821792 1144 347 1168 404
person 0.814865 1114 346 1139 406
person 0.772951 992 363 1023 441
person 0.769211 383 346 402 373
person 0.759039 275 304 1919 429
person 0.722518 1215 335 1238 397
person 0.661424 256 422 295 500
person 0.645544 293 353 313 384
person 0.567568 1809 315 1834 361
person 0.496959 1488 364 1514 392
person 0.479453 1261 319 1284 370
person 0.447213 453 428 477 472
person 0.463691 611 331 624 360
person 0.462122 410 345 426 369
person 0.435386 532 331 545 357
person 0.435631 1750 326 1775 363
person 0.391064 1256 338 1278 389
person 0.371655 1840 314 1868 362
person 0.346457 1785 321 1806 360
person 0.338463 630 332 643 361
person 0.279079 259 442 285 490
person 0.276322 280 352 297 380
person 0.269713 1000 365 1021 414
