person 0.992215 1296 390 1330 490
person 0.989323 363 465 422 581
person 0.982355 536 474 602 614
person 0.975419 1062 384 1100 471
person 0.975082 1686 384 1721 502
person 0.973010 797 446 854 558
person 0.970926 456 496 520 614
person 0.954745 1649 414 1705 559
person 0.948991 233 423 269 503
person 0.937703 992 363 1022 441
person 0.933721 445 420 486 508
person 0.918852 1583 343 1613 427
person 0.839938 1113 345 1138 407
person 0.832382 0 471 32 574
person 0.829670 1143 346 1167 405
person 0.824344 1447 347 1478 424
person 0.820199 383 345 402 374
person 0.789275 264 303 1919 429
person 0.722054 278 424 319 496
person 0.716847 263 423 303 501
person 0.706750 293 353 313 384
person 0.685063 1216 335 1238 396
person 0.575856 1488 364 1514 394
person 0.580423 612 332 625 362
person 0.496204 1810 317 1834 360
person 0.491766 1261 319 1284 372
person 0.487438 409 345 425 369
person 0.416305 532 332 545 358
person 0.391830 628 331 641 362
person 0.384248 1751 327 1774 363
person 0.377613 1665 391 1710 505
person 0.375062 1257 337 1278 388
person 0.349995 1785 322 1806 359
person 0.332675 1839 315 1868 361
person 0.301544 280 352 296 380
person 0.254925 1864 290 1877 308
person 0.990284 1295 391 1328 490
person 0.982356 796 444 851 557
person 0.970280 362 468 417 579
person 0.963406 1581 343 1612 429
person 0.957637 535 481 600 610
person 0.956916 992 363 1023 442
person 0.956912 230 424 268 502
person 0.951123 1055 385 1098 469
person 0.947665 437 419 482 507
person 0.940995 1685 386 1722 502
person 0.930814 1645 419 1705 556
person 0.913251 453 496 519 615
person 0.899269 266 421 305 499
person 0.839900 384 345 402 373
person 0.835019 1113 345 1139 407
person 0.833629 1446 347 1478 424
person 0.816686 0 472 26 575
person 0.812400 1143 347 1167 405
person 0.770144 1662 392 1712 505
person 0.766071 280 302 1919 428
person 0.753579 292 353 314 384
person 0.734050 1215 335 1238 398
person 0.573453 1488 363 1514 393
person 0.562330 1260 318 1283 372
person 0.519593 410 345 425 369
person 0.518644 611 332 623 359
person 0.464060 1810 317 1833 360
person 0.451948 628 330 642 361
person 0.393664 1750 327 1774 362
person 0.368013 532 332 544 355
person 0.352079 1840 314 1868 362
person 0.345342 1256 337 1279 388
person 0.343591 1785 322 1807 359
person 0.281676 281 352 298 379
person 0.256852 864 328 873 345
