person 0.992599 1293 391 1326 491
person 0.988055 796 440 845 561
person 0.984149 358 465 405 586
person 0.974665 1580 345 1612 430
person 0.953794 226 426 266 505
person 0.948115 991 365 1021 445
person 0.944287 528 486 594 607
person 0.944264 453 500 518 616
person 0.927923 1660 390 1711 507
person 0.902432 1050 387 1085 472
person 0.893331 266 423 307 501
person 0.885140 1685 388 1720 497
person 0.877871 1113 345 1138 408
person 0.869516 1646 413 1703 556
person 0.860397 432 419 479 508
person 0.857607 1142 346 1167 405
person 0.830808 1444 349 1477 424
person 0.816308 384 345 402 371
person 0.773429 1215 335 1239 397
person 0.765805 261 300 1919 428
person 0.722288 292 352 314 383
person 0.615643 1260 318 1283 373
person 0.544147 1488 364 1515 394
person 0.542741 0 490 15 565
person 0.491022 0 479 26 580
person 0.478067 409 344 426 369
person 0.476395 610 328 624 359
person 0.461166 629 328 643 360
person 0.411877 532 333 544 357
person 0.393793 1811 319 1833 359
person 0.388961 1449 376 1474 419
person 0.345945 1749 329 1773 363
person 0.338769 1257 336 1279 386
person 0.310446 863 330 872 345
person 0.301403 1785 323 1807 360
person 0.285543 1840 316 1868 361
person 0.994147 1290 390 1325 490
person 0.986059 354 470 395 587
person 0.982846 798 441 840 561
person 0.972759 438 495 508 619
person 0.962055 1579 345 1612 429
person 0.944330 223 427 262 504
person 0.944188 988 366 1019 445
person 0.942637 1050 386 1082 470
person 0.930044 1660 390 1714 508
person 0.921455 521 465 571 607
person 0.888483 1113 344 1138 408
person 0.877337 1143 346 1167 406
person 0.866454 265 425 307 500
person 0.803938 1646 413 1700 554
person 0.798420 385 344 403 371
person 0.789107 267 301 1919 429
person 0.764779 422 415 472 493
person 0.757555 1443 349 1476 424
person 0.754957 291 352 314 384
person 0.714964 1215 337 1239 396
person 0.636345 609 329 624 362
person 0.599696 1260 319 1284 371
person 0.526381 1488 364 1514 393
person 0.449397 407 344 426 369
person 0.435154 627 327 641 361
person 0.420418 1449 378 1474 418
person 0.344194 233 447 256 487
person 0.377667 1811 320 1834 359
person 0.357367 531 331 544 356
person 0.345575 1750 328 1773 363
person 0.338341 280 351 298 379
person 0.299600 269 442 297 487
person 0.308157 1785 323 1806 360
person 0.293004 1257 337 1279 386
person 0.286956 862 329 871 345
person 0.281799 1839 315 1868 361
