person 0.992174 1289 390 1325 492
person 0.985529 342 467 386 583
person 0.983720 519 476 572 611
person 0.975130 435 494 504 622
person 0.968072 1579 345 1610 431
person 0.966174 219 425 259 505
person 0.961412 1049 388 1079 469
person 0.956724 797 439 836 564
person 0.945072 1660 390 1712 510
person 0.894929 263 424 302 498
person 0.882629 1113 345 1139 407
person 0.870856 411 416 461 490
person 0.835368 1441 349 1475 424
person 0.812494 985 366 1016 441
person 0.805198 1143 346 1167 405
person 0.797332 290 302 1919 431
person 0.766709 385 344 405 371
person 0.748129 291 352 315 384
person 0.720579 1214 336 1239 397
person 0.643863 1643 414 1696 554
person 0.593997 1260 319 1284 371
person 0.566112 608 330 625 362
person 0.494774 1487 364 1512 393
person 0.427899 405 344 427 369
person 0.405938 626 328 641 361
person 0.359813 1750 328 1774 363
person 0.351549 1811 321 1833 358
person 0.315993 1784 324 1806 360
person 0.315894 861 331 870 346
person 0.278585 1256 337 1279 386
person 0.259062 530 332 543 355
person 0.257309 1839 316 1867 361
person 0.991108 336 469 382 584
person 0.986412 1288 390 1322 490
person 0.984661 435 502 504 623
person 0.980956 517 479 567 612
person 0.963979 218 425 256 505
person 0.963828 1577 347 1611 429
person 0.952705 1044 387 1075 470
person 0.945827 406 417 454 490
person 0.933658 1657 388 1712 509
person 0.894139 797 441 836 561
person 0.878557 259 423 298 498
person 0.866087 384 344 403 372
person 0.864778 1114 346 1139 407
person 0.792462 289 301 1919 429
person 0.788370 1443 355 1470 419
person 0.769066 1143 348 1167 404
person 0.734924 291 354 315 384
person 0.731388 988 369 1014 435
person 0.707573 1630 392 1703 552
person 0.611312 1214 336 1239 396
person 0.527970 1260 319 1284 371
person 0.488781 606 331 621 360
person 0.450378 1488 364 1513 392
person 0.411015 408 345 427 369
person 0.347176 413 431 438 468
person 0.316391 1750 329 1773 363
person 0.305048 861 330 870 345
person 0.303756 1786 324 1807 360
person 0.294269 1813 322 1835 359
person 0.272062 628 330 641 359
person 0.251274 1256 337 1278 386
