person 0.995955 326 469 379 583
person 0.986851 1287 389 1321 491
person 0.983450 429 504 500 622
person 0.972023 215 427 251 504
person 0.969896 511 476 563 613
person 0.961140 1574 346 1609 430
person 0.952887 1039 389 1073 470
person 0.940104 404 423 449 498
person 0.891546 1439 350 1471 425
person 0.886382 794 438 822 545
person 0.883723 254 422 293 498
person 0.881796 1656 391 1711 504
person 0.867257 1113 345 1139 407
person 0.846049 1629 388 1701 557
person 0.828556 384 343 404 371
person 0.792904 268 301 1919 430
person 0.687589 987 370 1014 435
person 0.683270 1143 348 1168 404
person 0.668736 290 353 314 385
person 0.636482 1215 335 1240 396
person 0.419837 1041 404 1065 450
person 0.485976 1261 319 1284 371
person 0.476881 606 331 620 360
person 0.330632 408 433 432 468
person 0.365666 1487 364 1513 391
person 0.320590 263 443 291 487
person 0.344026 1813 321 1834 359
person 0.327845 628 330 641 358
person 0.274932 221 444 245 489
person 0.306555 407 345 426 368
person 0.305923 280 351 298 379
person 0.288364 1255 336 1277 387
person 0.279227 1749 329 1773 363
person 0.277634 1786 322 1807 360
person 0.261480 862 330 871 345
person 0.997390 319 467 375 590
person 0.985602 1285 390 1320 489
person 0.984930 503 479 560 608
person 0.970351 423 508 499 621
person 0.949555 1573 347 1608 430
person 0.946356 211 426 247 505
person 0.941310 1033 390 1071 468
person 0.932819 400 422 438 499
person 0.906060 249 423 289 499
person 0.873278 1623 390 1695 554
person 0.870389 1114 345 1139 407
person 0.869938 791 438 822 545
person 0.811451 385 342 404 371
person 0.804746 273 300 1919 432
person 0.780447 1144 348 1168 404
person 0.779227 1652 390 1708 504
person 0.776461 1436 350 1469 426
person 0.716208 290 351 314 385
person 0.602462 987 371 1012 432
person 0.530927 1039 404 1064 449
person 0.600609 1215 335 1239 396
person 0.540214 1260 319 1283 370
person 0.493471 630 328 644 360
person 0.383808 403 430 426 471
person 0.412327 606 328 620 359
person 0.399560 1813 318 1835 359
person 0.390317 1488 364 1513 392
person 0.300299 217 442 242 490
person 0.323867 1750 329 1773 364
person 0.304589 530 329 543 352
person 0.304298 1785 321 1806 360
person 0.290567 1841 316 1867 361
person 0.262561 407 345 426 369
