person 0.990840 1760 257 1811 375
person 0.990149 1512 283 1572 427
person 0.986880 543 255 582 361
person 0.983200 224 285 275 406
person 0.981924 670 272 723 387
person 0.978241 1134 209 1172 293
person 0.971501 1039 315 1086 454
person 0.966705 1338 229 1382 336
person 0.954280 1606 400 1727 609
person 0.950588 1653 226 1701 327
person 0.949688 1734 389 1869 591
person 0.911111 561 160 582 193
person 0.870746 1259 314 1308 462
person 0.784381 536 164 553 193
person 0.782709 491 168 508 197
person 0.698384 1276 207 1317 314
person 0.661994 438 164 462 202
person 0.651276 370 164 392 200
person 0.612307 1088 215 1118 302
person 0.564046 820 160 831 180
person 0.534893 1770 189 1801 239
person 0.365430 428 164 447 198
person 0.320538 1 264 24 290
person 0.266838 1091 236 1114 282
person 0.317289 311 177 328 204
person 0.991321 1760 255 1812 375
person 0.990609 1513 276 1573 434
person 0.988623 541 253 580 361
person 0.986547 226 284 276 407
person 0.985407 1615 398 1748 611
person 0.979596 669 269 722 390
person 0.971044 1133 208 1172 294
person 0.969922 1336 229 1383 337
person 0.968039 1653 228 1702 328
person 0.945460 1041 319 1086 454
person 0.930777 1747 389 1885 593
person 0.902585 561 160 582 193
person 0.877532 1253 310 1320 476
person 0.786943 491 168 507 197
person 0.771402 535 165 553 194
person 0.697885 1274 207 1319 314
person 0.656807 438 165 462 203
person 0.589976 1087 216 1118 302
person 0.564540 820 160 831 180
person 0.531816 373 165 392 198
person 0.487430 1770 189 1802 240
person 0.332532 1 263 24 290
person 0.296829 1662 167 1688 226
person 0.292837 311 177 327 204
person 0.274397 429 165 446 197
person 0.267621 624 159 638 181
person 0.259154 828 151 839 173
person 0.251062 265 165 278 187
