person 0.997979 315 470 372 590
person 0.991269 1285 390 1319 490
person 0.988192 1026 386 1068 469
person 0.985870 498 462 556 610
person 0.949158 417 508 496 623
person 0.944290 248 423 284 500
person 0.937692 1572 348 1608 428
person 0.928855 786 442 822 561
person 0.911927 1436 350 1468 425
person 0.882658 1113 344 1138 408
person 0.803693 1649 390 1706 504
person 0.790449 1144 347 1168 405
person 0.785930 1622 392 1694 553
person 0.779707 383 342 403 371
person 0.767552 312 301 1899 430
person 0.758505 211 427 246 508
person 0.747388 394 417 429 490
person 0.735222 981 372 1004 434
person 0.672498 1216 335 1239 397
person 0.620972 291 352 314 385
person 0.495348 1261 320 1282 369
person 0.473697 631 330 645 361
person 0.397034 400 428 423 475
person 0.386625 1488 365 1514 392
person 0.354186 989 376 1012 428
person 0.336493 1815 321 1836 360
person 0.301704 216 448 237 489
person 0.325175 604 330 616 358
person 0.308754 1255 340 1276 387
person 0.305982 1785 321 1806 361
person 0.281544 409 345 428 369
person 0.277791 280 350 299 379
person 0.269777 1840 317 1867 361
person 0.259265 1750 330 1773 364
person 0.996612 310 472 370 590
person 0.995485 1284 388 1317 492
person 0.989890 1025 384 1065 469
person 0.988188 493 468 553 602
person 0.952615 246 423 282 498
person 0.935259 1622 405 1682 560
person 0.925520 782 439 822 564
person 0.920322 1571 350 1608 428
person 0.893409 415 512 497 621
person 0.866866 1113 344 1138 407
person 0.866923 1436 347 1466 424
person 0.803961 383 342 402 372
person 0.792156 1144 347 1168 404
person 0.756181 389 423 430 503
person 0.754762 280 301 1919 428
person 0.752634 1649 389 1702 505
person 0.743531 199 426 237 504
person 0.710367 1216 335 1239 398
person 0.690719 290 352 314 385
person 0.642078 980 379 1002 427
person 0.588002 214 427 255 506
person 0.565983 1262 320 1283 369
person 0.560027 631 328 645 361
person 0.452377 1487 364 1512 392
person 0.348527 279 349 299 378
person 0.343558 1814 319 1836 360
person 0.326330 604 328 617 359
person 0.304837 386 439 413 485
person 0.318666 1785 318 1807 361
person 0.303330 1255 341 1276 387
person 0.296011 1840 314 1867 362
person 0.294539 1751 328 1775 364
person 0.282542 410 345 427 369
person 0.255151 217 445 241 488
