person 0.994643 1283 389 1317 491
person 0.988123 491 469 550 601
person 0.985838 308 472 365 588
person 0.984394 1017 386 1062 469
person 0.976252 778 440 822 563
person 0.975563 1619 407 1680 563
person 0.953956 197 424 235 506
person 0.934270 244 424 281 500
person 0.925293 1435 347 1464 424
person 0.916940 1567 351 1600 428
person 0.890056 380 420 417 501
person 0.858722 1113 345 1138 407
person 0.773573 1651 385 1693 470
person 0.770968 383 342 403 372
person 0.754491 1144 347 1168 404
person 0.730235 285 300 1919 432
person 0.723086 291 351 313 384
person 0.717386 1216 334 1239 398
person 0.696873 399 505 472 622
person 0.574713 1262 319 1284 369
person 0.542700 978 375 1000 431
person 0.490023 629 328 644 361
person 0.424085 227 426 267 503
person 0.391644 1486 364 1513 392
person 0.316280 382 442 406 486
person 0.364840 1813 319 1835 360
person 0.341546 281 349 299 378
person 0.330167 1750 328 1775 364
person 0.262942 253 441 278 487
person 0.312294 1785 320 1807 361
person 0.293139 1840 316 1868 361
person 0.282436 1255 340 1276 387
person 0.254106 1865 288 1878 308
person 0.996080 479 463 542 603
person 0.994814 1281 390 1317 490
person 0.991367 296 467 353 592
person 0.980548 1013 385 1062 472
person 0.978113 192 423 232 509
person 0.968854 1617 412 1678 563
person 0.964333 773 443 818 560
person 0.955797 373 420 411 503
person 0.942641 241 423 280 500
person 0.938588 1566 351 1600 429
person 0.911262 1435 348 1464 424
person 0.901631 382 343 403 373
person 0.865891 976 364 1001 448
person 0.852023 1112 345 1137 407
person 0.839278 384 502 488 625
person 0.809731 1650 383 1689 477
person 0.757318 1144 347 1168 404
person 0.744425 291 350 313 383
person 0.743117 294 300 1919 432
person 0.720379 1216 333 1240 398
person 0.595478 1262 319 1284 369
person 0.437372 281 348 299 378
person 0.405044 630 330 645 361
person 0.354587 1814 321 1835 359
person 0.349153 1750 328 1775 364
person 0.334315 1486 364 1513 392
person 0.325239 1785 320 1807 361
person 0.300837 1840 316 1867 361
person 0.267704 1865 288 1878 308
person 0.266280 1255 340 1276 387
person 0.260273 408 345 426 368
