person 0.996268 476 467 539 597
person 0.994753 1280 389 1316 490
person 0.989974 293 473 343 589
person 0.985629 186 423 230 507
person 0.983005 1611 401 1674 568
person 0.981964 365 418 409 507
person 0.967602 769 447 816 560
person 0.961895 1011 385 1046 473
person 0.933824 235 424 273 499
person 0.923702 1434 349 1463 426
person 0.918188 1566 352 1599 428
person 0.913003 399 504 464 624
person 0.881676 381 343 402 373
person 0.846939 1112 345 1136 407
person 0.811555 1651 383 1686 477
person 0.784514 282 299 1919 436
person 0.764159 975 363 1000 446
person 0.736047 291 351 313 384
person 0.686584 1144 347 1168 405
person 0.649239 1217 334 1240 397
person 0.625853 1262 319 1284 370
person 0.458742 280 349 298 378
person 0.444403 633 334 645 361
person 0.342925 1487 364 1513 393
person 0.336605 1813 323 1834 359
person 0.328454 1750 328 1774 363
person 0.311640 1785 322 1806 360
person 0.301498 1864 289 1877 308
person 0.996270 473 469 534 596
person 0.994437 289 473 334 587
person 0.992265 1279 390 1315 489
person 0.988904 1606 405 1673 566
person 0.983042 362 418 400 507
person 0.982186 185 426 226 507
person 0.971960 1012 389 1044 471
person 0.965101 764 446 813 560
person 0.961516 233 425 273 497
person 0.939404 395 503 455 624
person 0.936290 1433 349 1463 425
person 0.876815 1566 351 1598 428
person 0.836961 1651 382 1683 474
person 0.826753 1112 345 1136 407
person 0.775562 382 344 399 369
person 0.769102 288 299 1919 436
person 0.721722 292 352 313 384
person 0.718496 972 364 999 443
person 0.693651 1144 347 1168 405
person 0.626785 1217 335 1240 396
person 0.620769 1262 318 1284 370
person 0.476342 280 350 297 377
person 0.384751 632 334 644 361
person 0.359348 1487 364 1512 393
person 0.320878 1864 290 1877 308
person 0.298477 1814 325 1834 358
person 0.287467 1787 324 1806 360
person 0.278384 1751 328 1774 363
person 0.251935 410 346 425 366
