person 0.995512 467 470 524 594
person 0.991502 1277 390 1315 488
person 0.990414 287 470 326 584
person 0.985500 1601 411 1667 562
person 0.980705 760 444 813 558
person 0.980667 354 419 398 505
person 0.979085 183 424 219 508
person 0.961360 1007 388 1040 473
person 0.957462 229 423 270 498
person 0.949336 392 503 452 626
person 0.942893 1432 350 1462 425
person 0.902436 1649 386 1684 503
person 0.890557 1564 349 1598 427
person 0.826221 1113 344 1137 408
person 0.761199 383 344 399 368
person 0.752378 292 352 312 383
person 0.749152 281 299 1919 433
person 0.718570 1216 334 1240 397
person 0.699956 972 371 996 433
person 0.687100 1262 318 1284 371
person 0.672328 1144 346 1168 405
person 0.515425 280 350 297 377
person 0.420041 633 330 647 361
person 0.412016 1486 365 1511 392
person 0.317560 1864 290 1876 308
person 0.297219 1008 400 1031 453
person 0.298414 1787 323 1807 360
person 0.295837 1814 325 1834 358
person 0.269215 410 346 425 366
person 0.256916 1751 329 1774 363
person 0.996059 279 471 327 586
person 0.991307 464 468 515 596
person 0.989150 1279 391 1314 488
person 0.980497 1602 415 1666 563
person 0.974542 761 445 813 560
person 0.970599 348 419 383 506
person 0.968981 179 426 214 508
person 0.955615 390 504 448 625
person 0.932182 1432 351 1463 425
person 0.920410 1004 389 1036 472
person 0.908267 223 422 261 499
person 0.907505 1563 348 1596 427
person 0.841114 1649 387 1683 504
person 0.832194 1113 345 1137 407
person 0.773352 382 344 399 370
person 0.768469 292 353 312 384
person 0.757024 281 299 1919 436
person 0.711432 1216 333 1239 398
person 0.705767 970 370 992 434
person 0.684039 1263 318 1284 371
person 0.677667 1144 346 1168 405
person 0.460134 280 351 297 378
person 0.387396 1487 365 1512 392
person 0.298297 229 443 256 486
person 0.372919 634 329 648 361
person 0.324950 1864 290 1876 309
person 0.322430 1203 341 1225 398
person 0.277253 1787 324 1806 360
person 0.276023 1626 397 1674 498
person 0.273648 1814 326 1834 357
person 0.267722 1255 336 1275 386
person 0.265977 600 327 613 358
