person 0.994627 270 474 327 584
person 0.987940 463 468 510 594
person 0.985658 342 418 379 507
person 0.984024 1279 390 1313 488
person 0.981386 761 444 808 561
person 0.979025 1595 420 1666 557
person 0.966309 177 425 210 507
person 0.958278 390 506 445 625
person 0.945370 1431 350 1462 426
person 0.930155 217 423 255 498
person 0.926604 1561 347 1594 429
person 0.858534 997 391 1031 471
person 0.845332 1646 386 1684 505
person 0.826769 1114 345 1138 408
person 0.755206 1216 334 1239 398
person 0.747416 381 344 399 369
person 0.740446 292 352 312 383
person 0.716091 273 300 1919 431
person 0.685138 1263 317 1285 371
person 0.678458 969 374 989 430
person 0.650699 1147 342 1172 399
person 0.418936 281 349 297 377
person 0.405880 365 497 431 608
person 0.395056 1487 365 1513 392
person 0.401157 600 325 614 358
person 0.385160 635 328 649 359
person 0.314774 224 439 252 486
person 0.353897 1203 341 1225 398
person 0.308148 1864 290 1876 309
person 0.272477 1814 326 1834 357
person 0.261035 1787 324 1807 360
person 0.259944 1635 383 1675 472
person 0.987707 337 419 370 505
person 0.984911 1593 420 1665 556
person 0.976201 265 474 313 585
person 0.974924 759 439 807 563
person 0.974518 1278 390 1313 489
person 0.959927 462 466 504 598
person 0.952500 383 503 443 628
person 0.947748 1430 349 1461 425
person 0.921904 173 427 206 507
person 0.900244 992 391 1025 469
person 0.893222 1559 345 1592 429
person 0.890119 215 423 250 500
person 0.807133 1114 344 1138 408
person 0.739183 1216 334 1239 397
person 0.730142 292 352 312 383
person 0.714339 382 344 400 369
person 0.698743 271 301 1919 432
person 0.691822 1263 317 1285 371
person 0.681075 1144 347 1168 405
person 0.671699 1647 388 1681 503
person 0.664076 963 369 987 431
person 0.446462 280 349 297 377
person 0.413311 635 327 648 359
person 0.394970 1639 382 1673 470
person 0.360298 1488 365 1514 391
person 0.362209 600 325 613 358
person 0.282329 343 444 362 484
person 0.322768 1203 341 1225 398
person 0.285887 1863 291 1875 308
person 0.282594 1814 326 1833 357
person 0.274522 531 332 543 356
person 0.258980 1788 324 1807 359
