person 0.993626 257 471 310 589
person 0.981743 330 419 365 506
person 0.979308 759 440 807 562
person 0.965800 364 501 436 625
person 0.960329 1278 392 1313 488
person 0.957098 452 468 498 591
person 0.944931 988 390 1021 471
person 0.937165 212 422 247 501
person 0.934084 1557 347 1591 430
person 0.926469 1585 405 1654 560
person 0.925145 1429 348 1459 425
person 0.834600 1637 385 1674 511
person 0.815753 1114 344 1138 408
person 0.790302 172 428 207 507
person 0.737474 1263 318 1284 371
person 0.733484 1216 335 1240 397
person 0.717953 1144 347 1168 405
person 0.659393 280 300 1919 429
person 0.646908 293 353 312 383
person 0.566452 383 343 401 369
person 0.514535 1613 398 1664 535
person 0.431097 964 377 986 428
person 0.435493 957 367 988 446
person 0.401772 1488 365 1512 391
person 0.405327 633 326 647 359
person 0.396322 601 325 615 358
person 0.317297 340 444 358 483
person 0.367365 280 350 297 378
person 0.360029 531 332 543 356
person 0.342802 1203 341 1225 398
person 0.305092 1864 290 1876 308
person 0.285709 1814 325 1833 357
person 0.281480 1719 291 1734 318
person 0.278580 1787 323 1807 360
person 0.996481 249 471 303 587
person 0.990353 326 418 360 507
person 0.980195 448 458 497 603
person 0.975938 1270 391 1303 491
person 0.964188 759 442 804 562
person 0.952276 362 503 434 625
person 0.942099 1556 348 1588 431
person 0.941549 986 389 1020 471
person 0.940862 209 422 243 504
person 0.930279 1587 405 1650 563
person 0.901788 165 426 196 500
person 0.895593 1427 349 1458 427
person 0.872308 1636 388 1675 508
person 0.819629 1114 344 1138 408
person 0.762964 1216 335 1240 397
person 0.726471 1263 318 1285 370
person 0.697386 1145 347 1168 405
person 0.682189 252 301 1919 429
person 0.677586 292 353 312 383
person 0.565306 383 343 401 370
person 0.560773 956 368 987 448
person 0.544826 637 328 650 356
person 0.504028 1616 400 1666 529
person 0.451012 1486 366 1512 392
person 0.363145 281 350 297 378
person 0.359463 1203 341 1225 397
person 0.346555 531 331 543 355
person 0.346535 600 325 613 357
person 0.278105 1864 290 1876 308
person 0.252636 991 401 1015 454
person 0.268182 1814 326 1833 357
person 0.265068 1787 324 1806 360
person 0.260139 1719 291 1733 317
