person 0.996239 242 470 300 588
person 0.982250 322 419 355 508
person 0.981824 1270 391 1303 490
person 0.974558 360 503 433 627
person 0.969101 446 451 494 613
person 0.967047 161 424 195 504
person 0.950587 1553 349 1586 430
person 0.943519 1587 403 1645 564
person 0.941154 1428 350 1459 428
person 0.927860 760 440 801 562
person 0.902218 982 388 1020 472
person 0.863080 206 425 244 499
person 0.849904 1633 388 1674 508
person 0.820835 963 380 1003 470
person 0.806000 1113 344 1137 408
person 0.762156 1145 347 1168 405
person 0.750341 1216 334 1239 397
person 0.744681 1264 319 1284 370
person 0.713227 263 302 1919 428
person 0.699297 292 353 311 383
person 0.616286 383 344 400 369
person 0.516945 640 334 652 357
person 0.383589 1486 365 1512 391
person 0.388830 280 351 296 378
person 0.370153 599 329 610 358
person 0.366377 1203 342 1225 397
person 0.341323 956 369 988 448
person 0.266007 166 440 186 487
person 0.274709 531 331 543 354
person 0.275384 685 330 696 352
person 0.266115 962 369 983 410
person 0.258318 1864 290 1876 308
person 0.255462 1785 324 1804 359
person 0.996193 439 450 495 611
person 0.990053 240 471 291 586
person 0.985944 157 424 193 508
person 0.985513 1270 392 1302 490
person 0.960653 356 503 429 629
person 0.953400 961 377 1009 473
person 0.939266 1550 349 1584 430
person 0.933173 1427 348 1458 428
person 0.920418 315 421 357 509
person 0.911327 1623 390 1673 509
person 0.898816 759 440 798 562
person 0.854999 1112 343 1136 409
person 0.786320 1214 333 1239 398
person 0.776195 202 426 245 500
person 0.748819 1145 347 1169 405
person 0.747658 1262 318 1284 371
person 0.721202 292 354 311 384
person 0.696387 1589 404 1641 562
person 0.695759 258 300 1919 427
person 0.632471 381 344 397 369
person 0.498765 640 333 652 359
person 0.445126 1203 341 1225 398
person 0.418322 1487 365 1511 390
person 0.409136 599 325 611 357
person 0.364589 280 351 296 378
person 0.288967 686 329 697 352
person 0.286075 956 368 992 452
person 0.282277 1864 289 1876 308
person 0.280692 1784 325 1803 360
person 0.262581 961 368 982 409
person 0.263639 1814 326 1834 357
person 0.254291 1751 328 1773 363
