person 0.997039 1611 385 1671 503
person 0.993651 1014 433 1072 542
person 0.989066 780 418 825 523
person 0.987069 288 426 332 595
person 0.982925 1391 372 1427 468
person 0.979807 907 416 950 512
person 0.974770 94 442 149 544
person 0.957423 1495 383 1538 470
person 0.956939 174 417 210 501
person 0.938871 1448 358 1477 411
person 0.916646 1095 445 1150 576
person 0.891012 727 401 759 492
person 0.887602 4 412 39 492
person 0.832545 1690 351 1726 425
person 0.807069 573 394 594 447
person 0.738516 301 345 322 376
person 0.729277 416 292 1793 447
person 0.673071 1198 342 1226 398
person 0.634943 1080 344 1101 392
person 0.603946 72 423 110 505
person 0.595997 558 327 569 352
person 0.565847 1122 357 1142 406
person 0.556449 1136 357 1159 413
person 0.455167 1740 329 1762 358
person 0.418210 346 333 361 362
person 0.384508 1084 421 1123 514
person 0.378856 1299 319 1319 367
person 0.371467 854 315 865 336
person 0.343964 1818 302 1839 344
person 0.327793 1840 302 1863 340
person 0.287873 1488 357 1514 398
person 0.288922 934 314 947 339
person 0.284809 1108 349 1124 388
person 0.994364 1613 387 1672 501
person 0.991975 1020 434 1074 540
person 0.991009 291 423 334 593
person 0.987063 779 418 832 522
person 0.983742 1396 374 1427 463
person 0.980113 914 415 952 513
person 0.968814 94 443 149 544
person 0.968694 1499 380 1539 470
person 0.956193 1106 443 1157 583
person 0.951617 176 413 209 495
person 0.948796 1692 351 1731 426
person 0.884159 6 412 42 491
person 0.878670 730 399 765 486
person 0.824079 299 345 320 376
person 0.817523 1452 358 1483 413
person 0.724967 421 293 1787 452
person 0.721518 1095 423 1134 510
person 0.721090 573 372 599 453
person 0.647931 1198 340 1226 399
person 0.640197 1079 343 1101 393
person 0.603176 559 327 569 352
person 0.578202 1137 358 1162 414
person 0.463710 345 333 361 363
person 0.442689 1739 328 1761 358
person 0.402788 1106 347 1124 390
person 0.398951 1818 302 1840 346
person 0.359244 1299 318 1319 368
person 0.349624 1111 355 1131 402
person 0.349810 1840 302 1863 342
person 0.322500 74 415 111 489
person 0.314635 853 315 864 337
person 0.268769 934 314 946 338
person 0.260931 1331 324 1347 364
person 0.256783 414 333 428 364
