person 0.995716 1613 388 1680 503
person 0.993483 1027 434 1077 540
person 0.990743 291 426 336 593
person 0.986678 1398 373 1432 463
person 0.986390 1501 379 1542 470
person 0.979566 94 441 148 545
person 0.976556 918 415 958 511
person 0.965620 789 416 844 517
person 0.963889 176 413 209 495
person 0.932382 1698 347 1735 427
person 0.904633 6 413 44 491
person 0.894158 744 400 771 459
person 0.885690 1096 422 1136 517
person 0.731650 1142 361 1165 412
person 0.716161 300 346 321 375
person 0.707704 1101 468 1166 576
person 0.684548 575 389 596 449
person 0.687112 437 297 1776 451
person 0.668067 1456 358 1487 409
person 0.627584 1079 343 1101 394
person 0.585602 1198 342 1226 397
person 0.582737 558 328 569 352
person 0.538526 1103 346 1123 392
person 0.447309 1839 301 1865 346
person 0.439328 344 333 359 363
person 0.406561 1714 287 1731 318
person 0.403986 1473 352 1502 407
person 0.364206 1815 301 1837 346
person 0.333407 278 349 294 373
person 0.313247 855 315 865 335
person 0.296783 1249 335 1270 388
person 0.278972 1300 320 1319 367
person 0.276112 1739 327 1759 357
person 0.264563 1478 375 1527 472
person 0.261997 1700 375 1729 421
person 0.994704 1030 431 1079 542
person 0.994401 1617 389 1682 503
person 0.989339 795 414 850 517
person 0.989227 291 431 336 588
person 0.987891 920 411 966 512
person 0.987154 1399 373 1434 462
person 0.987154 1502 377 1544 472
person 0.972971 93 441 147 546
person 0.971544 1100 420 1139 524
person 0.967305 177 417 214 500
person 0.901568 1703 349 1739 426
person 0.880205 750 401 773 457
person 0.879799 8 414 45 490
person 0.842861 1146 361 1170 412
person 0.798839 1470 353 1502 408
person 0.769766 1129 454 1182 570
person 0.752982 298 347 320 376
person 0.727230 575 390 597 447
person 0.685701 251 291 1698 455
person 0.661817 557 329 569 353
person 0.614221 1079 343 1101 395
person 0.568382 1103 346 1123 393
person 0.565924 1198 343 1226 396
person 0.496632 1840 302 1864 345
person 0.473339 1815 302 1836 346
person 0.456730 1715 286 1733 318
person 0.454180 344 334 359 362
person 0.357187 186 442 210 486
person 0.368374 1299 319 1319 368
person 0.352527 1738 327 1760 358
person 0.321384 855 314 865 335
person 0.319989 1792 303 1813 345
person 0.267591 78 422 108 466
person 0.273237 1250 335 1269 386
