person 0.994572 1617 390 1686 506
person 0.992686 1035 425 1085 542
person 0.991919 805 414 850 516
person 0.991638 292 427 340 586
person 0.986406 1399 369 1438 467
person 0.983465 1104 422 1147 523
person 0.978289 923 408 973 512
person 0.976580 97 436 150 545
person 0.973031 1501 376 1547 473
person 0.958057 180 413 212 496
person 0.939404 1705 350 1741 425
person 0.937170 8 415 48 491
person 0.936880 1133 450 1194 573
person 0.873158 297 345 320 378
person 0.815690 1150 360 1175 414
person 0.752920 756 401 780 459
person 0.717515 1472 356 1505 410
person 0.681872 415 292 1797 447
person 0.657882 1199 342 1227 396
person 0.627888 1078 343 1100 396
person 0.598849 559 334 570 353
person 0.570535 1103 346 1125 395
person 0.544601 577 374 610 450
person 0.540221 1839 302 1863 346
person 0.524357 1817 301 1839 348
person 0.490803 344 333 360 363
person 0.474258 1299 319 1318 368
person 0.444470 576 393 597 445
person 0.430870 1715 285 1733 316
person 0.360731 1791 301 1814 348
person 0.350350 415 333 429 363
person 0.336583 1333 322 1351 366
person 0.310988 855 314 865 335
person 0.307832 1738 326 1757 355
person 0.300356 339 343 355 370
person 0.293491 1249 333 1270 386
person 0.261103 1223 341 1243 387
person 0.260442 1477 367 1532 473
person 0.995410 1621 390 1685 507
person 0.993204 818 413 855 516
person 0.986512 1036 423 1089 543
person 0.984979 96 437 151 545
person 0.984853 1403 369 1443 467
person 0.982931 296 435 344 581
person 0.965294 1111 421 1151 526
person 0.965084 1504 376 1550 472
person 0.960323 180 411 215 497
person 0.957373 1146 454 1205 576
person 0.936303 1712 348 1744 426
person 0.917263 929 409 975 510
person 0.901814 1477 357 1506 411
person 0.897581 11 416 49 489
person 0.822561 298 346 322 378
person 0.713693 1153 361 1178 411
person 0.699344 1078 342 1100 396
person 0.692412 252 290 1701 455
person 0.673849 1103 344 1126 396
person 0.587452 1841 302 1864 345
person 0.570378 1815 301 1837 348
person 0.556216 559 335 571 354
person 0.516250 577 374 611 450
person 0.504069 1200 343 1226 393
person 0.492751 574 393 597 444
person 0.469185 767 400 791 460
person 0.454727 1716 284 1735 316
person 0.421232 344 333 360 362
person 0.417633 1300 319 1319 367
person 0.397427 854 314 864 335
person 0.363089 1791 300 1813 348
person 0.278129 759 415 780 464
person 0.272139 756 401 787 478
person 0.252762 415 334 429 361
