person 0.993411 1762 257 1815 376
person 0.989017 230 283 278 408
person 0.984241 1516 282 1573 430
person 0.982819 670 270 721 387
person 0.981708 538 255 577 361
person 0.980271 1628 396 1759 610
person 0.965743 1335 229 1382 335
person 0.963909 1132 209 1171 292
person 0.951260 1762 401 1900 611
person 0.931586 1657 227 1703 327
person 0.907389 560 158 581 193
person 0.899814 1052 312 1093 461
person 0.892458 1260 302 1322 475
person 0.807013 536 162 554 194
person 0.801470 492 169 508 196
person 0.692188 437 165 462 203
person 0.603432 1274 209 1321 311
person 0.555258 1770 189 1801 240
person 0.548777 371 166 393 198
person 0.546635 820 160 832 180
person 0.524314 1088 215 1119 301
person 0.356951 428 165 446 197
person 0.302433 2 264 24 291
person 0.259693 1711 209 1734 237
person 0.258790 827 151 838 173
person 0.256730 1664 168 1689 227
person 0.253138 228 159 245 188
person 0.992513 1763 258 1817 376
person 0.990508 229 281 280 409
person 0.986028 670 269 722 388
person 0.978107 1514 284 1573 429
person 0.976947 1649 400 1773 607
person 0.966365 536 253 578 365
person 0.956613 1132 210 1170 293
person 0.943812 1336 230 1379 334
person 0.942553 1658 228 1704 328
person 0.905413 1051 314 1098 459
person 0.893104 1265 298 1328 480
person 0.892325 1770 397 1899 611
person 0.882601 562 160 582 192
person 0.845409 535 163 553 193
person 0.719560 492 170 507 195
person 0.604398 438 166 463 202
person 0.554491 820 160 831 180
person 0.499564 1768 188 1802 238
person 0.495990 372 166 393 198
person 0.479612 1088 213 1119 302
person 0.379243 1267 203 1306 286
person 0.346023 428 166 446 197
person 0.307148 1 264 23 291
person 0.303911 1280 214 1322 306
person 0.270125 1663 168 1690 228
person 0.258772 1527 143 1545 179
person 0.251675 625 159 639 180
