person 0.997260 1621 391 1684 503
person 0.991595 824 411 860 516
person 0.988598 296 439 345 576
person 0.986698 96 437 152 546
person 0.984606 1403 370 1447 465
person 0.974126 1118 419 1159 525
person 0.970163 1512 377 1553 469
person 0.968422 1050 425 1099 537
person 0.962999 181 410 216 498
person 0.935533 945 409 988 498
person 0.918169 11 417 50 489
person 0.853418 1154 450 1221 572
person 0.837649 1482 358 1511 415
person 0.810455 299 346 322 377
person 0.753128 220 288 1731 453
person 0.713421 1156 361 1181 409
person 0.697028 763 401 794 483
person 0.679378 1716 347 1746 424
person 0.644993 1103 344 1126 397
person 0.630256 1078 343 1100 395
person 0.579303 1839 301 1864 346
person 0.543849 584 395 611 444
person 0.560021 558 334 569 353
person 0.530047 1814 301 1836 347
person 0.500055 1299 317 1321 368
person 0.486450 344 333 361 362
person 0.426453 574 396 596 442
person 0.424033 1718 283 1735 314
person 0.398806 854 314 864 335
person 0.397656 1792 301 1813 346
person 0.378466 414 334 428 361
person 0.333021 1201 344 1226 391
person 0.271919 1254 320 1275 371
person 0.257755 1222 343 1243 387
person 0.250862 1787 321 1810 358
person 0.997666 1621 390 1685 505
person 0.995587 1052 423 1098 538
person 0.986474 299 437 347 577
person 0.985327 96 436 152 545
person 0.984904 1407 370 1448 466
person 0.982586 1119 419 1162 527
person 0.971683 181 416 223 501
person 0.968194 1510 379 1555 467
person 0.961043 951 409 991 498
person 0.938906 1167 453 1226 571
person 0.937895 831 417 873 507
person 0.922870 11 418 52 488
person 0.873208 770 398 800 484
person 0.845602 298 346 322 377
person 0.822758 1486 358 1513 414
person 0.797568 1160 359 1184 410
person 0.721334 580 374 610 451
person 0.707046 227 290 1717 451
person 0.668538 1721 342 1756 424
person 0.649208 1077 343 1099 396
person 0.635852 1103 345 1126 397
person 0.596344 1839 301 1864 348
person 0.589742 1815 301 1837 349
person 0.569207 343 332 360 362
person 0.513134 558 334 570 354
person 0.449939 1299 318 1319 366
person 0.400612 1790 299 1813 350
person 0.365314 415 334 429 362
person 0.364296 854 314 864 335
person 0.349276 1717 284 1735 313
person 0.293957 775 415 797 466
person 0.309024 1200 344 1225 392
person 0.275836 1785 316 1811 360
person 0.253578 1221 342 1243 386
