person 0.996416 1623 390 1685 504
person 0.995290 1056 423 1106 535
person 0.987387 1126 417 1171 520
person 0.985876 834 415 879 508
person 0.982927 98 435 153 545
person 0.975933 1516 380 1559 467
person 0.975821 958 409 997 500
person 0.966256 302 440 348 579
person 0.961652 184 412 221 496
person 0.960134 1412 370 1449 466
person 0.954797 773 396 802 485
person 0.887093 581 374 611 452
person 0.876988 1179 453 1238 573
person 0.870126 13 417 52 489
person 0.842876 299 346 323 378
person 0.787755 1489 357 1514 415
person 0.739004 1075 343 1097 395
person 0.696651 224 292 1722 451
person 0.622423 1818 300 1839 350
person 0.619399 1103 345 1126 396
person 0.618639 1164 362 1186 407
person 0.564339 1840 302 1863 347
person 0.519058 1198 341 1223 394
person 0.493592 1729 360 1752 411
person 0.455379 1299 318 1318 367
person 0.441878 342 332 360 361
person 0.425407 561 334 571 352
person 0.364837 106 425 132 461
person 0.370475 1717 283 1735 313
person 0.360070 1790 300 1813 351
person 0.356880 854 314 863 334
person 0.312494 414 333 429 360
person 0.309307 1723 338 1756 425
person 0.287485 1734 317 1755 362
person 0.277840 81 420 98 441
person 0.992636 839 413 888 509
person 0.990542 1131 420 1176 516
person 0.989450 1063 422 1111 528
person 0.986124 98 436 152 544
person 0.985163 1641 390 1688 502
person 0.981185 1413 370 1453 455
person 0.980279 964 409 1002 499
person 0.978815 1518 379 1563 466
person 0.974758 185 412 223 496
person 0.962044 304 435 348 579
person 0.924721 778 396 809 486
person 0.902206 583 374 612 451
person 0.880012 12 417 53 489
person 0.838588 1182 452 1262 575
person 0.792205 1733 358 1759 413
person 0.764284 297 344 321 377
person 0.752252 421 290 1792 453
person 0.738353 1491 355 1520 410
person 0.664108 1076 342 1098 396
person 0.648621 1103 345 1126 397
person 0.615075 1838 299 1865 349
person 0.481721 1815 300 1837 350
person 0.428226 1790 299 1814 350
person 0.416775 1299 316 1320 366
person 0.412424 343 333 360 362
person 0.410425 562 334 572 352
person 0.368956 106 424 133 461
person 0.370470 782 400 803 457
person 0.362922 1719 285 1734 314
person 0.339804 417 336 430 360
person 0.336028 854 314 863 335
person 0.334209 1194 341 1220 393
person 0.283322 81 420 98 441
person 0.267158 1166 360 1188 407
