person 0.990466 1135 419 1184 517
person 0.988490 1067 424 1113 524
person 0.987102 1646 387 1691 501
person 0.983529 840 410 901 510
person 0.981533 966 406 1008 502
person 0.980715 97 431 152 546
person 0.965227 1191 450 1268 579
person 0.955494 186 412 222 496
person 0.949750 305 434 347 582
person 0.940109 13 418 64 490
person 0.929153 1515 379 1566 465
person 0.914923 584 373 613 451
person 0.900663 782 395 815 485
person 0.864163 1418 372 1451 463
person 0.835760 1735 358 1762 415
person 0.798451 377 288 1828 457
person 0.791183 297 345 321 376
person 0.653991 1102 344 1126 397
person 0.642838 1076 342 1099 396
person 0.627910 1491 354 1522 408
person 0.567479 1838 298 1865 350
person 0.558553 562 331 573 352
person 0.504712 104 421 133 463
person 0.506041 343 331 360 362
person 0.462984 1814 300 1837 351
person 0.457387 1790 297 1815 352
person 0.352752 416 335 429 361
person 0.351272 1506 356 1534 406
person 0.340112 853 313 863 334
person 0.339097 1299 317 1320 366
person 0.317220 1719 285 1735 315
person 0.262756 786 401 808 452
person 0.996877 1650 385 1695 500
person 0.991556 1073 423 1117 523
person 0.991561 1141 416 1190 514
person 0.973018 962 405 1017 503
person 0.970132 100 426 153 544
person 0.966542 1530 376 1580 461
person 0.964896 14 417 65 489
person 0.962140 315 426 360 591
person 0.951467 1198 450 1274 576
person 0.946858 786 394 820 486
person 0.943050 844 409 910 512
person 0.941617 188 414 225 495
person 0.873566 1424 371 1464 454
person 0.827003 1738 359 1764 416
person 0.800920 590 376 612 442
person 0.795620 411 288 1806 454
person 0.771856 298 345 323 377
person 0.744525 1076 342 1099 396
person 0.740484 1504 353 1532 405
person 0.680794 1102 344 1126 397
person 0.592564 1819 298 1839 349
person 0.550778 1839 299 1863 346
person 0.542408 563 329 574 351
person 0.484544 1299 318 1319 368
person 0.480114 1790 297 1814 353
person 0.414609 1182 358 1207 405
person 0.408878 1191 340 1220 395
person 0.395842 1719 284 1737 315
person 0.366351 343 333 360 360
person 0.347152 854 314 863 334
person 0.343515 416 334 430 360
person 0.315304 0 565 25 694
person 0.297648 1493 357 1523 399
person 0.289540 935 314 948 336
