person 0.994547 1652 382 1699 501
person 0.990402 1080 425 1120 521
person 0.987438 1151 415 1197 520
person 0.979945 314 427 360 589
person 0.977932 1203 447 1284 577
person 0.976699 1528 372 1583 464
person 0.976364 190 413 231 495
person 0.976196 104 427 157 542
person 0.960948 980 403 1027 502
person 0.951468 1427 368 1463 454
person 0.948138 17 416 63 489
person 0.933643 853 413 927 510
person 0.890041 786 395 825 483
person 0.862630 587 371 614 450
person 0.804203 297 345 322 377
person 0.800826 1076 342 1099 393
person 0.790510 414 287 1806 451
person 0.746644 1102 345 1126 396
person 0.729460 1738 344 1772 426
person 0.703392 1505 354 1534 404
person 0.686609 0 562 23 693
person 0.578151 564 328 576 351
person 0.512608 1839 299 1863 346
person 0.484535 1790 297 1814 352
person 0.463019 1819 299 1839 348
person 0.411703 1721 284 1737 317
person 0.395851 1299 320 1319 367
person 0.346468 855 314 865 334
person 0.323776 1508 360 1551 456
person 0.314812 935 315 948 337
person 0.309075 1186 358 1211 408
person 0.299548 343 334 360 359
person 0.261132 416 335 431 360
person 0.993978 1655 383 1699 499
person 0.991744 313 428 363 588
person 0.979100 192 413 231 495
person 0.977753 983 401 1038 498
person 0.976483 1531 371 1588 466
person 0.974442 106 428 159 541
person 0.971626 1430 367 1467 453
person 0.971271 1082 425 1121 519
person 0.967545 1154 417 1197 517
person 0.934400 18 414 62 488
person 0.925138 875 405 921 500
person 0.921652 587 371 615 450
person 0.845289 1199 451 1300 574
person 0.804115 1743 342 1777 425
person 0.777089 791 388 824 476
person 0.765111 1103 345 1125 394
person 0.758155 1077 342 1099 393
person 0.739556 401 290 1816 450
person 0.722313 295 344 319 376
person 0.666570 0 539 26 689
person 0.666457 1508 354 1537 403
person 0.654516 562 327 575 351
person 0.434858 1839 298 1864 345
person 0.385550 1790 299 1814 349
person 0.362138 1816 300 1837 348
person 0.358716 415 334 429 361
person 0.350946 936 314 949 337
person 0.341379 853 314 863 335
person 0.331069 343 332 361 361
person 0.302133 593 397 615 443
person 0.296937 1302 321 1320 365
person 0.292354 1484 356 1507 382
person 0.291816 1513 379 1568 462
person 0.290717 1195 343 1223 395
