person 0.992940 313 434 364 582
person 0.990584 1656 380 1702 499
person 0.988609 1166 416 1215 512
person 0.986974 987 400 1043 491
person 0.980005 1432 366 1468 454
person 0.975450 1536 372 1590 465
person 0.973344 194 413 232 495
person 0.972863 1090 419 1134 525
person 0.969560 107 425 161 542
person 0.960606 888 406 929 496
person 0.937960 589 370 617 451
person 0.922057 1228 450 1295 570
person 0.911282 19 415 63 488
person 0.883490 800 389 834 476
person 0.852056 1742 348 1782 423
person 0.789191 1077 342 1099 395
person 0.770934 1103 345 1126 395
person 0.749159 296 344 320 376
person 0.732381 563 329 576 353
person 0.725886 401 288 1824 449
person 0.657638 0 530 28 695
person 0.503573 1517 354 1547 402
person 0.451167 936 315 949 338
person 0.416597 1484 356 1510 383
person 0.385141 1839 298 1864 346
person 0.380241 342 332 360 362
person 0.377968 1791 299 1815 350
person 0.368280 853 314 864 335
person 0.354380 415 334 430 361
person 0.327840 1300 320 1320 367
person 0.312025 1816 300 1837 348
person 0.264908 1518 356 1552 452
person 0.259731 1197 341 1223 395
person 0.993993 317 440 366 580
person 0.992174 1171 413 1222 515
person 0.986484 1434 366 1471 454
person 0.985332 1095 418 1135 524
person 0.983966 995 398 1050 490
person 0.983947 1663 382 1707 498
person 0.983624 1542 372 1594 464
person 0.968802 197 413 233 494
person 0.967617 112 426 163 542
person 0.967521 1237 449 1303 570
person 0.945068 804 390 838 471
person 0.928010 23 414 63 486
person 0.920030 0 508 33 677
person 0.916498 893 405 937 497
person 0.841030 1746 351 1785 422
person 0.835351 592 369 620 450
person 0.820927 295 345 321 376
person 0.817686 379 289 1850 453
person 0.761270 1521 347 1549 392
person 0.701352 563 331 576 353
person 0.681724 1103 345 1126 395
person 0.677505 1077 342 1099 395
person 0.458189 1486 357 1511 383
person 0.432325 598 399 619 442
person 0.407440 342 332 361 360
person 0.386420 1840 298 1864 344
person 0.378850 415 333 430 360
person 0.377178 1791 299 1813 347
person 0.345601 937 314 949 338
person 0.340791 1818 300 1837 345
person 0.339014 853 313 863 334
person 0.283003 1196 341 1223 396
