person 0.995685 1098 414 1137 528
person 0.992145 1178 412 1229 514
person 0.990310 321 435 368 584
person 0.989872 1664 381 1713 499
person 0.984635 1439 365 1475 452
person 0.984011 1257 448 1312 569
person 0.970701 114 429 164 539
person 0.969508 1545 371 1598 463
person 0.966769 198 413 233 494
person 0.964727 1018 400 1060 492
person 0.956359 0 503 32 688
person 0.947950 905 405 951 497
person 0.935568 24 414 62 486
person 0.914925 809 388 841 473
person 0.792728 593 368 621 449
person 0.768863 295 343 322 376
person 0.759835 1748 351 1787 421
person 0.709418 1078 342 1100 395
person 0.703875 1104 344 1126 395
person 0.688435 392 290 1827 456
person 0.542416 563 329 575 349
person 0.533294 1527 353 1554 405
person 0.471845 600 402 621 440
person 0.426762 1840 299 1864 344
person 0.387806 1486 357 1511 382
person 0.374761 936 312 948 337
person 0.372319 853 313 863 334
person 0.370556 413 333 427 361
person 0.333619 1815 301 1835 343
person 0.321583 1791 300 1813 345
person 0.317862 342 331 360 360
person 0.285004 1731 285 1750 324
person 0.996337 1097 414 1143 530
person 0.993795 1666 381 1717 500
person 0.991133 323 434 368 589
person 0.990651 1180 408 1235 516
person 0.987228 1023 399 1064 495
person 0.983059 1443 365 1481 453
person 0.971022 116 430 164 540
person 0.970508 911 404 954 491
person 0.956310 1555 370 1599 455
person 0.950055 1273 451 1322 566
person 0.946570 26 414 66 484
person 0.943428 200 414 233 493
person 0.941489 0 512 37 680
person 0.828397 595 369 622 450
person 0.812330 1756 348 1796 422
person 0.808336 817 388 847 473
person 0.773135 403 288 1816 461
person 0.752070 1078 342 1100 395
person 0.740760 295 343 322 375
person 0.739481 1104 344 1126 395
person 0.578886 1530 351 1557 407
person 0.520916 1839 297 1866 346
person 0.484547 563 328 576 351
person 0.408277 1487 357 1512 381
person 0.385375 600 398 621 441
person 0.349043 1791 298 1814 345
person 0.346969 1301 317 1322 366
person 0.334286 852 314 863 334
person 0.329887 1813 300 1834 345
person 0.326713 341 331 360 361
person 0.323118 1731 283 1751 327
person 0.319813 937 312 949 337
person 0.294356 413 334 428 361
