person 0.994611 324 433 370 589
person 0.993793 1099 412 1148 527
person 0.993487 1666 383 1720 502
person 0.987787 1029 401 1074 493
person 0.983387 914 404 964 497
person 0.977936 1181 409 1239 515
person 0.973545 117 424 165 541
person 0.973361 1448 366 1481 449
person 0.960781 1281 450 1333 569
person 0.955592 28 411 69 483
person 0.941412 0 517 41 677
person 0.926298 200 414 233 493
person 0.905143 1557 369 1600 453
person 0.896671 597 369 624 451
person 0.864405 1762 359 1794 417
person 0.790883 821 388 852 473
person 0.771658 402 289 1810 456
person 0.748512 297 343 324 374
person 0.715718 1104 344 1126 395
person 0.684506 1078 342 1101 394
person 0.555250 1534 344 1560 393
person 0.525770 1839 298 1866 348
person 0.442614 1485 357 1511 381
person 0.357653 342 332 360 361
person 0.333315 602 398 623 441
person 0.346986 1301 317 1322 365
person 0.327115 414 333 429 361
person 0.327229 938 312 950 336
person 0.325554 1732 282 1752 328
person 0.321395 564 329 577 350
person 0.316698 1791 298 1814 346
person 0.316436 853 314 863 334
person 0.291090 1813 300 1833 345
person 0.267811 1737 294 1759 343
person 0.993843 327 428 371 593
person 0.993390 1675 384 1729 499
person 0.990625 1105 413 1154 526
person 0.987648 1037 398 1083 495
person 0.987579 1284 446 1349 576
person 0.983455 921 402 975 497
person 0.980721 1452 364 1486 454
person 0.974649 117 427 165 540
person 0.973292 1191 405 1257 514
person 0.954950 208 412 243 495
person 0.914869 829 389 856 474
person 0.900342 0 513 48 680
person 0.897169 30 413 72 482
person 0.891273 1572 369 1611 454
person 0.863137 1766 358 1797 415
person 0.858679 599 369 627 450
person 0.756653 299 343 324 375
person 0.730582 1104 345 1127 395
person 0.729423 418 288 1797 453
person 0.678859 1078 342 1101 394
person 0.677425 1545 358 1588 454
person 0.553131 1839 297 1867 350
person 0.448919 604 398 627 443
person 0.427787 413 332 428 360
person 0.423361 1299 316 1321 365
person 0.409299 939 314 950 337
person 0.372438 1790 296 1815 350
person 0.370937 853 314 862 334
person 0.364364 1484 357 1509 380
person 0.362230 1731 281 1754 330
person 0.338554 569 328 581 350
person 0.338572 1334 317 1355 364
person 0.338280 342 333 359 360
person 0.290649 1813 299 1835 348
person 0.272796 1255 317 1276 371
person 0.266537 1737 293 1760 342
