person 0.994982 328 421 373 598
person 0.993031 1677 386 1733 498
person 0.985156 1038 398 1088 494
person 0.983002 1112 413 1159 523
person 0.976842 208 412 245 495
person 0.969789 1288 442 1362 577
person 0.962691 1453 363 1489 454
person 0.960502 922 400 978 494
person 0.959730 117 425 166 540
person 0.952205 1577 368 1612 453
person 0.908960 33 412 74 483
person 0.895779 598 371 630 450
person 0.886898 0 521 70 678
person 0.880812 1194 405 1261 516
person 0.874650 1764 344 1803 423
person 0.864361 832 387 858 475
person 0.795687 300 343 324 374
person 0.714805 400 286 1818 450
person 0.688073 1839 297 1867 350
person 0.663361 1104 344 1127 394
person 0.632397 1542 356 1581 454
person 0.509731 1078 341 1101 393
person 0.434102 568 327 579 349
person 0.419292 413 332 428 361
person 0.414715 342 332 359 361
person 0.408142 1301 317 1322 366
person 0.403658 1733 282 1755 328
person 0.378543 854 315 863 334
person 0.378306 940 315 952 337
person 0.359188 1334 318 1356 364
person 0.354859 1812 299 1833 348
person 0.345104 1254 317 1276 372
person 0.336577 1790 298 1813 345
person 0.322382 1542 343 1567 395
person 0.273619 1741 297 1760 339
person 0.996398 1681 388 1740 498
person 0.992614 330 429 377 593
person 0.991750 1118 413 1160 522
person 0.984981 1050 396 1098 487
person 0.978735 943 396 991 495
person 0.976743 210 412 244 494
person 0.972329 1581 365 1619 452
person 0.961461 600 372 633 450
person 0.960587 0 520 80 676
person 0.949651 117 424 165 540
person 0.947063 1200 405 1265 513
person 0.938481 1289 443 1382 574
person 0.938053 1461 356 1504 450
person 0.882590 35 412 75 482
person 0.799132 298 341 324 374
person 0.783564 837 387 867 472
person 0.771620 1770 342 1811 422
person 0.720480 1839 296 1867 351
person 0.692581 589 281 1919 445
person 0.676234 1104 343 1127 395
person 0.574623 1078 341 1100 393
person 0.555960 1544 343 1571 396
person 0.488328 568 326 580 348
person 0.486431 853 315 862 334
person 0.431795 843 401 865 452
person 0.413537 940 314 952 336
person 0.378620 340 332 359 362
person 0.343217 1812 298 1834 349
person 0.320772 1791 296 1815 348
person 0.319708 413 332 428 361
person 0.318900 1542 354 1582 452
person 0.292910 1301 316 1323 364
person 0.275020 839 316 849 334
person 0.272869 1252 317 1275 371
person 0.260333 1734 284 1755 324
