person 0.997256 1682 386 1742 498
person 0.992604 333 425 378 594
person 0.985557 959 394 992 496
person 0.980466 1588 365 1627 450
person 0.968759 1217 403 1267 499
person 0.965848 1059 394 1106 483
person 0.963369 1293 448 1396 571
person 0.959940 1464 355 1506 450
person 0.958893 214 412 245 495
person 0.957910 601 373 635 449
person 0.950287 2 521 81 674
person 0.949895 1116 414 1164 520
person 0.943845 36 413 78 483
person 0.943143 118 424 168 539
person 0.923716 838 386 868 474
person 0.841278 1776 343 1813 423
person 0.734756 299 342 324 374
person 0.731930 1839 297 1868 351
person 0.678900 591 285 1919 448
person 0.629658 1077 342 1100 392
person 0.577754 1104 344 1127 392
person 0.512303 1544 343 1582 433
person 0.468866 569 325 581 347
person 0.456231 1549 343 1577 392
person 0.412377 853 316 862 334
person 0.397559 1791 296 1815 351
person 0.355996 414 331 429 361
person 0.337964 1813 298 1835 350
person 0.319812 342 333 359 361
person 0.310503 1302 316 1323 366
person 0.288986 941 315 952 333
person 0.998244 1682 387 1749 498
person 0.992036 1590 363 1632 455
person 0.991920 967 395 1003 494
person 0.989882 337 431 383 587
person 0.986406 212 411 247 496
person 0.979276 1127 417 1173 515
person 0.978777 1299 445 1405 576
person 0.970008 602 372 637 449
person 0.966869 130 427 177 542
person 0.965906 1220 402 1274 517
person 0.964034 1067 396 1112 483
person 0.958209 37 412 81 483
person 0.957072 1464 356 1508 448
person 0.938239 5 521 87 672
person 0.913648 842 385 872 472
person 0.838640 1779 344 1817 422
person 0.767491 299 342 324 375
person 0.712134 1839 296 1868 352
person 0.710528 1552 342 1581 394
person 0.687252 1076 343 1098 392
person 0.619922 369 288 1842 445
person 0.539138 1104 344 1126 392
person 0.494329 853 314 862 333
person 0.469459 569 325 580 347
person 0.395225 42 426 71 471
person 0.401202 1790 296 1815 352
person 0.367038 342 333 360 360
person 0.349590 413 332 428 358
person 0.339479 941 314 952 333
person 0.320930 1814 298 1837 351
person 0.274304 840 316 849 334
