person 0.998329 1689 384 1752 499
person 0.988461 214 411 250 496
person 0.987853 340 433 384 587
person 0.986716 1132 416 1174 518
person 0.984119 1598 364 1634 451
person 0.976204 971 396 1010 496
person 0.973080 130 426 178 541
person 0.971011 1466 355 1511 446
person 0.959649 1080 395 1118 485
person 0.952889 1237 406 1284 518
person 0.950818 604 372 637 449
person 0.945551 37 411 84 483
person 0.932011 1319 445 1421 582
person 0.918781 12 512 67 676
person 0.857531 845 384 876 471
person 0.854996 1554 342 1588 422
person 0.817099 1788 354 1818 415
person 0.798235 1074 342 1096 393
person 0.763019 298 342 324 374
person 0.681680 595 285 1918 445
person 0.595899 1840 297 1867 350
person 0.506129 412 333 428 361
person 0.481348 568 325 580 347
person 0.464219 853 314 863 333
person 0.463689 1104 344 1125 394
person 0.393327 343 333 362 361
person 0.359744 1790 297 1814 349
person 0.349961 941 314 952 334
person 0.331282 1735 283 1755 327
person 0.310423 1232 359 1257 401
person 0.297717 1302 317 1323 365
person 0.292216 1813 298 1835 348
person 0.255779 42 426 72 471
person 0.256049 839 315 849 333
person 0.998925 1696 384 1758 498
person 0.991677 1134 416 1175 516
person 0.989407 215 412 253 495
person 0.980066 981 399 1026 490
person 0.979865 340 428 385 591
person 0.976274 132 429 178 542
person 0.971597 1351 447 1416 564
person 0.966536 1599 367 1637 453
person 0.963609 13 512 66 679
person 0.962796 1237 406 1286 517
person 0.952997 41 414 86 484
person 0.940277 1470 357 1510 445
person 0.932575 604 373 638 450
person 0.865429 1086 396 1122 485
person 0.855537 1561 342 1587 394
person 0.801014 1074 342 1096 394
person 0.790546 848 384 881 467
person 0.785650 299 342 324 374
person 0.712316 598 284 1910 450
person 0.674870 1793 357 1820 418
person 0.617515 1104 343 1126 395
person 0.565645 1839 297 1867 351
person 0.482519 568 324 579 347
person 0.437974 413 333 428 360
person 0.415502 853 313 862 333
person 0.365146 344 333 362 361
person 0.337883 941 313 952 334
person 0.307796 1236 363 1259 402
person 0.267447 45 429 71 469
person 0.286982 1789 297 1815 352
person 0.284869 1303 319 1321 364
