person 0.991908 1766 262 1818 375
person 0.991672 236 280 287 407
person 0.989679 1523 279 1584 432
person 0.985717 1661 411 1786 605
person 0.983192 672 269 722 388
person 0.974063 529 255 569 362
person 0.963619 1132 208 1171 294
person 0.944039 1659 229 1706 328
person 0.938044 1050 317 1106 456
person 0.928387 1772 400 1899 609
person 0.889664 1330 232 1376 333
person 0.887750 561 160 582 192
person 0.833971 535 163 553 194
person 0.770998 1274 309 1320 468
person 0.759551 491 168 507 195
person 0.618669 1087 211 1119 304
person 0.601973 437 166 462 202
person 0.564651 819 161 830 180
person 0.472022 1769 187 1802 238
person 0.435104 1268 205 1302 286
person 0.412763 428 166 447 198
person 0.401387 1104 214 1138 291
person 0.365470 371 166 392 199
person 0.320974 1293 228 1331 328
person 0.296157 311 167 326 196
person 0.257654 1663 168 1690 227
person 0.995731 236 280 290 411
person 0.992344 1525 282 1586 433
person 0.985124 1773 261 1819 374
person 0.977802 672 270 722 388
person 0.974550 523 252 570 365
person 0.966018 1664 421 1790 606
person 0.932146 1131 209 1169 293
person 0.916035 1663 229 1706 329
person 0.911359 1270 311 1336 477
person 0.900535 1055 311 1111 461
person 0.894798 561 159 581 192
person 0.854214 1328 232 1373 332
person 0.842280 535 163 553 193
person 0.802599 1775 399 1903 577
person 0.733608 492 168 508 195
person 0.607983 438 167 462 202
person 0.582757 820 161 831 181
person 0.553884 1767 187 1802 238
person 0.548393 1105 214 1140 291
person 0.518892 1087 213 1120 303
person 0.516693 1298 232 1336 325
person 0.507624 371 178 389 203
person 0.466280 1266 205 1299 286
person 0.317820 1 263 23 291
person 0.292553 428 168 444 195
person 0.283963 1040 145 1051 165
person 0.269184 1299 235 1328 287
