person 0.998617 1696 382 1759 500
person 0.994265 984 395 1038 496
person 0.992106 217 411 254 495
person 0.991739 1241 406 1295 517
person 0.985831 39 412 87 485
person 0.983764 1139 413 1180 520
person 0.982351 16 510 67 680
person 0.981630 1366 446 1424 570
person 0.977064 131 421 182 543
person 0.951018 605 371 638 448
person 0.946971 346 435 384 586
person 0.945842 1097 395 1129 492
person 0.927107 1609 370 1646 451
person 0.916296 1474 357 1512 445
person 0.869028 1799 353 1828 417
person 0.867530 853 387 888 470
person 0.789616 1076 342 1099 394
person 0.755584 297 342 323 375
person 0.742773 1564 342 1588 397
person 0.677774 395 286 1818 452
person 0.660145 1105 344 1126 393
person 0.621676 1839 296 1867 353
person 0.443756 569 326 581 347
person 0.421512 412 332 427 359
person 0.403919 1788 297 1814 354
person 0.352309 853 314 862 333
person 0.335615 1300 314 1322 366
person 0.333388 941 314 952 335
person 0.324465 343 333 361 361
person 0.311657 1736 281 1758 328
person 0.284239 1813 298 1836 352
person 0.270224 1200 341 1225 391
person 0.993913 990 394 1054 495
person 0.993000 20 510 72 681
person 0.991718 1697 384 1762 501
person 0.991533 218 412 256 495
person 0.987827 1381 448 1435 567
person 0.984147 1142 409 1190 523
person 0.979990 1612 371 1652 451
person 0.978598 133 423 183 543
person 0.976502 44 413 88 485
person 0.976152 1246 405 1301 516
person 0.969294 1101 397 1143 489
person 0.943040 1804 355 1835 417
person 0.933883 351 423 394 597
person 0.916533 1479 356 1517 446
person 0.915440 606 370 639 449
person 0.796456 296 342 323 375
person 0.785108 863 398 887 457
person 0.672698 1567 343 1597 423
person 0.670977 586 282 1919 446
person 0.630274 1078 342 1101 395
person 0.584567 1838 297 1868 352
person 0.544953 1105 343 1126 390
person 0.526262 411 332 427 359
person 0.460474 570 326 581 347
person 0.383113 1300 312 1323 367
person 0.370015 1788 297 1814 353
person 0.345921 344 334 362 359
person 0.335692 853 314 862 333
person 0.270974 941 313 952 335
