person 0.997107 992 392 1062 494
person 0.995945 1389 446 1447 567
person 0.995365 1714 390 1769 496
person 0.994949 26 497 75 692
person 0.990886 218 412 256 495
person 0.987394 1142 411 1194 522
person 0.985931 1255 401 1309 506
person 0.985636 43 414 90 486
person 0.980472 1614 369 1661 452
person 0.978271 352 414 395 600
person 0.961471 1806 360 1842 414
person 0.948453 134 422 185 545
person 0.919272 1484 355 1520 445
person 0.883030 1108 396 1153 489
person 0.851906 864 390 896 472
person 0.794350 298 343 323 374
person 0.708403 593 280 1913 447
person 0.681288 607 371 638 448
person 0.673066 1839 297 1869 352
person 0.601372 1568 341 1599 422
person 0.554977 1078 342 1101 394
person 0.553473 411 332 426 361
person 0.487370 1105 344 1125 389
person 0.459791 1789 296 1814 353
person 0.456640 568 326 579 346
person 0.441074 345 465 385 578
person 0.389358 619 382 644 436
person 0.399656 343 333 362 361
person 0.352573 1299 312 1322 367
person 0.320131 1809 298 1833 352
person 0.306086 854 314 863 334
person 0.279067 1199 340 1227 393
person 0.265992 1738 285 1757 321
person 0.997258 1393 441 1457 570
person 0.995902 28 494 78 691
person 0.994571 1723 391 1771 496
person 0.993290 220 411 259 495
person 0.983821 1009 393 1071 498
person 0.981532 1141 405 1193 520
person 0.981150 1616 366 1671 455
person 0.979902 353 423 398 596
person 0.979343 45 412 90 485
person 0.972546 135 424 186 544
person 0.968070 1260 399 1314 507
person 0.925882 1808 364 1847 415
person 0.911789 1487 355 1523 445
person 0.782925 297 342 322 375
person 0.767426 614 370 647 449
person 0.679136 1577 339 1603 398
person 0.669478 583 283 1919 446
person 0.653709 1103 344 1125 393
person 0.642352 1077 343 1099 394
person 0.612293 1840 298 1870 351
person 0.574284 1111 398 1158 485
person 0.540134 868 389 895 471
person 0.492787 412 332 427 360
person 0.447256 1259 362 1281 404
person 0.428787 1789 297 1815 353
person 0.392780 569 326 579 346
person 0.347804 1299 312 1322 365
person 0.332252 881 399 902 460
person 0.330958 343 333 361 361
person 0.305442 1809 299 1832 351
