person 0.996197 28 495 80 688
person 0.992405 222 411 263 495
person 0.991741 1133 401 1197 520
person 0.991362 1726 386 1774 496
person 0.989478 355 417 399 601
person 0.986702 1624 362 1676 454
person 0.986377 1029 395 1070 498
person 0.977107 1383 442 1475 576
person 0.974458 1272 397 1326 502
person 0.972349 49 412 88 485
person 0.953916 136 420 190 546
person 0.839890 1491 355 1525 444
person 0.797167 877 388 905 473
person 0.791105 606 369 640 448
person 0.782431 1811 360 1850 413
person 0.741871 1103 345 1126 394
person 0.725125 1579 338 1606 400
person 0.711507 298 343 323 375
person 0.684300 1076 343 1098 393
person 0.673354 385 286 1833 452
person 0.600753 1840 297 1869 350
person 0.513183 1296 309 1321 368
person 0.502918 412 333 428 361
person 0.471291 569 326 580 347
person 0.454161 1264 361 1289 405
person 0.391569 1790 297 1814 351
person 0.360632 1199 341 1227 391
person 0.323889 344 333 361 360
person 0.287102 1741 297 1763 347
person 0.284061 1810 298 1831 346
person 0.996810 32 489 85 694
person 0.995982 1140 403 1203 519
person 0.995141 1730 386 1780 495
person 0.991427 225 411 266 495
person 0.988792 1280 394 1334 505
person 0.988087 358 426 402 593
person 0.987896 1627 362 1679 455
person 0.977220 1039 396 1084 497
person 0.974519 138 419 196 549
person 0.965415 48 413 90 485
person 0.934540 1393 441 1492 573
person 0.843770 615 369 646 448
person 0.809531 1500 356 1535 439
person 0.785208 880 386 907 473
person 0.778429 1102 345 1127 396
person 0.768384 1816 358 1855 413
person 0.755282 1580 340 1611 417
person 0.729721 1075 343 1097 393
person 0.706859 298 343 323 376
person 0.617298 382 287 1830 453
person 0.551527 569 327 581 350
person 0.525225 1841 298 1869 348
person 0.520493 412 333 427 360
person 0.452129 1296 310 1321 368
person 0.410504 1270 361 1293 403
person 0.347364 1791 297 1815 351
person 0.341216 1199 342 1227 389
person 0.295071 343 333 361 360
person 0.277576 1809 299 1830 346
person 0.257029 611 384 633 429
