person 0.996716 34 496 92 688
person 0.993099 1734 384 1786 494
person 0.991807 227 412 269 494
person 0.990501 1142 405 1206 519
person 0.989503 361 427 403 592
person 0.985181 1628 361 1681 457
person 0.984291 1291 393 1342 501
person 0.980268 138 421 199 546
person 0.954454 1415 436 1492 567
person 0.936849 51 412 89 486
person 0.915000 1504 355 1535 440
person 0.912561 617 367 646 450
person 0.882771 1050 395 1097 493
person 0.766751 297 343 322 376
person 0.766842 1103 345 1128 395
person 0.726046 1586 339 1610 401
person 0.687159 888 395 910 458
person 0.662154 1821 356 1857 414
person 0.616561 1077 344 1100 390
person 0.603823 389 288 1829 452
person 0.598947 569 327 581 349
person 0.511661 413 331 429 359
person 0.498322 1840 297 1869 350
person 0.411421 341 331 361 361
person 0.393482 1295 310 1320 371
person 0.338375 1790 298 1815 352
person 0.320005 1271 364 1296 407
person 0.316283 1267 386 1291 417
person 0.304098 1253 316 1275 372
person 0.279969 1742 300 1764 347
person 0.268221 1808 299 1830 347
person 0.257207 368 421 401 523
person 0.995674 36 496 95 691
person 0.993670 361 421 406 596
person 0.988463 229 410 269 495
person 0.987406 140 420 203 546
person 0.983233 1643 365 1691 450
person 0.980073 1054 399 1103 493
person 0.973109 1154 404 1216 521
person 0.964828 1737 381 1790 495
person 0.954620 1438 437 1503 568
person 0.940978 50 411 90 485
person 0.929213 1301 396 1343 495
person 0.909407 886 387 915 473
person 0.901407 1506 355 1538 438
person 0.893127 616 368 647 448
person 0.807023 1103 344 1127 395
person 0.760538 299 344 323 375
person 0.742202 1825 344 1876 413
person 0.681566 370 289 1840 451
person 0.678842 1583 338 1614 419
person 0.619243 1079 343 1102 391
person 0.543485 569 325 582 348
person 0.505238 1839 296 1867 348
person 0.468883 414 332 429 360
person 0.433645 343 332 361 362
person 0.361724 1252 316 1273 373
person 0.352513 1808 299 1830 349
person 0.324364 1790 299 1814 352
person 0.322135 1743 299 1767 350
person 0.295811 1294 314 1319 372
