person 0.996818 365 422 412 594
person 0.992044 1161 405 1214 520
person 0.989282 1649 363 1696 453
person 0.987555 144 421 206 544
person 0.987300 1064 399 1113 489
person 0.987051 232 411 270 495
person 0.982168 38 502 99 682
person 0.971664 1315 397 1352 495
person 0.959360 1460 445 1506 562
person 0.953610 890 387 921 474
person 0.950644 1751 384 1799 492
person 0.912263 618 367 649 450
person 0.880152 58 410 94 485
person 0.871307 1512 354 1542 439
person 0.838672 299 344 324 376
person 0.812547 1593 341 1615 398
person 0.711541 1836 356 1871 411
person 0.681733 355 291 1868 443
person 0.651967 1076 345 1099 391
person 0.619336 569 327 583 351
person 0.610393 1103 344 1127 395
person 0.497403 1252 317 1273 374
person 0.484603 342 332 361 361
person 0.481927 1839 296 1868 350
person 0.460822 414 330 430 359
person 0.341050 1175 386 1209 430
person 0.323369 1807 299 1829 349
person 0.287606 68 427 91 472
person 0.315721 1481 359 1500 381
person 0.303177 1789 300 1814 351
person 0.300928 942 314 952 335
person 0.268623 1745 298 1768 351
person 0.262328 852 314 861 333
person 0.994281 1166 409 1219 517
person 0.993880 1655 361 1701 454
person 0.993500 365 424 413 595
person 0.989514 46 503 108 685
person 0.986941 144 423 209 544
person 0.985565 1321 395 1360 497
person 0.981857 1758 385 1801 481
person 0.980818 1067 397 1125 489
person 0.974502 234 411 271 496
person 0.973900 1470 439 1515 568
person 0.964910 894 386 925 473
person 0.918861 1517 354 1546 440
person 0.918777 621 368 651 449
person 0.903270 59 411 94 486
person 0.897079 1842 358 1875 413
person 0.828794 299 345 324 376
person 0.796358 1597 341 1618 397
person 0.765716 1075 345 1097 391
person 0.683880 368 291 1861 444
person 0.594119 570 326 584 350
person 0.513414 1250 315 1275 378
person 0.469254 414 332 430 360
person 0.459467 343 333 361 361
person 0.442561 1838 296 1870 350
person 0.310722 69 429 91 471
person 0.351452 1482 359 1501 381
person 0.330347 1104 345 1126 392
person 0.329649 943 314 953 335
person 0.304695 897 398 919 454
person 0.292557 375 426 406 513
person 0.278913 1292 362 1317 404
person 0.268038 853 315 862 333
person 0.256095 1289 301 1325 391
