person 0.995571 368 418 415 597
person 0.990084 1667 358 1707 450
person 0.989583 146 424 211 542
person 0.988618 46 502 112 685
person 0.987920 1478 438 1529 572
person 0.987567 1172 410 1224 515
person 0.980576 1327 395 1369 503
person 0.970708 1760 389 1809 490
person 0.964230 1082 394 1142 485
person 0.958938 620 368 653 449
person 0.937909 235 413 272 494
person 0.905037 59 410 96 485
person 0.901502 898 386 928 474
person 0.897484 1848 353 1879 413
person 0.859528 1598 341 1621 399
person 0.808761 1522 353 1551 444
person 0.805839 301 344 324 375
person 0.748619 1077 346 1099 392
person 0.699890 367 290 1857 442
person 0.590717 1103 345 1126 394
person 0.559500 571 326 585 350
person 0.534387 1251 315 1276 379
person 0.432315 70 430 93 469
person 0.460834 1839 297 1868 350
person 0.445369 342 332 360 362
person 0.403370 414 332 430 360
person 0.361123 1484 359 1504 380
person 0.327718 943 314 954 337
person 0.306217 900 399 921 453
person 0.278091 853 315 862 334
person 0.252370 1807 299 1831 350
person 0.993128 370 431 416 590
person 0.990671 44 515 125 671
person 0.990610 1176 408 1226 519
person 0.985334 1096 394 1141 487
person 0.983242 145 425 212 540
person 0.981593 1675 357 1710 450
person 0.976070 1487 439 1546 567
person 0.970348 1334 396 1381 503
person 0.965260 1767 384 1816 494
person 0.948249 621 369 654 450
person 0.914213 61 410 97 485
person 0.906852 236 412 271 493
person 0.868244 1852 350 1882 411
person 0.857370 901 386 930 470
person 0.810777 300 345 323 376
person 0.729242 1078 344 1101 395
person 0.720438 1207 380 1249 477
person 0.714302 576 287 1919 438
person 0.698564 1602 347 1628 409
person 0.683182 1104 345 1126 395
person 0.650966 1526 356 1553 421
person 0.562178 570 327 583 350
person 0.510747 71 427 94 471
person 0.469227 1251 315 1276 378
person 0.466553 344 333 362 361
person 0.451503 1840 298 1868 347
person 0.364200 414 332 430 359
person 0.335077 1484 359 1506 380
person 0.300484 379 424 408 511
person 0.294238 852 314 861 333
person 0.274588 943 315 954 337
person 0.251629 1807 299 1831 349
