person 0.995867 43 517 135 670
person 0.992560 1178 408 1227 518
person 0.987332 374 430 418 590
person 0.981914 1680 357 1723 451
person 0.978973 1114 391 1152 491
person 0.977599 146 426 212 540
person 0.971886 1492 430 1554 575
person 0.968161 1335 395 1387 508
person 0.960356 622 370 657 450
person 0.956450 1776 381 1823 498
person 0.920165 62 412 98 485
person 0.900752 1857 349 1888 412
person 0.873195 236 413 272 493
person 0.850079 299 345 322 376
person 0.839908 1221 381 1253 473
person 0.743013 575 293 1919 438
person 0.712761 1526 357 1557 418
person 0.677691 1105 346 1125 393
person 0.675994 903 386 931 468
person 0.657732 1603 340 1633 401
person 0.619010 1079 346 1101 393
person 0.601472 569 328 583 350
person 0.590008 343 332 361 360
person 0.496471 630 383 654 433
person 0.453356 415 332 430 360
person 0.391678 1251 315 1276 379
person 0.377273 1483 358 1507 382
person 0.356901 1840 299 1868 346
person 0.342215 917 398 939 455
person 0.277693 852 314 861 333
person 0.275396 383 425 412 514
person 0.259123 281 346 298 374
person 0.995705 45 517 140 670
person 0.993995 1687 356 1724 450
person 0.993271 1183 408 1232 518
person 0.990946 375 433 420 586
person 0.983141 1346 391 1401 506
person 0.970286 147 424 210 540
person 0.965288 1775 380 1828 497
person 0.948584 624 371 659 449
person 0.944597 1120 392 1156 489
person 0.933743 62 412 100 485
person 0.911338 1498 433 1566 570
person 0.876558 1859 350 1891 412
person 0.843710 911 386 942 468
person 0.834749 243 412 279 493
person 0.811559 1530 354 1562 445
person 0.807844 299 345 323 376
person 0.797883 1232 379 1263 470
person 0.762807 584 292 1919 439
person 0.603333 1104 346 1124 393
person 0.602397 1081 352 1102 401
person 0.590762 1605 339 1635 402
person 0.555535 342 331 360 361
person 0.504188 1312 358 1336 410
person 0.471972 570 328 582 351
person 0.381983 1483 357 1508 382
person 0.359906 415 332 431 361
person 0.331570 1841 299 1869 346
person 0.291735 1252 315 1276 375
person 0.272065 852 314 861 333
person 0.266656 280 346 298 374
