person 0.996451 49 516 144 669
person 0.992499 1190 407 1229 521
person 0.991473 1690 357 1729 454
person 0.987723 1349 391 1412 502
person 0.986584 380 436 419 583
person 0.979475 1129 392 1169 491
person 0.954954 163 435 219 541
person 0.951486 1781 381 1828 486
person 0.940630 623 372 660 449
person 0.915231 64 412 101 486
person 0.897081 244 413 281 494
person 0.896925 914 386 943 469
person 0.887426 1498 417 1587 563
person 0.869966 1608 341 1648 411
person 0.823533 298 346 323 377
person 0.804975 1238 380 1267 469
person 0.772789 583 290 1919 441
person 0.745254 1861 352 1894 415
person 0.696593 1529 355 1563 440
person 0.563372 342 331 360 361
person 0.526839 569 330 582 351
person 0.518298 1080 352 1101 401
person 0.446851 630 384 655 432
person 0.504787 1104 347 1126 395
person 0.480469 153 417 198 525
person 0.365356 415 334 430 361
person 0.320658 1313 358 1340 408
person 0.297534 1482 358 1508 382
person 0.274062 1200 343 1224 388
person 0.996167 51 517 148 667
person 0.992579 1351 387 1422 500
person 0.992508 1190 407 1234 522
person 0.981633 1694 360 1737 450
person 0.980392 1137 394 1182 487
person 0.974624 383 444 420 577
person 0.973403 1790 378 1842 485
person 0.967424 164 437 219 540
person 0.963799 1243 376 1279 474
person 0.959825 243 411 282 495
person 0.957563 65 413 104 486
person 0.955034 625 370 663 449
person 0.898513 917 386 945 471
person 0.856655 298 346 323 377
person 0.811044 1610 341 1651 411
person 0.789035 1512 418 1605 564
person 0.761415 580 288 1919 445
person 0.660892 1534 353 1575 430
person 0.579808 1875 358 1906 410
person 0.567897 1320 361 1351 408
person 0.566592 1080 352 1101 401
person 0.564076 342 331 361 361
person 0.535120 1103 349 1126 403
person 0.505744 569 330 581 351
person 0.303144 633 387 655 426
person 0.309012 153 418 197 520
person 0.306894 416 334 431 362
person 0.265380 1481 358 1509 382
