person 0.993117 53 518 150 668
person 0.992551 1796 380 1848 481
person 0.990902 1185 408 1241 519
person 0.990378 1358 388 1430 495
person 0.988784 1703 362 1744 451
person 0.985389 245 410 283 497
person 0.983294 384 437 422 580
person 0.975262 64 413 106 487
person 0.970824 1250 377 1290 473
person 0.957880 166 438 221 538
person 0.951136 922 386 948 474
person 0.940995 627 371 664 450
person 0.899971 1517 421 1609 565
person 0.873370 1137 399 1194 488
person 0.815328 299 345 323 375
person 0.793691 1539 353 1576 432
person 0.760812 590 287 1919 443
person 0.734972 1616 339 1655 414
person 0.603602 342 332 360 363
person 0.577463 1327 361 1356 409
person 0.550953 1080 351 1102 401
person 0.539113 570 329 582 351
person 0.531846 1882 357 1913 409
person 0.473040 154 418 197 517
person 0.465429 1104 350 1128 402
person 0.284979 633 386 658 429
person 0.319812 279 348 297 375
person 0.314787 416 334 431 363
person 0.265387 75 429 100 471
person 0.992714 57 515 155 671
person 0.988787 1799 375 1852 479
person 0.988729 247 409 284 496
person 0.984977 388 435 429 587
person 0.969465 1709 363 1748 449
person 0.954907 1384 389 1436 501
person 0.951978 1179 407 1241 519
person 0.951821 68 411 106 486
person 0.934260 629 371 664 450
person 0.930020 1554 436 1609 548
person 0.924336 171 435 219 537
person 0.923425 927 383 953 474
person 0.922114 1258 376 1303 470
person 0.837293 1540 355 1577 438
person 0.809587 598 287 1919 450
person 0.803383 299 345 322 376
person 0.797737 1618 338 1655 416
person 0.658453 1334 358 1361 405
person 0.637690 1138 399 1200 487
person 0.590704 158 420 196 511
person 0.557979 1079 350 1102 402
person 0.516454 1884 364 1915 408
person 0.526400 343 333 361 361
person 0.467797 569 330 581 350
person 0.430140 1102 349 1127 403
person 0.351973 633 383 658 432
person 0.292462 416 334 431 362
