person 0.990900 248 409 285 496
person 0.990298 63 513 156 671
person 0.982889 388 440 432 581
person 0.982053 1397 392 1442 502
person 0.979994 931 383 959 475
person 0.976333 66 412 107 488
person 0.976014 1809 376 1859 480
person 0.973426 1570 437 1621 541
person 0.965490 1718 361 1759 452
person 0.942356 630 370 665 450
person 0.942250 174 433 222 535
person 0.925684 1543 355 1580 437
person 0.887682 1167 401 1243 517
person 0.810385 1265 377 1308 463
person 0.792609 597 286 1919 450
person 0.781014 298 345 323 375
person 0.715301 1630 340 1660 397
person 0.705273 159 419 196 508
person 0.698022 1078 349 1102 403
person 0.583119 1103 348 1127 403
person 0.525448 342 331 361 362
person 0.492934 1341 357 1365 403
person 0.438438 633 382 658 433
person 0.458584 570 331 583 353
person 0.407948 1891 362 1916 405
person 0.321720 1200 405 1248 502
person 0.316145 1251 320 1271 372
person 0.273992 75 427 100 472
person 0.294619 278 348 296 374
person 0.275763 1483 359 1508 383
person 0.271425 941 317 952 337
person 0.253743 43 297 1333 449
person 0.991766 249 409 284 497
person 0.988258 85 513 141 670
person 0.987645 389 437 436 582
person 0.983773 67 413 109 488
person 0.979059 1721 361 1762 450
person 0.977300 1402 393 1452 506
person 0.971622 1815 376 1863 476
person 0.969585 1580 435 1630 549
person 0.957969 1194 407 1254 514
person 0.944539 935 382 963 474
person 0.942755 631 370 668 450
person 0.896809 179 432 223 538
person 0.851386 1549 350 1584 434
person 0.800687 298 345 322 375
person 0.792583 1277 377 1316 468
person 0.736577 1079 349 1102 402
person 0.722939 357 292 1877 451
person 0.716417 160 419 195 507
person 0.656872 1633 338 1661 398
person 0.611245 1103 348 1126 403
person 0.575294 570 330 583 352
person 0.575374 343 332 361 361
person 0.455846 635 382 661 432
person 0.416443 1251 320 1272 373
person 0.382843 416 335 431 362
person 0.360921 1893 358 1916 409
person 0.345434 395 423 427 517
person 0.310087 1838 297 1866 354
person 0.306416 940 318 952 337
person 0.256752 937 399 956 452
person 0.263717 1347 338 1370 395
person 0.255341 1482 359 1507 382
