person 0.993326 237 280 291 409
person 0.991086 1528 282 1585 431
person 0.988321 517 250 571 365
person 0.982498 672 270 723 387
person 0.981824 1777 262 1822 375
person 0.933021 1275 311 1330 489
person 0.913754 1130 209 1169 294
person 0.879806 1663 419 1799 616
person 0.873102 560 159 581 192
person 0.857320 535 162 553 193
person 0.844987 1060 314 1120 460
person 0.820074 1798 404 1914 611
person 0.802289 1327 232 1369 331
person 0.775124 492 167 508 194
person 0.768383 1665 227 1706 330
person 0.660367 437 166 461 202
person 0.577555 371 165 392 201
person 0.576457 820 161 830 180
person 0.568008 1264 205 1298 286
person 0.538064 1768 187 1801 241
person 0.536504 1107 212 1144 295
person 0.426368 426 166 444 197
person 0.426949 1298 234 1337 327
person 0.364455 1 263 23 291
person 0.315514 1298 234 1328 288
person 0.307291 1041 144 1053 164
person 0.266441 1086 211 1122 306
person 0.265579 309 169 323 196
person 0.253546 231 161 247 189
person 0.994728 239 281 293 410
person 0.990925 1537 276 1589 437
person 0.986081 673 269 722 388
person 0.981906 1779 262 1823 375
person 0.981856 518 249 569 368
person 0.959142 1279 306 1335 496
person 0.928827 1069 305 1126 469
person 0.920020 1659 426 1814 612
person 0.917563 1131 209 1167 295
person 0.860666 1800 391 1917 580
person 0.856042 560 159 581 193
person 0.827727 534 163 553 193
person 0.794093 1326 230 1366 333
person 0.761462 1667 228 1708 332
person 0.753257 1299 234 1337 327
person 0.738614 491 168 507 194
person 0.673588 439 167 462 201
person 0.628285 371 164 391 201
person 0.547388 1264 205 1296 285
person 0.541173 820 160 831 180
person 0.526337 1760 183 1802 257
person 0.515535 1111 212 1143 293
person 0.470930 426 167 443 196
person 0.428360 0 263 25 289
person 0.280145 1041 144 1052 163
person 0.278851 1088 210 1119 303
person 0.257948 1663 169 1689 223
