person 0.996005 90 508 140 669
person 0.989594 250 409 286 498
person 0.978197 1589 433 1640 551
person 0.977481 394 440 438 582
person 0.975754 1725 364 1769 451
person 0.974903 1196 402 1256 517
person 0.967339 69 412 109 487
person 0.962635 1412 393 1457 504
person 0.960637 1827 379 1870 472
person 0.934325 938 380 967 471
person 0.916331 636 370 670 449
person 0.859392 183 426 226 542
person 0.832837 1556 350 1589 433
person 0.777150 298 346 322 376
person 0.764519 545 287 1919 450
person 0.740788 1632 338 1669 417
person 0.683806 1080 350 1102 403
person 0.676407 1295 377 1322 441
person 0.623068 1103 348 1126 403
person 0.600983 570 329 584 353
person 0.499184 161 418 197 507
person 0.480820 342 332 361 360
person 0.451463 1892 354 1916 414
person 0.439263 397 425 428 513
person 0.433764 1252 320 1274 375
person 0.388571 415 335 431 362
person 0.376979 1482 358 1508 383
person 0.347647 940 396 961 452
person 0.347708 1349 337 1372 393
person 0.295514 1839 298 1866 353
person 0.268086 76 426 102 473
person 0.255745 279 348 298 374
person 0.996052 94 499 146 678
person 0.994207 252 409 290 497
person 0.988566 1597 427 1656 560
person 0.987933 1199 403 1260 517
person 0.979284 394 432 441 585
person 0.978923 1831 377 1877 473
person 0.976183 1420 392 1466 510
person 0.966282 72 410 110 487
person 0.965737 1730 361 1775 449
person 0.921486 939 382 969 469
person 0.887664 638 371 672 449
person 0.844570 188 425 228 544
person 0.797948 298 345 322 376
person 0.781000 1079 350 1101 403
person 0.772338 1638 345 1666 407
person 0.768685 337 292 1892 449
person 0.741229 1293 381 1338 463
person 0.733966 1564 356 1588 421
person 0.722262 1103 348 1126 403
person 0.646090 570 328 584 353
person 0.527077 343 332 361 360
person 0.460244 1360 341 1383 390
person 0.429947 163 420 196 505
person 0.374145 415 335 431 362
person 0.362832 399 426 431 514
person 0.347744 1482 358 1508 383
person 0.337078 1253 321 1274 374
person 0.286918 1839 297 1866 353
