person 0.994191 100 494 150 683
person 0.991824 253 411 290 496
person 0.990548 1423 391 1470 509
person 0.983633 1737 360 1781 452
person 0.981444 1837 378 1883 475
person 0.981085 395 437 443 586
person 0.980526 1602 424 1663 561
person 0.977724 72 410 113 487
person 0.972122 1205 405 1260 517
person 0.930460 638 371 672 450
person 0.918299 939 382 970 468
person 0.904043 186 425 232 544
person 0.809797 1641 346 1669 407
person 0.806474 1313 377 1355 469
person 0.795197 1568 356 1595 419
person 0.774173 177 419 217 517
person 0.767781 1079 350 1101 403
person 0.765802 298 346 322 376
person 0.720627 357 292 1872 451
person 0.658029 1104 348 1127 402
person 0.647445 570 329 584 353
person 0.468163 1366 341 1388 389
person 0.423380 343 333 361 360
person 0.370601 402 423 431 508
person 0.358899 78 422 104 475
person 0.347643 1838 296 1868 354
person 0.343541 1484 358 1508 382
person 0.279569 1255 323 1274 367
person 0.267821 279 347 297 375
person 0.993987 1430 388 1482 506
person 0.989884 394 426 445 590
person 0.988016 103 500 156 674
person 0.988061 1842 376 1889 474
person 0.984223 256 411 291 496
person 0.979078 74 410 114 488
person 0.977452 1216 393 1272 505
person 0.976733 1743 360 1784 449
person 0.975254 1319 378 1356 466
person 0.963228 1611 424 1672 560
person 0.938776 639 370 674 449
person 0.868559 188 428 235 541
person 0.827222 298 346 322 377
person 0.764968 947 383 980 465
person 0.756456 1079 349 1101 403
person 0.749126 177 420 217 516
person 0.731966 356 292 1875 443
person 0.698300 1104 348 1126 403
person 0.695846 1567 353 1599 428
person 0.683173 1370 342 1393 388
person 0.582424 570 328 583 351
person 0.531046 1643 352 1670 403
person 0.504524 343 332 361 359
person 0.426033 413 333 429 362
person 0.424363 1647 340 1682 414
person 0.366815 957 396 979 446
person 0.337535 1199 343 1225 392
person 0.326960 1840 298 1867 351
person 0.308735 1302 320 1320 369
person 0.293561 1482 358 1509 382
person 0.290967 277 348 296 375
person 0.273515 405 424 435 513
