person 0.994185 1436 386 1491 505
person 0.992523 107 496 161 682
person 0.990369 258 411 292 496
person 0.986996 1845 371 1893 477
person 0.984943 397 432 449 589
person 0.976538 76 410 115 487
person 0.972619 1327 375 1362 468
person 0.963817 1620 428 1684 553
person 0.948286 1748 356 1785 449
person 0.929459 1218 399 1268 502
person 0.900389 641 370 675 449
person 0.825188 949 383 981 466
person 0.798748 1573 351 1608 430
person 0.787914 297 346 322 377
person 0.731261 329 291 1891 450
person 0.731207 178 419 217 515
person 0.727023 1079 350 1101 403
person 0.719505 191 433 238 539
person 0.587227 1105 349 1126 402
person 0.559529 571 328 584 351
person 0.551602 1653 338 1682 402
person 0.496917 343 331 362 359
person 0.464692 412 333 427 363
person 0.457871 1242 381 1284 479
person 0.399649 1378 342 1400 388
person 0.364220 1840 298 1867 349
person 0.316780 406 424 435 511
person 0.301569 1301 317 1321 370
person 0.990150 1851 368 1898 477
person 0.988854 107 506 167 668
person 0.985681 1758 358 1796 447
person 0.984534 400 432 452 587
person 0.982617 1332 374 1376 465
person 0.981178 262 411 292 495
person 0.981085 77 410 116 487
person 0.978721 1440 383 1500 501
person 0.959417 1637 428 1694 545
person 0.930327 1216 410 1262 512
person 0.910573 639 369 677 448
person 0.899002 953 383 984 466
person 0.873931 189 434 240 538
person 0.867145 1577 351 1610 431
person 0.863410 1255 381 1298 476
person 0.741923 298 346 322 376
person 0.740078 1651 338 1686 417
person 0.716679 340 292 1878 447
person 0.694144 1078 350 1101 402
person 0.605213 570 328 584 351
person 0.604904 180 417 219 520
person 0.593250 1105 345 1128 397
person 0.476249 342 331 361 360
person 0.469667 174 410 208 490
person 0.435649 1382 341 1405 390
person 0.429135 412 333 428 362
person 0.386397 1255 320 1275 371
person 0.378092 410 424 439 508
person 0.354925 1302 317 1322 369
person 0.308173 642 382 668 430
person 0.308538 1198 342 1225 392
person 0.293978 1841 299 1866 346
