person 0.990201 1762 355 1800 449
person 0.988211 265 410 296 495
person 0.988157 1647 432 1701 546
person 0.984139 1851 365 1903 481
person 0.977013 1452 384 1514 493
person 0.976512 404 427 456 585
person 0.975122 954 382 989 468
person 0.974620 81 408 118 486
person 0.971175 109 504 171 672
person 0.947993 1345 375 1396 462
person 0.937965 1581 350 1612 431
person 0.925646 1221 406 1267 513
person 0.918035 200 443 249 540
person 0.860369 1266 382 1307 476
person 0.837976 1651 339 1689 417
person 0.823649 640 370 676 447
person 0.752566 297 345 321 376
person 0.751798 348 293 1876 441
person 0.709516 1079 350 1101 402
person 0.606700 1105 349 1127 401
person 0.574469 571 328 585 352
person 0.520305 178 411 211 489
person 0.499916 1394 341 1420 394
person 0.447478 342 332 361 360
person 0.341582 964 401 986 448
person 0.342244 1840 297 1867 351
person 0.341701 1254 320 1275 370
person 0.321788 412 423 440 511
person 0.313734 1384 342 1407 386
person 0.311225 1301 317 1321 367
person 0.294478 413 334 429 361
person 0.284796 1197 341 1223 392
person 0.256268 278 347 297 374
person 0.988964 1765 355 1806 448
person 0.987797 1230 406 1267 516
person 0.985673 267 410 300 493
person 0.983463 1663 431 1712 543
person 0.979034 1280 378 1314 473
person 0.965750 406 434 458 580
person 0.964300 1866 374 1910 471
person 0.962191 1583 348 1615 434
person 0.961563 1355 375 1400 461
person 0.958680 959 383 988 472
person 0.956923 84 410 119 486
person 0.952524 1471 376 1521 486
person 0.951973 199 436 255 539
person 0.881142 113 508 191 668
person 0.849096 1396 340 1421 393
person 0.840052 1658 337 1696 416
person 0.766031 345 293 1881 441
person 0.741432 296 345 321 377
person 0.736569 640 370 676 446
person 0.677693 1076 344 1098 394
person 0.609469 1105 345 1128 397
person 0.570262 572 328 585 351
person 0.508519 414 425 444 510
person 0.496607 178 411 211 487
person 0.444919 414 333 429 361
person 0.443545 342 332 362 360
person 0.382957 1839 297 1867 352
person 0.357794 966 396 985 452
person 0.324733 1665 343 1690 393
person 0.325642 655 382 682 437
person 0.321050 1254 321 1275 370
person 0.279927 1302 318 1321 365
person 0.258533 1198 342 1222 391
person 0.253227 838 316 847 334
