person 0.986132 1286 378 1323 474
person 0.981913 1231 405 1267 519
person 0.978195 1771 355 1815 444
person 0.966585 270 410 301 492
person 0.966622 86 409 120 485
person 0.966489 1366 371 1415 453
person 0.965979 1480 373 1527 488
person 0.962701 408 439 460 573
person 0.959946 198 439 257 539
person 0.950767 1679 433 1725 544
person 0.949720 116 509 194 666
person 0.948524 1872 371 1914 452
person 0.948429 964 383 993 471
person 0.945506 1589 348 1620 434
person 0.780841 1665 333 1705 409
person 0.725599 178 409 210 486
person 0.696036 297 345 321 376
person 0.692321 351 292 1864 446
person 0.667237 651 371 683 445
person 0.655913 1079 350 1101 402
person 0.583411 1105 349 1127 401
person 0.567641 1402 343 1426 387
person 0.492515 573 326 587 350
person 0.416227 969 398 989 450
person 0.406017 1839 297 1867 352
person 0.400276 344 333 362 360
person 0.361952 415 333 429 361
person 0.277487 417 422 444 512
person 0.256207 1255 322 1276 370
person 0.250357 1481 358 1507 383
person 0.982998 120 511 200 666
person 0.982170 1684 432 1735 546
person 0.981390 271 410 302 490
person 0.975974 1300 379 1336 472
person 0.975342 1233 403 1268 518
person 0.972333 203 438 260 540
person 0.970750 967 382 996 470
person 0.963471 412 434 459 579
person 0.963117 1780 360 1821 444
person 0.960735 89 409 121 487
person 0.873815 1877 372 1916 471
person 0.856608 1387 363 1427 458
person 0.841660 1488 376 1528 483
person 0.810448 1593 347 1625 433
person 0.767176 650 372 684 446
person 0.745139 298 345 322 376
person 0.716990 546 293 1919 443
person 0.707725 180 410 212 489
person 0.691803 1076 344 1099 395
person 0.687198 1669 333 1709 407
person 0.613886 1105 345 1128 398
person 0.485546 573 326 586 350
person 0.470299 1406 345 1430 381
person 0.462561 414 333 429 362
person 0.430721 971 397 990 450
person 0.447076 1840 297 1867 352
person 0.408084 344 332 362 360
person 0.301348 745 315 757 338
person 0.299519 839 315 848 334
person 0.292197 417 422 445 514
person 0.287299 1481 358 1506 383
person 0.287233 279 347 297 373
person 0.280451 1256 321 1276 371
