person 0.992495 1237 406 1278 514
person 0.991325 121 512 204 665
person 0.985229 272 411 303 492
person 0.984802 1692 425 1748 560
person 0.982879 205 438 259 540
person 0.976531 972 382 1001 472
person 0.955221 415 445 460 570
person 0.949166 1302 382 1345 471
person 0.939199 1500 381 1538 476
person 0.916916 1784 363 1822 440
person 0.911999 1392 372 1431 465
person 0.903263 1885 368 1918 476
person 0.902458 1596 348 1629 432
person 0.847856 92 410 120 488
person 0.811917 652 369 684 444
person 0.764750 538 290 1919 447
person 0.744676 1675 339 1706 398
person 0.721574 297 345 320 375
person 0.717943 1075 344 1099 395
person 0.632998 1104 345 1128 397
person 0.604148 182 407 212 487
person 0.503545 415 334 429 361
person 0.488597 573 325 586 349
person 0.429568 419 422 448 512
person 0.395755 344 333 361 359
person 0.357073 1483 357 1506 383
person 0.353943 1839 297 1868 353
person 0.353169 744 315 756 338
person 0.350038 839 315 848 336
person 0.290782 1301 316 1321 366
person 0.273364 945 314 956 335
person 0.993353 121 512 205 664
person 0.993188 1237 405 1284 514
person 0.986240 974 381 1002 472
person 0.984170 1695 427 1761 554
person 0.972987 1505 386 1550 501
person 0.968417 273 410 305 490
person 0.953568 1599 350 1635 430
person 0.952606 208 445 262 537
person 0.952482 1312 378 1365 470
person 0.924214 1397 373 1439 467
person 0.911768 417 437 461 574
person 0.900723 1890 363 1918 485
person 0.865915 187 409 216 491
person 0.838348 654 369 685 445
person 0.837644 1786 360 1824 439
person 0.807657 93 411 121 488
person 0.776277 297 345 321 375
person 0.730031 328 292 1894 445
person 0.700632 1076 344 1099 395
person 0.620632 1105 348 1127 402
person 0.601514 413 333 428 360
person 0.531347 1687 335 1715 401
person 0.508384 1483 357 1507 383
person 0.493059 419 422 453 518
person 0.473342 1197 340 1225 395
person 0.433795 344 334 361 359
person 0.404918 1301 316 1323 367
person 0.402039 573 326 586 349
person 0.373332 838 315 848 336
person 0.353900 102 421 126 478
person 0.302172 744 315 756 338
person 0.293296 892 312 902 331
person 0.283326 1256 321 1277 370
person 0.281437 1420 345 1442 383
person 0.273198 944 313 955 334
