person 0.996523 124 512 208 664
person 0.991172 1241 403 1287 515
person 0.983885 1513 387 1559 502
person 0.980895 975 383 1005 471
person 0.970067 1692 421 1777 561
person 0.948643 274 410 307 490
person 0.945524 209 445 263 537
person 0.943504 1792 362 1837 438
person 0.921873 1601 350 1638 429
person 0.903266 423 444 470 568
person 0.872768 1321 379 1382 469
person 0.866924 185 410 218 492
person 0.855470 1896 360 1919 488
person 0.849593 1690 335 1719 401
person 0.848818 1403 375 1448 463
person 0.842806 654 370 687 445
person 0.734497 337 292 1887 444
person 0.726716 93 408 122 487
person 0.720652 297 343 320 375
person 0.681011 1076 344 1099 395
person 0.663018 1104 345 1128 397
person 0.494652 414 333 428 361
person 0.493001 1486 357 1508 383
person 0.477514 573 325 587 350
person 0.428132 420 421 454 518
person 0.417905 838 314 847 335
person 0.375566 1302 317 1324 367
person 0.368548 894 312 903 330
person 0.336149 745 315 757 338
person 0.311969 344 334 360 359
person 0.299616 943 314 955 334
person 0.278164 1839 296 1867 352
person 0.275631 1197 341 1225 392
person 0.995994 126 511 210 665
person 0.994329 1241 402 1291 515
person 0.980508 1522 385 1565 506
person 0.973323 1699 416 1791 563
person 0.949264 278 410 316 495
person 0.945337 216 443 264 536
person 0.945007 977 383 1006 471
person 0.944054 1798 363 1843 437
person 0.925123 191 411 221 492
person 0.908994 1695 337 1723 400
person 0.898627 655 370 688 446
person 0.895016 1328 381 1388 467
person 0.885513 423 440 472 568
person 0.839421 1609 348 1647 427
person 0.790239 1420 374 1469 463
person 0.748797 298 345 320 376
person 0.732826 357 290 1862 445
person 0.711594 97 409 130 484
person 0.693805 1076 344 1099 395
person 0.644295 1104 345 1128 397
person 0.586416 1899 355 1919 494
person 0.525929 420 420 456 523
person 0.513581 573 327 586 351
person 0.491688 414 334 427 361
person 0.408076 1488 358 1510 383
person 0.395819 1303 317 1325 368
person 0.373399 838 314 848 335
person 0.365409 895 311 904 330
person 0.299774 1197 341 1224 393
person 0.285681 344 334 360 358
person 0.262704 745 315 758 337
person 0.255010 943 314 955 335
