person 0.995373 131 510 210 662
person 0.995125 1240 404 1295 514
person 0.973268 1357 376 1402 473
person 0.972234 1724 423 1794 548
person 0.960912 219 440 266 534
person 0.958634 279 410 316 494
person 0.943799 1801 360 1847 438
person 0.937042 425 440 473 568
person 0.927256 656 368 688 447
person 0.926216 1614 347 1651 427
person 0.924907 1425 355 1470 462
person 0.922851 1535 378 1578 479
person 0.919687 976 382 1009 471
person 0.898653 192 411 222 492
person 0.882276 97 408 130 485
person 0.836114 1701 338 1729 399
person 0.794254 164 295 1776 442
person 0.790582 297 345 320 375
person 0.725874 1076 344 1099 395
person 0.685195 1104 345 1128 398
person 0.556398 413 334 426 361
person 0.400954 344 333 361 359
person 0.394200 1490 358 1511 382
person 0.390393 895 311 905 330
person 0.389546 421 421 456 518
person 0.336068 574 325 586 348
person 0.331054 1305 320 1325 367
person 0.330888 838 314 847 334
person 0.321067 1900 360 1919 488
person 0.299477 745 315 757 338
person 0.277874 1197 340 1224 393
person 0.996733 1241 406 1296 513
person 0.992883 138 511 213 661
person 0.984686 1732 423 1801 546
person 0.982059 281 409 316 493
person 0.960131 98 405 133 483
person 0.959793 1537 378 1589 499
person 0.952914 226 439 265 535
person 0.951713 427 397 468 586
person 0.948670 984 382 1017 472
person 0.937395 1367 375 1406 472
person 0.923546 194 412 226 492
person 0.908573 656 368 690 446
person 0.905482 1429 357 1480 460
person 0.904423 1618 347 1657 427
person 0.894469 1804 361 1851 437
person 0.815063 1706 338 1733 395
person 0.811534 299 345 321 376
person 0.747614 1076 344 1099 395
person 0.743782 173 295 1764 439
person 0.701940 1104 345 1128 398
person 0.575319 413 334 427 361
person 0.513415 1490 358 1512 381
person 0.410632 422 420 456 523
person 0.384199 895 312 904 330
person 0.382097 1442 342 1466 380
person 0.371344 575 324 587 348
person 0.338380 1305 320 1325 367
person 0.326874 838 314 847 334
person 0.313410 745 315 758 338
person 0.293490 345 334 360 358
person 0.252389 233 433 255 469
person 0.271237 1198 340 1224 393
person 0.261782 942 314 953 334
person 0.257133 1837 296 1868 353
