person 0.996384 1241 405 1297 513
person 0.988450 282 409 318 494
person 0.981985 1753 429 1810 545
person 0.980442 1540 379 1598 497
person 0.980340 149 497 205 672
person 0.973987 427 395 472 584
person 0.969166 983 384 1020 473
person 0.968085 225 434 267 536
person 0.945342 656 369 692 447
person 0.940845 99 407 133 483
person 0.920256 1625 345 1660 427
person 0.904118 194 413 226 493
person 0.880580 1376 374 1416 473
person 0.868275 1813 362 1854 438
person 0.812455 1703 338 1743 415
person 0.774579 298 345 322 375
person 0.764859 170 293 1768 436
person 0.717295 1079 349 1101 402
person 0.710751 1104 345 1128 397
person 0.576326 1447 356 1493 458
person 0.525665 575 325 588 350
person 0.509365 412 333 426 361
person 0.459361 1492 356 1512 380
person 0.379857 893 312 903 330
person 0.343817 745 315 757 338
person 0.329773 1305 319 1325 367
person 0.323486 1838 297 1867 351
person 0.321550 345 334 361 358
person 0.306328 838 315 847 333
person 0.273854 1705 358 1735 403
person 0.295946 1198 341 1224 392
person 0.295844 943 313 954 334
person 0.284245 1449 341 1471 384
person 0.280448 1257 323 1279 367
person 0.277367 962 310 975 333
person 0.993725 1244 408 1298 511
person 0.986683 153 491 204 676
person 0.985887 284 410 316 493
person 0.981584 1763 431 1817 542
person 0.977661 1544 385 1606 494
person 0.976026 229 436 269 534
person 0.975592 986 383 1022 470
person 0.965828 1390 374 1436 470
person 0.960151 431 435 480 575
person 0.935802 669 377 693 440
person 0.934456 1630 344 1662 430
person 0.928942 100 408 135 485
person 0.915684 1818 361 1858 440
person 0.883910 1466 357 1509 457
person 0.869137 198 412 227 493
person 0.857032 1708 337 1748 415
person 0.807287 298 346 322 376
person 0.742880 188 293 1754 437
person 0.727518 1076 344 1099 395
person 0.707911 1104 345 1128 397
person 0.613113 413 333 427 361
person 0.548425 576 326 589 351
person 0.507674 430 413 466 527
person 0.391793 1838 296 1867 352
person 0.364910 1198 340 1224 393
person 0.354187 892 313 902 330
person 0.353383 838 315 847 333
person 0.346278 1450 337 1474 389
person 0.333181 1257 322 1279 368
person 0.326319 1304 317 1325 368
person 0.320912 345 334 361 357
person 0.311936 963 310 977 334
person 0.252504 1826 379 1852 425
person 0.265639 942 313 954 334
