person 0.988886 285 409 320 493
person 0.988793 1775 429 1827 548
person 0.984851 1248 406 1301 511
person 0.981295 157 496 204 674
person 0.979529 989 383 1024 470
person 0.974451 1394 374 1449 468
person 0.968683 100 407 136 486
person 0.957070 230 436 270 534
person 0.952340 432 435 484 577
person 0.920165 1556 376 1609 487
person 0.916329 1473 356 1515 459
person 0.884680 197 412 228 492
person 0.875559 669 378 692 436
person 0.867760 1819 357 1859 441
person 0.801621 297 344 320 376
person 0.789584 1639 352 1663 413
person 0.750438 351 293 1865 436
person 0.714038 1076 344 1099 395
person 0.700330 1104 345 1128 398
person 0.657931 1718 331 1758 407
person 0.629386 430 414 469 527
person 0.525951 1457 336 1481 385
person 0.511230 413 333 427 361
person 0.497969 577 325 590 350
person 0.348912 1839 296 1866 350
person 0.345676 1198 341 1225 393
person 0.339458 838 315 847 334
person 0.336521 1258 322 1281 368
person 0.294937 110 425 134 470
person 0.325478 1304 316 1327 369
person 0.310942 891 313 901 331
person 0.272531 345 334 361 358
person 0.990030 287 410 318 493
person 0.985323 1783 427 1843 551
person 0.984885 1253 406 1307 511
person 0.971144 1398 372 1461 465
person 0.961819 994 383 1026 468
person 0.956865 165 499 209 653
person 0.949908 103 406 137 486
person 0.942527 1573 374 1619 488
person 0.941084 233 437 273 534
person 0.936829 662 366 696 446
person 0.930864 1480 356 1521 458
person 0.920868 435 441 487 573
person 0.847589 1724 332 1759 409
person 0.840165 296 344 319 375
person 0.803593 1641 350 1667 414
person 0.749891 199 419 224 482
person 0.746315 335 296 1883 433
person 0.721497 1076 344 1098 394
person 0.711615 1104 345 1128 397
person 0.676803 1830 357 1867 439
person 0.643524 432 416 472 525
person 0.578509 414 332 427 360
person 0.551302 347 334 361 357
person 0.474015 233 431 255 469
person 0.441929 577 329 589 352
person 0.387414 838 315 848 333
person 0.365126 1002 400 1023 448
person 0.360943 1480 346 1502 381
person 0.358126 1260 322 1282 368
person 0.348270 1305 316 1327 369
person 0.338893 1841 298 1865 347
