person 0.995984 239 280 296 409
person 0.991380 1540 273 1591 440
person 0.986097 512 258 564 374
person 0.979004 1780 261 1826 376
person 0.974433 673 269 724 389
person 0.910723 1282 309 1341 497
person 0.878139 1660 429 1822 613
person 0.862789 1131 208 1169 296
person 0.855368 560 158 580 192
person 0.844462 1321 229 1366 332
person 0.827775 535 162 553 193
person 0.815450 1668 230 1709 332
person 0.800058 1804 394 1918 572
person 0.780061 1263 206 1295 285
person 0.743926 1088 303 1134 469
person 0.717142 370 163 391 201
person 0.692241 1298 234 1340 327
person 0.685823 490 167 507 194
person 0.682504 438 167 461 202
person 0.644380 1767 186 1802 240
person 0.591547 821 159 833 180
person 0.499991 427 166 445 197
person 0.489808 1109 212 1141 293
person 0.461303 0 262 25 289
person 0.358455 306 178 321 206
person 0.321241 1062 347 1123 454
person 0.284914 1039 144 1050 163
person 0.259314 827 151 838 173
person 0.259360 1663 169 1689 220
person 0.254180 610 158 625 182
person 0.995444 243 280 297 410
person 0.985670 508 257 560 372
person 0.976468 1544 272 1593 443
person 0.965436 673 267 724 392
person 0.950632 1783 261 1826 377
person 0.946726 1088 301 1135 471
person 0.943689 1678 425 1820 616
person 0.920325 1282 314 1353 485
person 0.867606 1262 204 1294 285
person 0.859792 559 158 580 192
person 0.842090 1671 230 1709 330
person 0.777554 1317 228 1362 333
person 0.758573 537 162 554 192
person 0.697193 490 166 506 192
person 0.690380 1131 209 1168 295
person 0.669185 369 162 389 201
person 0.668538 1822 393 1919 576
person 0.654656 1767 187 1801 241
person 0.654199 821 158 833 181
person 0.610799 1300 232 1345 328
person 0.593006 438 166 461 201
person 0.568303 1109 212 1141 294
person 0.542670 426 167 444 196
person 0.474736 305 177 320 206
person 0.349563 0 261 24 290
person 0.284163 827 150 838 173
person 0.261631 1107 214 1129 270
person 0.255157 231 161 247 190
