person 0.989193 287 410 320 493
person 0.987870 1793 427 1853 554
person 0.986526 168 494 212 660
person 0.984038 1256 405 1307 512
person 0.963851 997 383 1028 469
person 0.955096 1581 375 1627 485
person 0.946433 1416 370 1475 465
person 0.940181 104 409 137 487
person 0.925783 1483 359 1527 456
person 0.899055 441 439 494 572
person 0.893366 240 444 281 535
person 0.857076 295 344 318 375
person 0.843418 673 374 694 438
person 0.828692 1831 358 1870 441
person 0.795164 1644 348 1671 409
person 0.762462 1734 336 1760 394
person 0.760964 340 296 1876 435
person 0.723390 1076 344 1098 394
person 0.704654 199 415 232 489
person 0.672630 1103 345 1128 397
person 0.614721 436 417 475 524
person 0.613392 346 333 361 358
person 0.567264 576 330 589 354
person 0.514793 227 429 251 472
person 0.498725 413 332 427 361
person 0.431441 1304 317 1326 370
person 0.402262 1260 322 1283 368
person 0.379659 838 316 848 334
person 0.360985 1841 298 1866 348
person 0.343913 1004 397 1025 450
person 0.328059 1476 343 1500 379
person 0.292135 1783 326 1801 357
person 0.987011 290 409 321 492
person 0.986847 1259 404 1306 513
person 0.985208 170 498 219 656
person 0.983070 105 408 141 488
person 0.980679 241 438 285 534
person 0.963263 1594 378 1631 475
person 0.962991 1798 425 1864 551
person 0.954411 438 400 487 580
person 0.948647 1002 383 1029 471
person 0.931375 1436 367 1482 456
person 0.896559 296 344 319 376
person 0.885522 1834 360 1874 441
person 0.881267 1501 357 1537 453
person 0.866916 673 376 696 436
person 0.859434 1652 346 1680 413
person 0.807027 1739 337 1766 394
person 0.739825 356 297 1862 436
person 0.696912 1077 344 1098 394
person 0.656369 1104 349 1127 402
person 0.597894 412 331 427 361
person 0.565726 216 423 241 473
person 0.547478 346 333 361 358
person 0.502773 436 420 478 521
person 0.500308 576 330 588 352
person 0.483579 1840 297 1866 349
person 0.456190 1304 317 1327 370
person 0.439326 1481 340 1505 378
person 0.423715 838 316 848 335
person 0.402055 199 416 236 487
person 0.391346 1260 322 1283 368
person 0.259786 115 426 137 470
person 0.267081 1782 297 1804 346
