person 0.991902 173 501 225 675
person 0.985436 293 407 322 493
person 0.979459 1263 404 1305 514
person 0.979111 243 442 288 534
person 0.972144 106 408 142 487
person 0.962160 1510 358 1547 452
person 0.950858 1007 380 1032 469
person 0.942648 444 440 499 569
person 0.924412 1447 364 1490 457
person 0.906711 1600 377 1638 481
person 0.896917 1805 425 1874 547
person 0.887714 294 344 318 377
person 0.881556 669 366 700 447
person 0.873765 1840 360 1878 439
person 0.872139 1657 346 1683 409
person 0.830462 207 411 241 488
person 0.731389 1743 336 1769 396
person 0.716087 347 296 1867 436
person 0.666726 1077 344 1098 394
person 0.619310 1104 345 1127 397
person 0.620064 411 333 426 361
person 0.553900 347 333 362 358
person 0.498317 114 425 138 473
person 0.509115 577 331 588 352
person 0.459691 440 422 478 517
person 0.434538 1840 299 1865 349
person 0.431449 837 317 847 335
person 0.403719 1304 318 1326 369
person 0.402240 1261 322 1283 368
person 0.339990 299 419 319 475
person 0.332719 1485 338 1509 376
person 0.290324 1465 360 1509 460
person 0.280327 1198 342 1225 391
person 0.990717 177 500 234 675
person 0.987124 244 440 292 534
person 0.983836 296 407 325 492
person 0.980745 106 408 143 487
person 0.978721 1265 402 1306 515
person 0.977940 1525 359 1559 451
person 0.977217 1608 382 1653 473
person 0.974972 1008 379 1034 471
person 0.954485 442 403 492 581
person 0.916366 1819 424 1887 541
person 0.907995 1464 364 1503 458
person 0.891441 206 410 241 485
person 0.883679 292 344 319 377
person 0.851184 671 364 702 447
person 0.801207 1656 340 1686 418
person 0.743395 1843 362 1888 439
person 0.739830 1747 337 1772 394
person 0.691235 165 295 1768 438
person 0.676274 1080 350 1102 403
person 0.618120 1104 346 1127 396
person 0.606329 412 332 427 362
person 0.560963 576 329 588 352
person 0.495331 837 317 847 336
person 0.479223 347 333 363 358
person 0.453847 1841 299 1865 347
person 0.385404 116 425 138 470
person 0.357409 1303 319 1324 368
person 0.316194 1262 323 1281 366
person 0.300851 745 315 758 338
person 0.289887 440 421 481 519
