person 0.986068 178 495 239 682
person 0.981837 297 407 327 491
person 0.978767 245 442 294 535
person 0.975270 1011 380 1038 472
person 0.972331 1614 383 1657 472
person 0.966492 108 410 145 487
person 0.943121 446 406 495 574
person 0.938053 1472 357 1520 460
person 0.935755 1266 404 1307 513
person 0.910714 1524 359 1562 453
person 0.906321 1833 423 1896 542
person 0.895985 294 345 319 377
person 0.875955 677 377 700 437
person 0.845464 1661 343 1691 423
person 0.812279 210 409 240 486
person 0.736443 1748 353 1776 408
person 0.719427 1076 343 1098 394
person 0.670160 351 293 1870 434
person 0.619291 412 333 427 361
person 0.604160 1104 346 1127 396
person 0.506030 837 317 846 337
person 0.497302 347 333 362 357
person 0.443730 1303 318 1324 369
person 0.442089 577 329 588 351
person 0.422543 1854 365 1893 440
person 0.385209 1853 360 1885 410
person 0.375703 1262 322 1281 367
person 0.357056 1199 342 1226 393
person 0.341745 747 314 759 339
person 0.304120 1841 299 1865 347
person 0.266023 302 422 322 473
person 0.280873 962 313 973 335
person 0.259567 891 315 901 333
person 0.988049 246 441 297 535
person 0.987035 1012 381 1040 471
person 0.976141 300 407 330 492
person 0.976116 110 408 145 488
person 0.968972 180 496 243 681
person 0.963290 1279 403 1314 505
person 0.962383 1541 360 1579 451
person 0.949276 1615 374 1663 504
person 0.932830 210 410 240 488
person 0.911774 449 443 502 565
person 0.908759 1845 415 1901 524
person 0.905447 294 345 319 378
person 0.896758 1472 358 1533 461
person 0.856776 678 378 701 436
person 0.761279 1669 342 1697 425
person 0.708767 1077 343 1098 394
person 0.668852 1104 349 1126 403
person 0.659843 190 295 1747 435
person 0.641663 1082 350 1103 403
person 0.603011 117 422 141 474
person 0.616482 446 422 486 518
person 0.599251 1856 359 1890 412
person 0.581909 411 332 426 361
person 0.524731 1752 352 1781 408
person 0.517875 576 328 588 352
person 0.505339 836 317 846 337
person 0.492900 346 334 361 357
person 0.417662 1762 340 1793 394
person 0.409748 745 315 758 338
person 0.395566 1841 298 1865 347
person 0.375677 1198 343 1225 393
person 0.356839 1304 320 1324 369
person 0.344979 961 314 973 337
person 0.331972 1362 323 1380 367
person 0.316191 1263 324 1281 365
person 0.303404 592 330 604 355
