person 0.985582 247 441 298 536
person 0.985080 1013 381 1043 473
person 0.984336 302 407 333 493
person 0.983423 1627 375 1674 484
person 0.981964 1276 405 1319 512
person 0.976203 175 509 254 667
person 0.973134 113 406 146 486
person 0.967377 1547 360 1589 449
person 0.956514 448 403 495 575
person 0.938508 212 409 243 486
person 0.895703 1851 419 1907 549
person 0.891189 675 367 706 447
person 0.873620 291 346 318 377
person 0.784791 1674 348 1700 408
person 0.729060 1076 343 1096 393
person 0.677802 173 294 1762 436
person 0.676474 1475 389 1542 461
person 0.672386 1104 349 1126 402
person 0.571428 1756 344 1799 413
person 0.559301 577 331 588 352
person 0.558066 347 333 363 358
person 0.547760 412 332 427 362
person 0.523671 1083 350 1103 402
person 0.510879 1857 361 1897 445
person 0.508148 837 317 847 336
person 0.414410 1303 320 1325 371
person 0.410286 1511 332 1534 385
person 0.406421 1841 298 1865 348
person 0.371851 1199 343 1225 392
person 0.356572 747 314 760 338
person 0.340990 960 313 972 335
person 0.304433 593 333 604 356
person 0.295531 1263 322 1282 367
person 0.286242 1362 322 1380 365
person 0.268609 892 314 902 332
person 0.987987 248 438 300 535
person 0.980818 1013 383 1045 471
person 0.980715 303 408 337 493
person 0.972004 115 407 148 487
person 0.968305 1282 403 1317 503
person 0.964165 176 506 259 668
person 0.959862 1635 377 1676 478
person 0.951696 214 409 246 488
person 0.925956 448 406 496 566
person 0.925984 678 369 708 447
person 0.920540 1868 434 1918 541
person 0.906383 1559 363 1599 449
person 0.896519 291 345 318 377
person 0.852289 1759 341 1806 415
person 0.731894 1075 344 1096 394
person 0.686407 171 293 1767 436
person 0.666607 1104 349 1126 402
person 0.610514 1678 345 1707 409
person 0.584328 1081 351 1102 403
person 0.571671 1491 386 1561 459
person 0.538960 1520 337 1543 382
person 0.529307 836 317 846 337
person 0.516049 577 330 588 352
person 0.508578 412 332 427 363
person 0.495250 347 334 363 358
person 0.461664 1868 361 1907 444
person 0.421590 746 315 759 339
person 0.419917 1303 321 1323 368
person 0.347513 1199 344 1224 391
person 0.325063 1841 298 1865 349
person 0.321307 1263 323 1282 367
person 0.319846 960 313 971 334
person 0.315817 1361 323 1379 365
person 0.296982 593 331 604 355
person 0.273429 892 315 902 332
person 0.266687 1484 359 1508 382
