person 0.989077 185 507 270 669
person 0.985742 306 407 338 493
person 0.985051 253 440 304 535
person 0.981019 1872 428 1919 542
person 0.977692 1279 407 1323 512
person 0.968733 1646 381 1693 481
person 0.966589 215 409 249 490
person 0.957793 463 445 512 568
person 0.957716 116 406 149 486
person 0.931623 1014 383 1045 471
person 0.918340 290 345 317 378
person 0.896720 679 371 710 445
person 0.847710 451 406 495 565
person 0.778549 1571 363 1609 455
person 0.716049 1104 349 1127 402
person 0.689772 1076 344 1097 394
person 0.674278 374 291 1849 438
person 0.634625 1082 351 1103 403
person 0.587149 1760 342 1816 414
person 0.556784 410 331 426 363
person 0.518240 1879 360 1911 413
person 0.519433 1512 362 1566 448
person 0.512659 1677 344 1706 396
person 0.504127 346 334 361 357
person 0.492361 576 329 588 351
person 0.445686 836 318 846 338
person 0.443071 1303 319 1323 368
person 0.379901 1197 343 1225 393
person 0.366938 748 315 761 339
person 0.341501 1530 337 1553 381
person 0.309839 1262 322 1282 368
person 0.304742 894 314 903 331
person 0.293382 594 331 604 355
person 0.270468 1486 360 1509 382
person 0.271217 1684 351 1717 408
person 0.269118 1840 297 1866 351
person 0.254963 1849 398 1918 563
person 0.989751 186 508 273 668
person 0.983566 306 409 339 492
person 0.982550 219 409 253 490
person 0.965512 258 444 305 536
person 0.965301 1650 374 1701 480
person 0.951363 1281 408 1324 511
person 0.942825 1020 381 1056 471
person 0.924866 119 406 149 486
person 0.903564 1577 362 1618 451
person 0.892242 292 345 318 377
person 0.886841 463 442 514 567
person 0.871424 1878 420 1919 548
person 0.871100 679 369 710 446
person 0.849930 451 404 497 563
person 0.813687 1768 330 1819 407
person 0.752170 1075 344 1096 393
person 0.730696 359 291 1866 438
person 0.707035 1104 348 1127 403
person 0.603469 1876 355 1914 446
person 0.574199 1081 351 1102 402
person 0.566035 1517 359 1574 453
person 0.525130 409 331 426 363
person 0.500901 346 333 361 357
person 0.479910 1303 319 1322 367
person 0.476935 1533 332 1559 387
person 0.372435 577 327 589 350
person 0.336300 224 421 246 473
person 0.344794 1197 343 1226 394
person 0.335398 835 318 846 338
person 0.319108 1262 323 1282 367
person 0.305079 749 315 762 340
person 0.278189 1678 344 1708 391
person 0.270634 1683 341 1718 421
person 0.270313 592 329 604 356
