person 0.986848 190 510 269 665
person 0.986631 220 409 255 490
person 0.985940 1279 409 1330 512
person 0.976995 261 442 306 533
person 0.969971 1658 378 1703 468
person 0.955903 307 409 342 490
person 0.955632 1021 383 1056 471
person 0.942524 1586 366 1629 453
person 0.903490 292 344 317 376
person 0.892310 124 417 146 479
person 0.870394 680 370 711 446
person 0.858295 457 418 492 527
person 0.850664 466 445 516 567
person 0.808050 1546 366 1592 454
person 0.761739 1073 344 1094 393
person 0.743164 352 292 1871 439
person 0.709125 1105 349 1127 402
person 0.639874 1785 336 1818 393
person 0.631532 346 333 362 359
person 0.591365 409 330 426 363
person 0.559222 1080 351 1101 402
person 0.540805 1887 411 1919 559
person 0.538654 1685 343 1719 423
person 0.473971 1303 320 1323 368
person 0.435178 1544 335 1568 382
person 0.380680 577 327 589 350
person 0.367296 1198 342 1226 394
person 0.345126 1262 322 1282 369
person 0.336718 1885 355 1918 452
person 0.309242 592 329 603 356
person 0.986718 222 409 258 491
person 0.983435 1281 408 1331 512
person 0.976444 193 511 270 662
person 0.964477 308 410 341 490
person 0.951360 1022 381 1058 474
person 0.931528 265 444 305 529
person 0.927593 293 345 317 377
person 0.907729 122 408 153 484
person 0.877157 467 446 516 566
person 0.865677 1668 373 1714 478
person 0.841568 1553 364 1600 458
person 0.814018 681 370 712 445
person 0.813602 462 415 506 529
person 0.795085 1592 366 1635 455
person 0.785045 1073 344 1093 391
person 0.763819 1105 349 1127 402
person 0.756086 347 294 1883 439
person 0.630501 346 334 362 359
person 0.563094 409 331 425 362
person 0.495863 1303 321 1323 368
person 0.493557 1551 335 1572 382
person 0.464653 1889 410 1919 562
person 0.430721 1197 342 1226 396
person 0.411940 1082 353 1102 401
person 0.358637 1261 323 1282 369
person 0.336710 576 327 588 349
person 0.333844 1692 345 1720 391
person 0.305354 1895 341 1919 514
person 0.304537 1799 339 1828 389
person 0.287566 592 328 603 355
