person 0.989218 198 511 275 661
person 0.986212 225 409 260 490
person 0.981780 1281 407 1333 512
person 0.959382 1023 383 1059 470
person 0.933286 122 407 154 485
person 0.929026 268 438 306 530
person 0.916877 292 344 316 377
person 0.905445 311 410 344 490
person 0.895006 1576 366 1631 457
person 0.859323 460 417 492 527
person 0.851374 473 447 517 567
person 0.792232 1678 370 1725 478
person 0.784047 1073 344 1094 391
person 0.779417 680 369 712 445
person 0.760265 1105 350 1127 402
person 0.732274 138 299 1802 439
person 0.614155 1560 362 1604 457
person 0.607845 1552 335 1577 381
person 0.606643 1800 336 1829 396
person 0.605310 1610 362 1653 455
person 0.584017 346 334 362 360
person 0.471756 411 330 427 363
person 0.448113 1302 321 1322 369
person 0.431279 1897 371 1919 562
person 0.430282 1897 339 1919 471
person 0.416301 1081 354 1102 400
person 0.379439 1197 342 1227 395
person 0.373316 576 327 588 351
person 0.354645 1484 359 1509 383
person 0.314156 1262 324 1282 369
person 0.310112 1696 345 1724 390
person 0.287705 695 388 717 430
person 0.297175 592 328 604 355
person 0.991055 226 410 263 491
person 0.982270 1284 408 1336 513
person 0.982203 203 510 278 662
person 0.974823 1024 383 1062 472
person 0.939491 1582 368 1630 449
person 0.929318 472 406 512 571
person 0.923109 126 407 156 485
person 0.912916 292 345 316 377
person 0.872780 272 442 308 527
person 0.870010 1689 356 1724 456
person 0.863721 309 409 344 492
person 0.796529 1073 345 1094 391
person 0.789089 1620 361 1658 445
person 0.753703 1106 350 1128 402
person 0.749232 310 296 1914 437
person 0.717069 681 368 712 445
person 0.666016 460 418 493 529
person 0.648161 346 334 362 359
person 0.607596 1804 338 1835 397
person 0.520169 1556 335 1580 380
person 0.484258 1302 321 1322 369
person 0.459143 412 332 427 362
person 0.442873 694 383 718 431
person 0.409524 1703 346 1729 391
person 0.388193 576 327 588 351
person 0.380637 1081 356 1101 399
person 0.351622 1483 359 1507 383
person 0.349150 1198 343 1226 394
person 0.332133 591 327 603 355
person 0.297752 280 348 298 375
person 0.294011 1263 325 1282 367
person 0.287180 1899 331 1919 481
person 0.283669 1902 349 1917 418
person 0.260887 961 313 973 337
