person 0.989158 228 409 262 492
person 0.974597 1288 409 1336 510
person 0.966190 216 501 269 670
person 0.965423 1028 381 1061 468
person 0.962322 477 445 525 566
person 0.962056 1592 364 1635 452
person 0.901607 1690 376 1728 472
person 0.890105 293 345 316 376
person 0.889014 126 408 156 485
person 0.842532 274 438 308 528
person 0.836738 318 409 354 494
person 0.793111 1073 345 1094 392
person 0.769555 294 415 336 522
person 0.728058 1628 365 1666 448
person 0.716291 310 298 1915 435
person 0.697967 1106 350 1127 401
person 0.662085 1564 334 1586 378
person 0.619913 694 383 718 434
person 0.558572 685 376 709 438
person 0.541153 461 419 491 527
person 0.527143 1809 350 1840 406
person 0.519772 347 334 362 358
person 0.489560 1708 346 1731 393
person 0.485647 409 330 425 363
person 0.475313 1302 321 1321 369
person 0.447255 1079 355 1099 399
person 0.423383 577 327 589 353
person 0.384133 1038 399 1057 445
person 0.385318 1483 359 1508 383
person 0.321960 1264 325 1283 367
person 0.313919 591 326 603 356
person 0.313275 1752 305 1773 349
person 0.299755 1199 342 1226 393
person 0.989599 229 409 264 491
person 0.986220 1029 382 1066 468
person 0.976405 219 502 271 666
person 0.973602 1302 403 1338 504
person 0.960113 125 409 159 486
person 0.926057 475 404 515 575
person 0.924027 320 407 351 496
person 0.906856 1698 380 1737 467
person 0.899144 292 345 316 377
person 0.891968 1622 366 1663 449
person 0.853189 1596 365 1637 449
person 0.843696 291 418 332 523
person 0.814359 1568 337 1590 382
person 0.779489 1073 345 1095 391
person 0.738964 161 300 1777 438
person 0.706037 693 379 718 435
person 0.703218 1106 350 1128 402
person 0.618070 467 418 505 526
person 0.559252 1813 355 1845 403
person 0.556843 410 330 427 361
person 0.511967 347 334 363 358
person 0.476387 1080 356 1101 399
person 0.470203 1302 322 1320 369
person 0.436081 1753 307 1772 348
person 0.433079 575 327 588 352
person 0.433084 1842 302 1865 348
person 0.406922 682 366 713 443
person 0.404785 1710 347 1733 392
person 0.342970 1483 359 1507 383
person 0.317675 1265 327 1282 366
person 0.309993 1635 376 1662 431
person 0.295123 1253 337 1272 381
person 0.277214 591 326 603 355
person 0.271473 1199 344 1226 392
person 0.259176 280 346 299 374
person 0.254701 1361 324 1380 370
