person 0.987582 230 409 265 490
person 0.985410 1304 402 1338 502
person 0.978943 221 504 273 667
person 0.968560 1034 380 1065 466
person 0.955320 483 445 529 565
person 0.947736 284 432 325 530
person 0.928463 321 408 351 494
person 0.918123 127 408 159 486
person 0.906146 291 346 316 377
person 0.901756 1625 368 1665 451
person 0.865177 693 375 719 438
person 0.856353 1708 381 1745 466
person 0.788999 1073 346 1094 391
person 0.755558 1106 350 1128 402
person 0.694062 166 299 1769 436
person 0.627088 468 420 504 521
person 0.609884 1580 330 1604 384
person 0.565896 347 335 363 358
person 0.549523 1814 336 1868 405
person 0.490284 412 332 427 362
person 0.484148 1301 322 1320 368
person 0.451056 1041 399 1060 444
person 0.478689 1079 356 1099 399
person 0.441603 1752 306 1774 348
person 0.432695 575 329 587 353
person 0.430120 1647 366 1684 455
person 0.309817 1266 327 1284 366
person 0.302513 1484 359 1507 383
person 0.300726 835 318 845 336
person 0.297391 280 347 299 374
person 0.295396 960 314 972 338
person 0.292642 947 314 958 336
person 0.291130 749 315 763 339
person 0.280043 1715 347 1740 391
person 0.272230 1254 336 1273 382
person 0.267259 888 313 900 336
person 0.259554 592 331 603 355
person 0.252278 1780 320 1800 360
person 0.988628 1306 402 1340 504
person 0.987125 231 409 265 490
person 0.976267 1036 380 1069 466
person 0.975391 224 500 277 669
person 0.953287 285 435 327 530
person 0.947003 1631 366 1673 451
person 0.938366 482 441 531 566
person 0.928127 1648 366 1690 451
person 0.912059 322 408 351 493
person 0.891765 694 374 718 438
person 0.892920 292 346 315 377
person 0.878929 127 409 160 485
person 0.826241 1711 382 1751 471
person 0.779882 1824 332 1880 405
person 0.765538 1073 346 1094 391
person 0.759977 1106 350 1127 402
person 0.739507 1583 332 1607 383
person 0.700736 346 295 1874 431
person 0.619659 1079 354 1100 399
person 0.528334 1718 344 1744 390
person 0.524094 468 423 507 521
person 0.519644 348 335 363 358
person 0.492830 411 330 427 362
person 0.447972 1043 400 1063 444
person 0.478624 1301 322 1319 367
person 0.464313 1752 307 1774 347
person 0.434649 576 330 588 353
person 0.423476 835 318 845 336
person 0.396306 1483 359 1508 384
person 0.370255 888 312 900 335
person 0.362930 279 347 298 375
person 0.342947 1266 327 1284 365
person 0.316633 751 315 763 339
person 0.312070 946 313 958 336
person 0.275071 1362 323 1380 369
person 0.274176 1781 318 1804 360
person 0.254076 592 332 603 356
person 0.253404 961 313 973 338
