person 0.982733 232 410 267 492
person 0.976886 285 435 328 531
person 0.968275 1308 400 1341 506
person 0.965921 228 488 279 679
person 0.959675 1720 368 1766 479
person 0.959489 480 446 536 564
person 0.958382 1648 364 1694 451
person 0.941358 1042 380 1071 468
person 0.910840 324 407 350 492
person 0.901490 291 346 316 378
person 0.871218 1588 334 1610 387
person 0.867605 127 407 160 485
person 0.841278 696 374 719 435
person 0.800731 1106 349 1128 402
person 0.798157 1831 333 1879 405
person 0.769944 1073 345 1095 392
person 0.692562 354 296 1864 435
person 0.646515 469 421 508 519
person 0.585316 1080 355 1100 399
person 0.454330 348 334 363 357
person 0.446404 411 332 427 363
person 0.422631 1751 307 1773 346
person 0.416809 1483 359 1507 383
person 0.412794 576 328 589 353
person 0.401478 835 318 845 336
person 0.362566 1300 323 1318 367
person 0.354734 279 347 299 375
person 0.326518 751 316 764 339
person 0.289670 889 313 900 332
person 0.282335 1266 328 1283 365
person 0.278775 947 314 958 336
person 0.270239 591 329 602 355
person 0.984033 1654 365 1703 454
person 0.978130 234 409 268 491
person 0.967722 288 434 330 530
person 0.963395 227 509 300 661
person 0.957989 1316 402 1349 503
person 0.957642 1043 382 1072 470
person 0.943486 1724 360 1773 486
person 0.936127 698 374 722 438
person 0.927554 480 443 536 563
person 0.901178 324 407 351 494
person 0.897219 1839 332 1887 405
person 0.893373 292 345 316 377
person 0.889268 133 404 168 485
person 0.815009 1106 349 1127 402
person 0.770297 1081 353 1101 400
person 0.757858 1593 330 1617 384
person 0.724889 173 298 1760 437
person 0.662152 1074 346 1095 393
person 0.619399 473 422 509 519
person 0.515549 1847 342 1879 388
person 0.549102 410 331 425 363
person 0.477485 348 334 363 357
person 0.476842 1301 322 1318 367
person 0.473191 1483 359 1508 383
person 0.447027 1048 399 1067 448
person 0.456272 835 317 846 337
person 0.450568 576 329 588 353
person 0.367027 888 312 899 332
person 0.360957 128 419 152 472
person 0.344106 1361 321 1380 371
person 0.343342 1265 327 1283 366
person 0.332711 280 347 299 375
person 0.318033 750 316 763 339
person 0.292336 1750 306 1772 346
person 0.292043 591 328 602 355
person 0.289164 1199 343 1227 394
person 0.283282 947 313 958 335
person 0.264312 1254 337 1272 381
