person 0.995467 245 281 299 410
person 0.988931 509 258 556 376
person 0.976428 1547 274 1597 438
person 0.976363 1091 300 1139 471
person 0.971322 680 267 730 393
person 0.965295 1686 422 1815 615
person 0.931211 1288 319 1359 487
person 0.918453 1260 203 1293 285
person 0.890513 1783 261 1827 375
person 0.874746 559 157 580 192
person 0.760614 537 161 553 191
person 0.742399 1316 229 1360 330
person 0.735327 368 162 388 201
person 0.732946 1673 231 1711 329
person 0.694488 490 166 506 191
person 0.640633 1767 187 1800 239
person 0.588275 426 167 443 196
person 0.591042 821 158 833 180
person 0.585742 439 167 462 200
person 0.583449 1837 388 1916 580
person 0.422090 1131 209 1167 295
person 0.399507 1109 214 1132 271
person 0.385132 0 262 24 290
person 0.384654 1111 212 1143 294
person 0.341238 307 166 322 197
person 0.287642 827 150 839 173
person 0.259862 1867 412 1917 523
person 0.996648 246 280 301 409
person 0.990384 508 256 553 375
person 0.985106 1696 421 1823 611
person 0.984528 1550 278 1604 433
person 0.977501 680 266 730 394
person 0.932638 1093 296 1145 472
person 0.912565 1790 261 1837 370
person 0.890220 1261 204 1292 284
person 0.888859 1288 318 1361 484
person 0.837643 560 157 581 191
person 0.824716 1672 231 1712 330
person 0.746850 370 163 390 200
person 0.709024 536 161 553 190
person 0.698636 1309 230 1362 338
person 0.695628 1766 187 1800 239
person 0.650847 425 165 443 196
person 0.605474 821 158 833 181
person 0.598901 440 166 462 200
person 0.599404 491 165 507 191
person 0.489861 1845 391 1919 581
person 0.462302 1130 211 1167 292
person 0.427882 1113 212 1145 292
person 0.381472 0 262 24 290
person 0.356894 1109 212 1131 271
person 0.259488 1039 142 1050 162
