person 0.980888 287 433 330 530
person 0.979946 234 490 290 665
person 0.980136 1316 402 1351 504
person 0.972795 1663 363 1717 453
person 0.960916 1047 381 1074 470
person 0.956715 236 410 270 490
person 0.939644 325 404 351 493
person 0.902343 700 374 725 437
person 0.883810 292 346 315 377
person 0.879575 134 406 168 485
person 0.874677 479 445 537 561
person 0.841970 1106 349 1127 403
person 0.839264 1731 370 1781 478
person 0.783799 473 421 510 520
person 0.720889 171 300 1764 435
person 0.715026 1853 339 1885 390
person 0.690977 1084 352 1104 401
person 0.676957 1074 346 1094 391
person 0.487249 1482 359 1508 384
person 0.485581 1300 322 1318 366
person 0.482472 835 317 845 337
person 0.458680 411 332 425 363
person 0.449338 1597 334 1621 382
person 0.439732 349 334 363 357
person 0.434017 129 419 154 473
person 0.379571 1050 399 1067 449
person 0.388991 1735 335 1765 436
person 0.370408 754 316 765 339
person 0.370913 1361 321 1380 371
person 0.368434 576 329 588 352
person 0.341002 889 313 899 333
person 0.335582 1265 327 1282 365
person 0.311153 1750 307 1772 345
person 0.294814 592 331 603 356
person 0.288160 280 347 299 375
person 0.284387 1199 343 1227 394
person 0.270272 947 314 958 335
person 0.992352 1318 403 1353 504
person 0.986385 236 492 293 662
person 0.963512 289 434 335 531
person 0.951617 1048 381 1076 469
person 0.946840 499 452 548 564
person 0.946051 325 405 354 495
person 0.904235 135 405 168 485
person 0.896627 237 409 271 489
person 0.892227 292 346 316 377
person 0.855568 702 376 727 438
person 0.854398 1105 349 1128 403
person 0.834503 1860 339 1890 388
person 0.823195 1670 365 1717 449
person 0.817504 474 423 511 516
person 0.753608 1083 352 1104 401
person 0.705918 177 299 1762 439
person 0.683877 1746 363 1781 447
person 0.638775 1074 346 1095 392
person 0.510666 1482 359 1507 384
person 0.484207 834 318 845 338
person 0.410197 1301 323 1318 364
person 0.396097 348 335 363 357
person 0.396367 1843 302 1861 338
person 0.371878 576 329 588 352
person 0.366786 410 332 425 363
person 0.363435 1608 322 1631 373
person 0.359390 1199 342 1228 395
person 0.334466 1264 327 1282 364
person 0.330064 1749 308 1771 345
person 0.282539 1051 401 1069 450
person 0.318582 1601 337 1624 382
person 0.316166 1362 322 1380 369
person 0.306309 1812 301 1833 349
person 0.304167 888 314 899 334
person 0.298193 753 316 765 338
person 0.291209 129 419 152 471
person 0.287707 593 331 604 356
person 0.261791 946 314 958 335
