person 0.992853 1318 403 1356 503
person 0.968810 288 431 337 533
person 0.963816 499 451 548 564
person 0.961387 237 512 313 657
person 0.945724 324 405 354 493
person 0.936074 1048 383 1079 470
person 0.930228 476 421 514 519
person 0.922269 135 403 168 484
person 0.917120 1687 365 1733 448
person 0.889453 702 375 728 437
person 0.861289 1736 376 1791 474
person 0.860413 292 346 316 377
person 0.834471 238 409 272 488
person 0.788513 1105 349 1127 402
person 0.764479 175 298 1769 437
person 0.692881 1075 344 1096 394
person 0.690117 1085 352 1105 400
person 0.677484 1862 339 1892 390
person 0.622330 1618 315 1642 379
person 0.549870 1876 337 1903 389
person 0.538430 1301 321 1320 366
person 0.493502 834 317 845 338
person 0.452109 1482 359 1507 384
person 0.450522 1361 320 1380 372
person 0.431591 348 333 364 357
person 0.427111 1198 342 1228 396
person 0.374266 577 329 588 351
person 0.346318 279 348 299 376
person 0.346527 1262 325 1281 366
person 0.333822 753 316 765 338
person 0.319376 412 331 427 362
person 0.314284 889 314 900 333
person 0.297684 242 422 265 473
person 0.287201 1748 307 1771 345
person 0.284386 1841 300 1862 341
person 0.283339 1807 299 1830 349
person 0.277207 1756 365 1796 454
person 0.994014 1320 403 1361 504
person 0.987276 496 453 551 565
person 0.965285 292 435 342 530
person 0.963866 236 513 319 657
person 0.933592 481 420 514 517
person 0.927862 137 404 169 485
person 0.927402 242 410 278 489
person 0.915177 292 345 317 378
person 0.898713 698 366 732 445
person 0.894919 1698 366 1740 443
person 0.885261 327 404 356 494
person 0.848067 1761 372 1804 475
person 0.827423 1620 318 1644 378
person 0.819596 1877 337 1906 389
person 0.813050 1105 349 1127 403
person 0.794374 1052 381 1080 470
person 0.724485 1084 352 1104 401
person 0.708672 208 298 1741 438
person 0.644109 1076 344 1097 393
person 0.539513 410 330 426 362
person 0.534693 1301 321 1320 366
person 0.507072 1840 300 1861 346
person 0.452953 1198 342 1229 397
person 0.446502 834 318 844 336
person 0.425731 1482 359 1507 383
person 0.427789 1361 320 1380 372
person 0.405223 349 334 364 357
person 0.390383 575 329 587 352
person 0.380250 1747 306 1769 344
person 0.360720 1261 325 1281 366
person 0.357639 754 316 765 338
person 0.332906 1793 295 1817 351
person 0.327341 890 314 900 332
person 0.285916 592 331 604 356
person 0.285253 1252 337 1272 383
person 0.282825 1810 299 1830 347
person 0.265215 962 313 974 336
person 0.264636 946 313 958 335
