person 0.996607 1320 401 1366 505
person 0.980416 293 435 342 530
person 0.979691 237 511 322 659
person 0.971522 498 451 553 564
person 0.965321 483 420 520 516
person 0.944218 138 403 169 486
person 0.940894 243 410 278 490
person 0.913194 1710 365 1748 448
person 0.874653 700 364 732 445
person 0.869501 1770 371 1809 478
person 0.858679 292 346 316 377
person 0.848885 1053 381 1079 470
person 0.836611 1883 337 1910 390
person 0.827583 1627 321 1650 375
person 0.819995 330 402 358 493
person 0.756345 1105 350 1127 402
person 0.747407 1075 345 1096 393
person 0.702889 202 298 1743 438
person 0.606532 1085 353 1104 399
person 0.547076 1482 359 1508 384
person 0.478242 1727 361 1765 456
person 0.446893 1362 321 1380 372
person 0.440236 1199 342 1229 396
person 0.433598 1840 299 1862 347
person 0.424683 1302 322 1319 365
person 0.424418 410 330 426 363
person 0.420589 348 334 363 357
person 0.407261 834 318 845 336
person 0.390426 1747 304 1770 347
person 0.340756 1261 325 1280 366
person 0.318589 1252 335 1272 383
person 0.302082 279 347 299 376
person 0.292079 946 313 958 336
person 0.261648 888 313 899 333
person 0.260563 753 315 764 337
person 0.252095 577 328 589 349
person 0.996234 1323 402 1370 503
person 0.975090 245 410 281 489
person 0.974996 238 512 328 658
person 0.971892 502 452 554 562
person 0.965552 140 402 171 485
person 0.953639 488 418 520 518
person 0.944491 1722 360 1762 455
person 0.940807 295 439 344 530
person 0.904942 1779 375 1815 474
person 0.870667 292 346 316 378
person 0.850803 705 378 731 434
person 0.829571 1052 381 1080 471
person 0.822959 332 404 361 492
person 0.773687 1631 328 1654 386
person 0.745967 1076 344 1096 393
person 0.709938 189 296 1755 438
person 0.674529 1888 336 1914 389
person 0.667523 1104 349 1126 401
person 0.608560 1082 353 1101 400
person 0.555246 1482 359 1508 384
person 0.556986 1198 342 1229 397
person 0.510666 1302 321 1320 366
person 0.504419 410 330 425 362
person 0.503192 1745 304 1769 347
person 0.502278 348 334 363 358
person 0.495398 1362 320 1381 373
person 0.476750 834 318 844 336
person 0.474804 751 314 764 340
person 0.428372 1839 299 1863 350
person 0.362381 1261 325 1280 366
person 0.301966 577 329 588 350
person 0.287130 947 313 958 336
person 0.282381 961 311 973 336
person 0.277305 592 331 603 356
person 0.274774 1806 297 1828 347
person 0.273849 1251 335 1271 382
person 0.265095 888 313 899 333
person 0.254811 1217 342 1244 389
