person 0.996306 1324 402 1371 504
person 0.984609 245 409 281 488
person 0.983729 241 511 329 660
person 0.976332 487 418 521 522
person 0.975316 510 447 556 564
person 0.943210 320 403 364 530
person 0.942835 142 402 172 485
person 0.919641 1784 375 1820 470
person 0.915325 1730 366 1774 454
person 0.907420 701 366 733 445
person 0.894490 292 346 317 377
person 0.845033 306 418 346 527
person 0.839135 1637 332 1660 383
person 0.792506 1053 382 1081 471
person 0.736687 1077 344 1097 392
person 0.734437 183 297 1774 436
person 0.668913 1103 350 1126 401
person 0.624336 1483 358 1509 384
person 0.625458 1362 320 1381 373
person 0.548047 1892 316 1919 408
person 0.543156 347 333 363 358
person 0.536474 410 331 426 363
person 0.521288 1084 353 1102 399
person 0.515680 1302 322 1319 365
person 0.504668 1765 339 1788 389
person 0.485554 1745 306 1767 346
person 0.474588 752 315 764 339
person 0.457494 834 318 844 336
person 0.451022 1198 343 1228 395
person 0.424639 1897 330 1916 389
person 0.398379 1841 299 1864 349
person 0.399620 1260 325 1279 366
person 0.341261 592 331 603 356
person 0.324882 1807 298 1826 344
person 0.324102 577 329 588 349
person 0.306132 1750 341 1773 387
person 0.288603 277 348 296 375
person 0.277393 1251 335 1272 382
person 0.268770 887 313 899 333
person 0.256598 947 313 958 335
person 0.993710 1326 402 1374 504
person 0.987824 489 417 524 520
person 0.982860 249 407 281 489
person 0.967678 249 495 331 659
person 0.945318 515 446 558 564
person 0.944148 336 404 367 493
person 0.938834 142 401 172 486
person 0.920242 701 365 736 444
person 0.894163 1733 378 1784 458
person 0.880386 1793 372 1832 478
person 0.876565 292 346 316 378
person 0.868127 298 438 345 531
person 0.846182 1058 382 1092 472
person 0.759308 1644 337 1666 383
person 0.714716 1361 321 1382 373
person 0.701271 167 297 1789 431
person 0.684328 1076 345 1097 391
person 0.654830 411 330 427 362
person 0.637939 1103 350 1126 401
person 0.632971 1765 340 1790 393
person 0.621155 1482 359 1509 384
person 0.589103 1746 306 1767 343
person 0.585070 347 333 363 358
person 0.523618 1303 321 1321 366
person 0.503267 833 318 844 336
person 0.473527 752 314 764 339
person 0.469882 1082 353 1101 400
person 0.436423 1198 343 1229 396
person 0.435651 1261 323 1281 366
person 0.386455 1893 313 1919 411
person 0.366534 591 331 603 357
person 0.335734 578 329 588 349
person 0.325718 278 347 297 376
person 0.319860 1844 299 1865 346
person 0.304068 1899 333 1915 390
person 0.274892 1339 319 1358 369
person 0.256767 1808 300 1826 341
person 0.253863 887 313 898 334
