person 0.994825 1326 401 1376 501
person 0.981837 250 408 283 489
person 0.981509 494 417 526 520
person 0.971126 144 401 175 485
person 0.952295 252 496 332 657
person 0.937916 522 447 561 562
person 0.926027 339 406 370 491
person 0.924075 1058 382 1092 472
person 0.903056 292 346 317 379
person 0.891791 1742 359 1789 451
person 0.886034 1797 370 1835 452
person 0.871985 705 365 739 443
person 0.802096 302 437 344 533
person 0.785801 1362 322 1383 373
person 0.751135 1076 345 1097 390
person 0.747439 1745 305 1767 345
person 0.724964 161 297 1797 433
person 0.673943 410 331 426 362
person 0.672727 1104 346 1127 396
person 0.602069 1482 359 1509 383
person 0.560852 1767 343 1795 390
person 0.545628 347 332 363 357
person 0.543120 1655 335 1676 387
person 0.529831 752 314 764 339
person 0.494681 1647 341 1669 392
person 0.493579 1305 323 1322 366
person 0.485468 833 318 844 336
person 0.483685 1261 323 1281 366
person 0.440236 1844 301 1865 345
person 0.437515 1198 344 1229 394
person 0.397055 1900 343 1917 389
person 0.376688 591 328 603 356
person 0.359455 577 329 588 350
person 0.333749 1807 300 1826 342
person 0.274686 1338 321 1356 368
person 0.268110 887 313 898 334
person 0.994264 1330 401 1380 501
person 0.988712 495 415 526 520
person 0.977713 252 409 284 489
person 0.972639 145 401 175 486
person 0.942042 1060 384 1093 472
person 0.938482 524 448 562 561
person 0.915483 1802 370 1843 452
person 0.912605 265 497 317 654
person 0.883651 710 376 736 433
person 0.887809 292 346 316 380
person 0.866927 340 407 372 493
person 0.858676 1754 364 1800 449
person 0.819954 1362 322 1385 372
person 0.803023 1743 305 1765 350
person 0.800157 1075 345 1098 391
person 0.772185 304 436 344 531
person 0.764026 1103 345 1128 396
person 0.723438 147 298 1805 433
person 0.683741 411 332 427 361
person 0.596949 1843 302 1866 345
person 0.571778 1481 359 1509 383
person 0.572861 1658 322 1679 374
person 0.546685 752 314 764 339
person 0.537506 832 318 844 337
person 0.527941 1304 323 1322 367
person 0.526435 347 332 363 356
person 0.496666 1262 322 1282 367
person 0.471748 1808 298 1828 342
person 0.441647 1773 344 1802 388
person 0.438221 577 330 588 351
person 0.432537 1199 344 1229 393
person 0.347793 1334 321 1352 370
person 0.327025 591 331 603 355
person 0.304324 963 314 975 335
person 0.280153 886 312 897 334
person 0.267492 278 348 298 376
person 0.265254 1218 344 1245 389
person 0.263430 1716 293 1728 313
