person 0.994553 1334 397 1382 501
person 0.983144 495 416 527 519
person 0.981767 253 408 285 489
person 0.959600 266 499 317 653
person 0.949612 526 447 564 561
person 0.936453 146 401 175 486
person 0.931386 1061 379 1096 470
person 0.893708 342 406 373 492
person 0.872524 293 346 316 379
person 0.864011 712 378 737 433
person 0.867529 1810 367 1851 451
person 0.817487 1763 365 1808 446
person 0.804496 1363 321 1385 371
person 0.754921 1104 344 1128 396
person 0.725528 1744 306 1765 351
person 0.721875 149 299 1798 435
person 0.701660 1077 345 1099 389
person 0.689849 304 434 345 532
person 0.621717 412 331 427 361
person 0.568862 1481 359 1509 383
person 0.556699 347 332 363 358
person 0.538777 832 317 844 337
person 0.529584 751 315 763 338
person 0.521167 1844 301 1866 342
person 0.512448 1199 343 1228 393
person 0.510670 1663 338 1686 386
person 0.506977 1305 323 1324 368
person 0.503218 1261 322 1281 367
person 0.500128 1779 342 1804 384
person 0.439893 1667 320 1687 372
person 0.415287 1807 298 1828 341
person 0.390982 577 328 588 351
person 0.337681 1333 320 1352 371
person 0.309123 320 435 360 529
person 0.297173 277 348 296 376
person 0.286415 962 312 974 334
person 0.264535 885 312 897 334
person 0.260270 1218 343 1245 387
person 0.995378 1335 396 1381 501
person 0.983768 254 408 288 489
person 0.975395 494 416 529 520
person 0.967545 147 401 178 484
person 0.966253 270 497 326 656
person 0.960630 325 410 372 524
person 0.948035 1063 385 1099 471
person 0.939047 1817 365 1858 452
person 0.923479 525 448 565 561
person 0.914751 292 345 317 379
person 0.893488 1767 358 1811 444
person 0.849952 714 377 738 430
person 0.785865 1104 344 1128 397
person 0.780442 1744 306 1763 348
person 0.770584 1363 320 1384 372
person 0.739551 1076 345 1098 391
person 0.683170 152 297 1795 431
person 0.650217 347 332 363 357
person 0.646848 413 332 429 360
person 0.543607 832 316 844 336
person 0.519859 1199 342 1228 394
person 0.511560 1481 359 1509 382
person 0.508007 752 315 763 338
person 0.502296 1668 320 1691 373
person 0.497908 1306 321 1325 367
person 0.496435 1263 321 1282 366
person 0.479566 576 328 588 350
person 0.442525 1844 303 1865 343
person 0.416180 1809 300 1827 339
person 0.322937 1331 319 1350 371
person 0.315662 591 329 603 354
person 0.313574 962 312 974 333
person 0.311824 886 311 897 332
person 0.255513 1219 343 1245 388
