person 0.993022 1339 396 1381 503
person 0.990596 273 497 324 650
person 0.982827 256 406 287 488
person 0.982762 495 417 528 517
person 0.967743 527 448 568 561
person 0.959057 148 401 180 481
person 0.937352 1065 383 1100 470
person 0.916295 329 414 369 518
person 0.913745 1777 357 1819 446
person 0.896372 293 345 316 379
person 0.833403 712 362 744 443
person 0.827750 1363 320 1384 372
person 0.775577 1828 365 1869 447
person 0.761109 1104 344 1128 396
person 0.696979 177 298 1772 438
person 0.688195 413 332 429 360
person 0.665655 1743 306 1763 348
person 0.626235 1078 346 1100 389
person 0.588628 347 333 362 357
person 0.567054 1482 359 1509 381
person 0.546238 1263 322 1282 366
person 0.535221 832 315 844 336
person 0.533086 1306 322 1325 367
person 0.517638 1672 321 1698 371
person 0.498848 1844 301 1866 342
person 0.481253 753 314 764 337
person 0.443998 1199 343 1228 392
person 0.407673 1329 319 1349 372
person 0.404938 577 328 589 352
person 0.379109 1810 300 1829 341
person 0.333271 885 310 898 334
person 0.306197 1816 374 1857 468
person 0.299172 963 311 974 333
person 0.265011 1219 343 1244 387
person 0.250797 1716 291 1728 312
person 0.993320 276 492 325 654
person 0.991023 255 406 289 488
person 0.987552 1340 396 1381 503
person 0.970265 495 416 529 517
person 0.958340 1833 361 1873 450
person 0.953234 337 408 372 495
person 0.947610 151 401 182 481
person 0.945741 529 447 568 561
person 0.870781 716 369 739 433
person 0.869199 293 346 317 377
person 0.853410 1068 382 1102 470
person 0.852045 1364 319 1385 371
person 0.762257 1740 315 1761 359
person 0.752726 1784 353 1827 450
person 0.749482 1104 345 1127 395
person 0.706352 136 299 1808 435
person 0.640167 413 332 429 360
person 0.629373 1481 359 1510 382
person 0.627185 345 332 362 357
person 0.612494 1079 346 1101 389
person 0.598924 832 314 843 337
person 0.588619 1679 323 1704 373
person 0.517807 1843 301 1867 342
person 0.507314 754 315 765 337
person 0.507478 1264 323 1283 365
person 0.493261 1305 321 1324 366
person 0.410232 885 310 898 335
person 0.408936 1199 343 1227 390
person 0.400887 1690 333 1716 385
person 0.394832 577 327 589 352
person 0.381187 1076 399 1098 451
person 0.367894 1328 318 1349 372
person 0.316207 1808 299 1829 342
person 0.286424 1791 325 1812 362
person 0.282822 963 312 974 331
person 0.253137 279 348 298 375
