person 0.995844 281 490 333 659
person 0.990457 257 407 292 489
person 0.983287 1341 394 1382 503
person 0.955048 328 414 370 517
person 0.944965 1836 361 1879 447
person 0.942945 150 402 183 482
person 0.924481 535 452 579 560
person 0.918575 496 417 531 518
person 0.900276 292 345 317 379
person 0.867585 1362 318 1386 373
person 0.795670 718 373 741 430
person 0.791776 1795 360 1838 453
person 0.765890 1074 378 1102 469
person 0.738233 1105 344 1128 396
person 0.718006 411 331 430 359
person 0.688466 139 298 1799 435
person 0.630621 1738 305 1759 350
person 0.628827 831 315 843 337
person 0.614847 348 333 365 358
person 0.608656 1481 358 1509 382
person 0.566476 1079 346 1100 389
person 0.549832 1694 321 1716 370
person 0.544536 1263 322 1283 366
person 0.511810 1305 320 1324 367
person 0.435426 1843 301 1865 341
person 0.404137 578 326 590 351
person 0.396639 755 313 765 336
person 0.384643 885 310 898 335
person 0.345087 1198 341 1227 392
person 0.320208 1810 299 1831 342
person 0.303575 1329 317 1350 372
person 0.288690 591 326 604 353
person 0.272491 353 408 392 491
person 0.270889 516 428 557 550
person 0.996138 286 490 336 654
person 0.991020 259 407 293 488
person 0.984549 1348 394 1390 502
person 0.967078 328 415 370 519
person 0.950519 151 402 185 482
person 0.926872 538 448 578 560
person 0.922230 1844 365 1884 445
person 0.895307 501 420 540 516
person 0.890818 292 345 316 377
person 0.824349 1363 316 1385 371
person 0.799003 717 359 747 442
person 0.793948 1076 350 1105 458
person 0.763798 1105 344 1128 395
person 0.689915 412 332 428 360
person 0.667545 1483 358 1509 382
person 0.644656 832 314 843 336
person 0.639403 149 299 1785 434
person 0.618011 1801 361 1847 446
person 0.609081 346 332 362 356
person 0.597359 1738 305 1758 347
person 0.593666 1264 321 1283 364
person 0.574108 1697 324 1720 369
person 0.553505 511 425 557 553
person 0.550012 1303 318 1322 364
person 0.514701 1843 300 1865 343
person 0.453991 356 408 391 491
person 0.446328 1198 341 1227 391
person 0.421187 577 327 589 351
person 0.415203 1081 346 1102 388
person 0.407077 884 308 898 336
person 0.388661 1809 296 1831 345
person 0.356704 963 310 975 331
person 0.338455 753 316 764 337
person 0.335108 1787 327 1808 359
person 0.299340 266 421 288 472
person 0.301485 1330 315 1351 370
person 0.283579 1220 345 1247 387
person 0.276096 1715 289 1728 311
person 0.268961 1679 296 1692 314
