person 0.995768 288 487 340 658
person 0.989088 260 406 296 487
person 0.984828 1350 394 1390 504
person 0.980814 329 416 371 518
person 0.976017 536 448 584 562
person 0.951288 153 402 186 481
person 0.912504 501 420 539 516
person 0.882558 1077 348 1108 461
person 0.858183 1851 365 1889 445
person 0.845879 1364 319 1386 371
person 0.842391 292 344 316 378
person 0.817608 719 371 742 430
person 0.719301 1806 361 1853 444
person 0.702372 1105 344 1129 394
person 0.679020 832 315 844 337
person 0.667638 413 332 429 360
person 0.647968 151 298 1783 431
person 0.631230 1482 358 1509 381
person 0.575001 1701 334 1725 385
person 0.559411 1843 299 1864 341
person 0.555576 1263 321 1283 365
person 0.553109 750 315 762 338
person 0.522051 1305 318 1324 365
person 0.511078 1737 307 1756 347
person 0.506934 345 331 361 356
person 0.470945 885 308 899 337
person 0.441945 963 311 976 332
person 0.418299 577 327 589 351
person 0.406859 1198 341 1227 391
person 0.370442 267 423 289 469
person 0.398170 356 406 390 492
person 0.378672 1327 317 1349 372
person 0.347721 1811 296 1833 343
person 0.341249 1081 346 1102 388
person 0.340966 1706 325 1726 366
person 0.305760 1807 357 1840 408
person 0.292842 1679 296 1692 315
person 0.282495 1789 329 1808 358
person 0.280658 1220 345 1247 387
person 0.996186 291 484 347 659
person 0.988461 1352 394 1390 503
person 0.985126 263 406 295 488
person 0.985128 329 416 372 520
person 0.948339 538 448 585 559
person 0.937398 504 420 539 512
person 0.887283 292 344 317 377
person 0.864974 159 416 183 474
person 0.813585 1365 320 1386 368
person 0.805951 722 372 745 429
person 0.807769 1079 378 1109 469
person 0.766961 1850 368 1891 441
person 0.745658 1104 345 1128 395
person 0.687186 412 331 429 359
person 0.667462 1483 358 1509 382
person 0.654664 832 315 844 338
person 0.622608 163 296 1770 437
person 0.621869 1705 335 1728 386
person 0.610202 358 405 389 490
person 0.602997 1814 364 1856 441
person 0.524410 346 331 363 356
person 0.510824 751 315 762 338
person 0.506781 1262 321 1283 366
person 0.505965 1736 307 1756 348
person 0.489779 1081 346 1103 389
person 0.482146 884 308 899 337
person 0.452866 1305 319 1325 365
person 0.440530 961 309 975 332
person 0.420819 577 327 589 352
person 0.346787 1198 341 1228 392
person 0.319442 1327 320 1348 370
person 0.312120 1842 301 1862 341
person 0.306211 1710 323 1732 367
person 0.271556 1811 358 1842 406
person 0.272465 1813 288 1829 317
person 0.265285 1218 344 1247 388
person 0.263343 1788 327 1809 360
