person 0.995751 292 492 352 650
person 0.987377 1353 395 1392 502
person 0.986493 330 418 371 519
person 0.985488 266 405 298 488
person 0.967483 536 451 588 558
person 0.965727 506 417 542 511
person 0.912766 154 405 190 482
person 0.879831 293 344 316 378
person 0.864058 1365 320 1385 370
person 0.809121 723 373 746 429
person 0.749047 158 420 182 470
person 0.736857 1080 379 1112 470
person 0.716603 359 403 388 490
person 0.674921 1104 345 1128 394
person 0.656178 413 332 429 359
person 0.650656 1483 358 1510 381
person 0.631518 832 315 844 339
person 0.626807 169 295 1762 439
person 0.588807 1847 365 1891 443
person 0.584146 1263 321 1283 366
person 0.504309 1869 365 1906 448
person 0.493398 748 314 761 339
person 0.482601 1198 340 1228 394
person 0.473581 884 308 899 337
person 0.462613 1081 345 1103 390
person 0.459239 1307 319 1327 365
person 0.445636 1713 339 1736 386
person 0.434223 961 309 975 333
person 0.418874 347 332 362 355
person 0.365675 731 381 753 425
person 0.373552 1326 320 1348 372
person 0.365963 1813 287 1829 318
person 0.349990 1812 346 1857 427
person 0.344159 577 326 589 352
person 0.331138 343 406 379 499
person 0.329861 1735 306 1753 345
person 0.324353 1217 342 1245 389
person 0.301315 1788 328 1809 360
person 0.994518 294 488 353 657
person 0.993906 1354 395 1397 503
person 0.981738 268 406 299 488
person 0.981329 537 446 591 560
person 0.980708 329 419 369 520
person 0.963016 508 415 542 511
person 0.925620 156 404 191 481
person 0.880395 1365 320 1386 373
person 0.834653 292 344 316 377
person 0.803969 1082 381 1114 468
person 0.797180 1872 365 1912 447
person 0.797865 1103 344 1128 395
person 0.715969 358 402 389 492
person 0.682458 722 374 745 429
person 0.645779 831 315 844 339
person 0.631195 190 294 1738 437
person 0.586049 1081 345 1104 388
person 0.582808 1839 360 1884 442
person 0.579787 413 332 429 359
person 0.575781 1482 358 1511 380
person 0.542777 884 307 899 338
person 0.529023 1198 340 1229 394
person 0.509848 1262 321 1283 367
person 0.486876 732 379 755 429
person 0.497990 749 313 762 338
person 0.490839 1729 311 1752 367
person 0.453161 960 307 974 333
person 0.439412 1843 301 1865 343
person 0.427893 346 332 362 357
person 0.405066 1306 320 1326 365
person 0.358565 1325 321 1347 372
person 0.344762 1814 286 1831 317
person 0.336932 1814 299 1836 345
person 0.309690 1215 342 1243 389
person 0.302708 577 326 589 350
person 0.278059 280 346 298 374
person 0.278681 947 310 959 332
person 0.271922 1788 324 1812 359
person 0.273562 1818 345 1862 424
person 0.270386 723 364 758 439
