person 0.995102 249 279 301 409
person 0.989275 1703 415 1824 617
person 0.988927 1550 276 1605 435
person 0.979629 507 258 548 372
person 0.978739 679 274 733 394
person 0.959044 1101 293 1148 471
person 0.923141 1298 318 1372 488
person 0.909701 1791 261 1836 373
person 0.880794 1261 204 1293 283
person 0.855974 1312 230 1358 331
person 0.826579 561 158 581 190
person 0.788964 1673 230 1713 327
person 0.771203 369 161 392 200
person 0.713113 536 161 553 190
person 0.655715 491 165 508 192
person 0.644530 1113 211 1145 294
person 0.620502 426 165 444 196
person 0.585865 439 166 462 200
person 0.584251 821 158 833 181
person 0.581792 1768 188 1800 235
person 0.468402 0 262 24 290
person 0.427467 1129 210 1167 293
person 0.401227 1039 142 1051 163
person 0.351610 1847 387 1919 580
person 0.343566 1108 212 1131 271
person 0.345184 308 165 323 198
person 0.340010 232 159 250 190
person 0.291763 1662 168 1687 218
person 0.994770 506 254 546 375
person 0.994070 251 279 301 404
person 0.993297 1702 415 1827 613
person 0.985567 1552 282 1607 432
person 0.984033 677 274 735 394
person 0.981826 1107 294 1154 472
person 0.959117 1791 262 1840 370
person 0.886129 1303 330 1364 482
person 0.832271 560 158 581 189
person 0.812329 1260 200 1290 280
person 0.802514 1679 237 1724 324
person 0.780437 536 160 553 189
person 0.752686 371 160 390 198
person 0.736625 1316 231 1357 332
person 0.717826 1111 211 1143 293
person 0.709617 489 163 506 192
person 0.663174 426 164 444 194
person 0.613033 440 165 462 198
person 0.609493 1768 188 1800 236
person 0.565931 820 159 833 181
person 0.546250 1872 411 1919 563
person 0.430348 231 158 249 191
person 0.394327 1 262 23 290
person 0.407968 306 165 320 197
person 0.346993 1040 140 1051 161
