person 0.993793 1355 395 1398 500
person 0.983359 271 406 301 487
person 0.979356 329 420 370 517
person 0.978340 296 498 357 649
person 0.977614 511 416 545 511
person 0.962232 538 448 593 560
person 0.889339 293 344 316 378
person 0.879259 159 405 194 482
person 0.859279 1364 320 1386 373
person 0.780576 359 403 389 491
person 0.742924 1103 345 1128 393
person 0.723511 1081 379 1119 468
person 0.691319 1483 357 1511 381
person 0.689903 1880 362 1915 448
person 0.672210 167 297 1764 434
person 0.626382 413 332 429 360
person 0.586814 732 375 756 426
person 0.602858 1728 313 1754 372
person 0.565400 723 376 744 423
person 0.564010 832 315 844 339
person 0.560916 1197 340 1229 394
person 0.526106 749 313 762 338
person 0.514057 1834 348 1877 425
person 0.511612 1263 321 1284 367
person 0.502168 1082 345 1105 389
person 0.479084 346 332 362 357
person 0.463354 884 307 899 338
person 0.453466 718 361 750 438
person 0.401418 961 309 973 332
person 0.398070 1306 320 1325 365
person 0.378326 576 327 588 352
person 0.349424 1844 301 1864 344
person 0.343110 1822 342 1860 421
person 0.337120 1326 321 1347 372
person 0.330957 1216 343 1245 389
person 0.267530 1813 298 1834 344
person 0.258915 947 312 959 333
person 0.253682 1813 288 1830 318
person 0.992464 1356 395 1399 500
person 0.983104 273 405 302 489
person 0.976328 537 450 596 559
person 0.974774 330 423 368 518
person 0.967241 514 416 547 512
person 0.947074 301 499 375 649
person 0.889098 1364 320 1386 372
person 0.883591 291 343 316 378
person 0.827289 160 406 194 483
person 0.784520 359 402 389 488
person 0.757545 1082 347 1115 460
person 0.657673 732 374 756 426
person 0.664746 162 297 1767 436
person 0.638292 1879 361 1917 448
person 0.634747 1837 346 1881 428
person 0.622210 1482 358 1509 380
person 0.616556 723 373 745 426
person 0.600176 413 331 428 360
person 0.571953 1197 339 1229 395
person 0.568202 1104 345 1127 390
person 0.549013 749 313 762 339
person 0.504535 346 331 363 358
person 0.504175 1264 321 1285 367
person 0.453683 274 422 293 472
person 0.468794 1325 318 1348 372
person 0.461335 1844 301 1865 342
person 0.446466 884 309 899 338
person 0.433288 1729 311 1753 370
person 0.430454 1304 318 1324 364
person 0.426772 831 315 844 340
person 0.387605 1821 341 1861 422
person 0.383540 576 327 588 351
person 0.349119 1812 300 1834 345
person 0.348111 962 309 974 331
person 0.325532 1082 345 1104 387
person 0.321570 1217 342 1245 389
person 0.299738 1815 285 1833 316
person 0.265183 1787 323 1812 358
