person 0.991206 1356 394 1402 500
person 0.981115 517 417 550 513
person 0.980397 330 422 369 518
person 0.970260 277 405 303 487
person 0.960906 545 447 596 559
person 0.940175 161 404 194 480
person 0.935617 303 501 368 648
person 0.884828 292 343 317 377
person 0.835975 1365 319 1385 371
person 0.824975 361 401 389 490
person 0.818407 1082 346 1117 461
person 0.785640 734 375 759 428
person 0.732341 1838 344 1885 426
person 0.711448 1882 359 1917 453
person 0.681288 413 332 429 360
person 0.665179 156 297 1775 435
person 0.605344 1482 357 1510 381
person 0.602693 749 312 762 340
person 0.590497 1197 339 1228 395
person 0.582726 1732 311 1755 367
person 0.577472 1104 344 1127 390
person 0.539104 1325 317 1348 373
person 0.516434 723 377 743 426
person 0.503864 1264 321 1285 367
person 0.455402 883 308 898 337
person 0.432502 348 332 364 358
person 0.396102 830 316 842 339
person 0.384312 1303 318 1322 364
person 0.369449 1082 345 1104 386
person 0.343457 1217 341 1245 390
person 0.336190 947 310 958 332
person 0.330595 577 327 589 350
person 0.319428 1823 339 1861 421
person 0.283855 1816 285 1834 319
person 0.282550 963 309 975 330
person 0.279042 1845 301 1864 338
person 0.276431 1814 301 1835 341
person 0.269753 1786 324 1809 358
person 0.263620 1090 377 1130 470
person 0.994059 1359 394 1404 499
person 0.991253 301 495 371 652
person 0.979080 520 415 554 513
person 0.973145 277 404 304 488
person 0.960202 551 448 600 557
person 0.955969 330 422 369 514
person 0.925818 163 405 194 481
person 0.850668 292 342 316 376
person 0.810156 1366 319 1385 369
person 0.788520 361 403 389 490
person 0.758937 734 375 759 427
person 0.767824 1082 346 1117 463
person 0.697053 1734 311 1760 369
person 0.654356 749 312 763 339
person 0.644315 413 332 428 360
person 0.643067 1842 346 1887 427
person 0.640494 157 297 1774 439
person 0.613458 1483 356 1510 381
person 0.612979 1882 356 1916 453
person 0.564762 1326 318 1348 372
person 0.555570 1197 339 1229 394
person 0.527995 830 314 842 337
person 0.503747 1265 320 1286 367
person 0.500951 1103 344 1127 390
person 0.478374 577 329 590 351
person 0.453288 278 419 297 472
person 0.461124 884 309 899 338
person 0.409217 347 332 363 358
person 0.398530 1081 345 1103 386
person 0.377724 1302 318 1322 364
person 0.371917 1092 376 1130 468
person 0.361284 364 403 388 448
person 0.362933 1816 286 1833 318
person 0.326199 871 312 884 337
person 0.308418 1217 341 1246 389
person 0.305216 1785 324 1809 358
person 0.305406 1814 298 1836 342
person 0.300016 1846 300 1865 338
person 0.280453 965 309 976 330
person 0.259160 946 311 958 331
person 0.254694 1850 343 1878 384
