person 0.994128 302 492 373 658
person 0.993698 1361 394 1405 499
person 0.986313 523 415 556 513
person 0.950550 278 404 305 487
person 0.950560 555 447 601 557
person 0.920994 163 404 195 480
person 0.900400 360 405 390 488
person 0.881829 334 425 371 510
person 0.866574 293 343 317 377
person 0.859390 727 361 761 438
person 0.789239 1081 345 1118 463
person 0.779289 1367 320 1386 368
person 0.717532 1871 355 1915 449
person 0.675036 147 296 1781 437
person 0.662486 829 313 842 338
person 0.659585 413 332 429 360
person 0.624424 1742 317 1763 369
person 0.614792 750 311 763 339
person 0.580541 1482 357 1509 381
person 0.572355 1841 344 1890 425
person 0.521490 1196 339 1228 395
person 0.490580 1325 317 1348 372
person 0.478012 1265 320 1286 366
person 0.476427 884 309 898 337
person 0.455031 576 330 588 352
person 0.402629 1845 302 1862 338
person 0.371107 1092 375 1131 469
person 0.370513 1815 301 1833 340
person 0.354812 873 312 885 337
person 0.351268 347 333 363 357
person 0.341265 1302 318 1322 363
person 0.329287 1105 344 1126 388
person 0.282742 280 421 297 468
person 0.309525 1219 342 1249 389
person 0.310516 1081 344 1103 385
person 0.295943 1846 342 1875 386
person 0.293025 1816 288 1831 316
person 0.251185 1783 325 1804 360
person 0.993845 1362 394 1408 499
person 0.991994 306 492 372 659
person 0.977108 528 414 557 513
person 0.974167 559 446 602 559
person 0.934594 363 401 393 484
person 0.909355 335 424 374 513
person 0.906389 164 403 196 478
person 0.906370 277 404 306 486
person 0.892979 292 342 317 377
person 0.793384 735 374 759 427
person 0.793370 1365 319 1385 370
person 0.748204 1865 357 1917 446
person 0.748979 1094 344 1129 464
person 0.715917 830 314 842 337
person 0.681792 142 297 1793 437
person 0.653316 750 312 763 340
person 0.644656 413 331 429 359
person 0.615570 1482 357 1510 381
person 0.555255 1080 344 1103 389
person 0.543093 1746 320 1766 367
person 0.541606 1325 317 1349 373
person 0.517657 167 417 187 467
person 0.491387 1196 339 1229 394
person 0.478256 884 309 898 338
person 0.468619 1263 320 1286 368
person 0.451489 1845 302 1863 338
person 0.444946 576 329 588 352
person 0.434169 1843 342 1872 387
person 0.410969 1814 302 1833 340
person 0.410451 1302 317 1323 365
person 0.401407 1842 345 1888 421
person 0.395314 347 332 363 357
person 0.379402 1104 344 1126 388
person 0.313233 873 313 885 337
person 0.310848 1219 341 1249 388
person 0.307635 966 312 977 331
person 0.258108 372 421 392 471
person 0.284561 1753 341 1773 377
person 0.255335 279 423 297 467
person 0.275636 1816 289 1831 316
person 0.265461 1737 308 1751 341
person 0.250304 947 313 957 331
