person 0.994672 1366 393 1410 498
person 0.992324 310 493 377 659
person 0.987382 529 414 559 513
person 0.958320 281 406 312 486
person 0.923390 562 446 605 558
person 0.920131 365 405 399 486
person 0.903765 292 343 317 378
person 0.870960 338 425 377 514
person 0.843152 1091 379 1133 469
person 0.840084 170 403 207 478
person 0.821911 1870 355 1917 452
person 0.785665 737 376 761 425
person 0.793596 1365 319 1386 369
person 0.741222 727 361 763 438
person 0.719953 829 314 842 338
person 0.687848 112 296 1820 433
person 0.637516 750 312 763 339
person 0.635362 1482 357 1510 381
person 0.636562 412 333 429 359
person 0.591533 1842 340 1872 392
person 0.580930 1080 345 1102 386
person 0.577110 1196 338 1229 395
person 0.561918 1325 318 1350 372
person 0.513703 1103 345 1126 389
person 0.466681 1744 318 1764 365
person 0.464992 884 308 898 338
person 0.446943 1775 321 1798 362
person 0.424805 577 329 588 352
person 0.414443 1846 303 1865 339
person 0.412256 1262 320 1285 368
person 0.373512 873 312 885 338
person 0.367154 1815 303 1834 342
person 0.359449 967 313 977 331
person 0.349515 347 334 364 358
person 0.309018 169 423 187 463
person 0.337682 1303 318 1324 364
person 0.314239 182 419 205 464
person 0.326016 1219 341 1251 388
person 0.326172 1818 287 1834 315
person 0.288433 1735 307 1751 344
person 0.250345 947 313 956 331
person 0.992221 1370 391 1413 496
person 0.988823 529 415 561 512
person 0.987118 315 491 380 659
person 0.954363 562 445 606 558
person 0.950925 363 406 400 486
person 0.947625 281 406 313 485
person 0.908615 292 342 318 376
person 0.876099 1095 380 1134 467
person 0.834339 170 403 206 479
person 0.814888 739 375 761 426
person 0.799970 1365 319 1387 370
person 0.796656 337 424 377 509
person 0.770877 829 315 841 337
person 0.726212 1877 354 1918 452
person 0.701191 1080 344 1102 389
person 0.681975 411 332 427 361
person 0.670708 1483 356 1511 381
person 0.641122 750 313 762 339
person 0.620400 134 297 1801 434
person 0.616716 729 361 765 440
person 0.601419 1844 338 1873 392
person 0.556837 576 332 589 353
person 0.530573 1324 318 1350 373
person 0.523872 1104 345 1125 390
person 0.511380 1777 322 1799 360
person 0.507877 1197 340 1228 394
person 0.495697 1734 307 1749 344
person 0.478313 346 333 363 359
person 0.442597 1819 286 1834 315
person 0.428653 885 309 898 338
person 0.425360 873 312 884 337
person 0.376187 1847 305 1864 337
person 0.328246 183 422 203 461
person 0.363539 1816 304 1833 342
person 0.351325 969 313 980 331
person 0.317834 1261 321 1284 367
person 0.256618 169 423 187 463
person 0.302421 1722 308 1738 343
person 0.302505 1305 319 1327 365
person 0.281813 1815 322 1834 354
person 0.279386 1218 341 1247 389
person 0.252956 1739 319 1755 354
