person 0.993351 1374 391 1414 497
person 0.991025 530 414 564 513
person 0.982410 319 483 378 666
person 0.975652 282 405 314 485
person 0.959561 367 404 403 485
person 0.925810 566 448 607 558
person 0.911282 292 342 318 377
person 0.884458 172 402 204 480
person 0.865398 339 426 377 510
person 0.850943 1094 382 1134 465
person 0.818813 739 374 762 426
person 0.774549 828 314 840 336
person 0.773094 731 360 765 440
person 0.721242 1366 319 1386 367
person 0.707047 750 313 762 339
person 0.698465 411 332 428 360
person 0.687924 1080 345 1102 388
person 0.667019 1875 348 1917 428
person 0.663079 1846 338 1875 393
person 0.663453 157 295 1784 435
person 0.608925 1481 357 1511 381
person 0.606590 1196 338 1228 395
person 0.595165 1104 345 1125 391
person 0.542114 1325 317 1350 373
person 0.502374 181 419 202 465
person 0.508924 1730 303 1749 348
person 0.489450 1772 343 1792 385
person 0.440324 347 333 364 358
person 0.420286 885 308 898 338
person 0.419151 1779 321 1803 363
person 0.415008 1820 286 1837 314
person 0.409439 1816 302 1836 347
person 0.401805 873 311 884 337
person 0.389272 1261 320 1284 369
person 0.377437 577 328 589 351
person 0.328832 1845 303 1865 340
person 0.311712 970 314 981 331
person 0.298321 1218 340 1248 389
person 0.296007 1303 317 1325 365
person 0.280986 1721 306 1739 344
person 0.253276 1888 354 1915 411
person 0.253683 1849 340 1888 418
person 0.994511 322 486 381 660
person 0.991515 1375 390 1414 497
person 0.984963 531 414 565 513
person 0.977784 283 405 316 484
person 0.939313 173 400 204 479
person 0.925874 292 342 318 377
person 0.901489 565 449 609 557
person 0.866127 341 425 379 512
person 0.856749 1100 353 1131 459
person 0.824218 741 374 764 426
person 0.793196 372 407 406 484
person 0.785358 828 314 840 336
person 0.784782 1851 336 1881 398
person 0.719093 411 333 428 360
person 0.710810 1081 344 1103 389
person 0.697889 1884 347 1918 426
person 0.686793 750 313 762 338
person 0.681244 732 360 766 440
person 0.667884 1367 318 1386 365
person 0.633891 1483 356 1511 381
person 0.606266 144 296 1800 432
person 0.564108 182 416 204 466
person 0.544542 1104 345 1125 391
person 0.525925 1782 317 1808 368
person 0.501051 1729 299 1750 353
person 0.496207 1821 285 1838 314
person 0.482983 1325 317 1349 372
person 0.481018 1197 339 1228 395
person 0.466487 885 308 899 339
person 0.423482 872 311 884 336
person 0.401154 347 333 363 357
person 0.388850 1817 320 1836 356
person 0.371291 970 313 981 332
person 0.368968 577 329 589 351
person 0.338662 1778 334 1801 383
person 0.322023 1721 303 1741 349
person 0.316319 1260 321 1283 369
person 0.311107 1845 303 1865 341
person 0.300098 1218 340 1248 389
person 0.280656 373 405 396 445
person 0.277069 945 312 956 331
person 0.262383 543 422 582 515
