person 0.990692 326 486 385 656
person 0.990415 1377 388 1415 498
person 0.983591 531 414 568 516
person 0.961394 284 406 317 485
person 0.937787 574 448 615 555
person 0.886550 741 371 764 427
person 0.896839 293 342 318 375
person 0.869252 377 407 411 486
person 0.850252 1100 350 1133 459
person 0.835024 341 425 379 511
person 0.829901 175 400 207 480
person 0.766488 1855 336 1884 395
person 0.758001 1081 345 1103 388
person 0.739862 827 314 839 337
person 0.730046 750 313 763 340
person 0.630752 182 415 205 466
person 0.659324 1781 330 1806 386
person 0.645211 1366 319 1387 365
person 0.626455 1483 356 1511 381
person 0.615981 165 293 1778 434
person 0.606607 1104 346 1125 390
person 0.591227 412 332 427 360
person 0.562767 1729 299 1749 353
person 0.551536 1899 351 1919 416
person 0.509866 577 334 589 353
person 0.497064 871 311 883 338
person 0.493105 886 308 899 340
person 0.493318 973 314 985 335
person 0.428354 347 333 364 359
person 0.420640 1197 340 1229 394
person 0.406405 1822 285 1838 315
person 0.357542 1326 319 1350 370
person 0.332122 1817 303 1835 346
person 0.324728 1816 320 1836 358
person 0.313749 1719 305 1738 346
person 0.308113 1217 341 1248 389
person 0.299523 1844 303 1863 339
person 0.299681 945 313 955 333
person 0.291210 1259 322 1283 368
person 0.259909 1787 273 1799 297
person 0.984207 530 413 569 515
person 0.979436 333 484 386 656
person 0.971336 284 405 318 486
person 0.961698 575 448 617 555
person 0.925385 1379 387 1416 501
person 0.860184 293 342 318 375
person 0.860621 341 425 379 510
person 0.853578 379 408 412 486
person 0.818936 176 399 208 481
person 0.818469 736 358 769 438
person 0.817743 1103 348 1135 458
person 0.755655 1081 344 1103 390
person 0.732674 750 313 762 339
person 0.667651 183 417 205 466
person 0.701794 1368 319 1388 365
person 0.668899 1483 356 1511 381
person 0.657713 826 314 838 337
person 0.629681 1858 337 1885 397
person 0.627383 576 332 589 354
person 0.623625 1891 338 1918 432
person 0.601239 140 294 1797 434
person 0.589160 1103 345 1126 391
person 0.586942 412 332 427 361
person 0.547127 1783 332 1812 386
person 0.524682 870 312 882 339
person 0.473002 1730 300 1750 351
person 0.460301 1822 284 1838 313
person 0.451912 1326 318 1350 371
person 0.449002 886 309 900 341
person 0.446619 973 314 985 335
person 0.408399 1197 340 1229 394
person 0.381980 1901 351 1918 412
person 0.385324 349 332 365 359
person 0.350923 1718 306 1737 345
person 0.309741 1262 322 1284 367
person 0.291314 1218 341 1247 388
person 0.268514 1817 322 1836 359
person 0.269192 1787 273 1799 297
