person 0.983501 286 404 322 486
person 0.980772 1385 391 1428 495
person 0.977135 341 485 389 655
person 0.975582 537 418 575 514
person 0.974885 576 449 623 557
person 0.921151 179 398 209 480
person 0.909777 293 343 317 376
person 0.863702 738 358 770 441
person 0.852255 343 424 380 512
person 0.801169 1106 347 1137 462
person 0.766000 750 314 763 340
person 0.754146 1081 345 1103 388
person 0.683854 825 314 837 337
person 0.683631 382 410 415 489
person 0.683123 1195 337 1229 396
person 0.677794 1365 318 1387 368
person 0.656219 1861 338 1890 398
person 0.635989 413 332 429 360
person 0.622447 153 295 1785 435
person 0.591738 1481 358 1510 381
person 0.490646 745 376 766 421
person 0.553391 1104 345 1126 390
person 0.553025 870 310 882 338
person 0.539415 349 332 365 358
person 0.536594 576 331 588 353
person 0.513128 973 314 985 336
person 0.470609 1898 353 1916 403
person 0.471810 887 308 900 340
person 0.462335 1325 315 1351 373
person 0.444747 1823 285 1841 314
person 0.419889 381 407 404 447
person 0.405372 1261 320 1284 370
person 0.389423 1785 320 1812 367
person 0.354339 1819 300 1839 347
person 0.339717 1717 318 1736 355
person 0.324104 1819 321 1840 358
person 0.298903 1730 314 1750 357
person 0.281532 1844 302 1861 338
person 0.275750 1217 339 1247 389
person 0.994321 1384 389 1431 493
person 0.983588 576 447 627 557
person 0.977589 537 417 575 512
person 0.975015 287 405 322 485
person 0.968256 347 485 397 657
person 0.937842 179 399 210 481
person 0.875077 293 342 318 375
person 0.875190 343 423 379 512
person 0.838916 1105 348 1141 462
person 0.788834 1368 319 1389 365
person 0.769233 740 358 772 440
person 0.767481 383 410 415 489
person 0.756199 750 313 762 340
person 0.754196 1082 345 1104 385
person 0.689367 747 375 767 423
person 0.680495 1482 356 1511 381
person 0.625809 187 416 208 467
person 0.642179 1104 345 1126 388
person 0.626441 1893 339 1913 397
person 0.618778 1861 336 1889 398
person 0.616327 1325 315 1350 373
person 0.608336 824 315 835 335
person 0.603744 577 332 590 353
person 0.602247 132 295 1808 433
person 0.595812 1196 338 1229 395
person 0.575673 412 332 427 360
person 0.479874 1786 320 1811 365
person 0.426022 974 314 986 335
person 0.425355 1262 320 1285 369
person 0.416023 872 313 883 336
person 0.405100 1715 304 1734 347
person 0.394609 1730 301 1750 352
person 0.389745 1822 284 1838 313
person 0.365649 1846 302 1864 339
person 0.361821 1819 322 1839 358
person 0.351619 383 406 406 445
person 0.339721 349 332 365 358
person 0.340135 887 310 898 337
person 0.338116 1714 320 1731 354
person 0.324650 1786 273 1799 297
person 0.317548 1817 301 1837 346
person 0.291863 1218 339 1248 389
