person 0.995042 1385 391 1432 494
person 0.986342 539 416 574 510
person 0.986198 289 404 323 485
person 0.978458 578 451 629 557
person 0.956221 350 488 399 649
person 0.923896 180 399 213 480
person 0.873534 293 342 318 375
person 0.864356 344 425 379 507
person 0.842667 747 372 769 425
person 0.829974 1113 375 1145 467
person 0.804130 1368 319 1389 366
person 0.790543 1083 345 1105 386
person 0.779051 750 314 762 339
person 0.752269 383 409 414 487
person 0.672086 1885 339 1910 394
person 0.664251 1483 356 1510 381
person 0.662082 576 328 590 353
person 0.660637 1105 345 1125 388
person 0.656998 741 359 775 439
person 0.616938 1325 315 1350 373
person 0.603520 824 315 835 334
person 0.593079 155 292 1783 438
person 0.591927 1196 338 1229 395
person 0.540187 411 331 426 359
person 0.524254 870 312 881 337
person 0.435735 1843 300 1862 341
person 0.431082 1714 304 1735 346
person 0.429539 1817 298 1837 346
person 0.415197 1730 302 1750 350
person 0.400734 1262 320 1285 369
person 0.359059 348 332 364 358
person 0.354262 887 309 899 338
person 0.336468 975 313 987 334
person 0.334484 369 418 410 509
person 0.333527 1822 286 1837 314
person 0.317910 1788 321 1813 361
person 0.315710 384 406 407 446
person 0.310847 1786 273 1799 297
person 0.299013 943 314 954 332
person 0.278867 1817 323 1839 359
person 0.260651 1219 339 1248 388
person 0.253300 1860 339 1887 389
person 0.996764 1387 390 1435 493
person 0.989573 574 447 634 558
person 0.986336 291 405 325 482
person 0.981859 540 413 575 509
person 0.979392 351 486 402 649
person 0.912785 180 399 214 480
person 0.885051 1115 373 1147 467
person 0.870102 344 424 379 508
person 0.843877 384 410 414 487
person 0.836637 292 342 317 375
person 0.837582 1368 319 1389 368
person 0.764097 747 373 768 423
person 0.779101 1084 345 1105 388
person 0.753951 750 313 762 339
person 0.740724 1880 337 1908 395
person 0.655042 1483 356 1510 381
person 0.644406 1326 315 1350 374
person 0.639310 824 315 835 335
person 0.631937 1104 344 1124 386
person 0.603110 1196 339 1229 395
person 0.581820 179 295 1765 438
person 0.580813 741 360 775 438
person 0.553019 411 331 426 359
person 0.520317 869 311 880 337
person 0.506801 576 327 588 352
person 0.431298 1713 302 1737 347
person 0.410610 1843 299 1863 342
person 0.407688 1262 320 1285 369
person 0.397079 887 308 899 337
person 0.386766 1816 297 1837 346
person 0.318771 299 422 319 466
person 0.366442 943 313 953 333
person 0.355023 975 313 986 333
person 0.337519 1711 320 1729 356
person 0.321326 370 414 409 514
person 0.300470 348 333 364 358
person 0.299046 1822 286 1837 313
person 0.288306 385 407 408 444
person 0.287364 1820 325 1842 361
person 0.275284 1219 339 1248 389
person 0.266810 1731 303 1750 345
