person 0.997087 1387 391 1437 493
person 0.987932 543 413 576 508
person 0.986891 355 484 408 652
person 0.984883 578 449 636 557
person 0.972395 298 404 326 484
person 0.961749 182 399 215 479
person 0.917136 1113 372 1151 468
person 0.895631 292 343 317 376
person 0.821132 345 426 379 501
person 0.816464 385 410 414 486
person 0.783290 1880 336 1909 396
person 0.792360 1367 318 1389 367
person 0.777214 1084 345 1105 390
person 0.739651 742 359 776 439
person 0.684004 749 377 769 422
person 0.692018 750 314 762 339
person 0.645936 184 296 1759 439
person 0.638775 1482 357 1510 381
person 0.633303 1195 338 1228 396
person 0.598671 412 333 428 359
person 0.598039 1325 316 1350 374
person 0.569257 1105 345 1124 387
person 0.542392 825 316 836 336
person 0.484480 1708 321 1727 357
person 0.459298 575 329 587 352
person 0.456023 1817 296 1837 347
person 0.439730 870 313 880 337
person 0.428452 1841 296 1862 344
person 0.394205 1262 321 1284 368
person 0.385591 349 333 365 358
person 0.369904 888 309 899 336
person 0.297168 347 442 372 483
person 0.332633 1712 305 1733 345
person 0.328566 944 313 953 333
person 0.318300 1818 322 1840 360
person 0.307306 1731 303 1750 347
person 0.298479 1822 287 1837 315
person 0.271614 975 313 986 333
person 0.253998 1788 320 1812 359
person 0.996017 1390 390 1439 491
person 0.993656 355 484 411 654
person 0.987379 546 411 579 510
person 0.984557 579 449 637 555
person 0.971727 300 403 328 483
person 0.967166 181 401 217 478
person 0.899374 1120 379 1152 467
person 0.883516 1881 335 1909 394
person 0.858755 293 343 316 375
person 0.833233 749 375 772 426
person 0.831789 386 408 413 485
person 0.819691 1368 319 1390 370
person 0.812751 1085 344 1105 390
person 0.790402 345 426 380 498
person 0.683629 1106 345 1124 387
person 0.680939 749 313 762 340
person 0.663533 1325 315 1350 374
person 0.631846 1483 356 1511 381
person 0.632348 200 297 1748 440
person 0.557587 1197 339 1228 394
person 0.549335 1707 320 1727 356
person 0.522323 744 359 780 438
person 0.492401 412 331 427 359
person 0.477488 576 326 588 351
person 0.451308 868 313 879 338
person 0.446785 1817 298 1836 344
person 0.417583 1263 321 1284 367
person 0.403803 823 315 834 336
person 0.379873 1841 297 1861 342
person 0.312166 348 441 373 481
person 0.339037 1710 306 1730 343
person 0.317989 888 310 899 337
person 0.313826 1822 287 1836 315
person 0.313022 1732 304 1749 341
person 0.288469 976 313 986 333
person 0.284857 943 314 953 333
person 0.273666 350 332 365 356
person 0.263719 1818 323 1838 359
person 0.260630 786 283 1919 424
