person 0.995162 1391 390 1442 491
person 0.990842 581 447 641 556
person 0.988769 549 411 583 511
person 0.970625 303 403 329 484
person 0.950547 360 487 419 649
person 0.948069 1119 375 1154 468
person 0.931761 181 401 218 478
person 0.903707 293 342 317 376
person 0.877685 1884 335 1910 397
person 0.855550 746 359 780 437
person 0.830786 1085 344 1105 391
person 0.822186 345 426 380 501
person 0.800241 1368 319 1390 370
person 0.794141 387 408 414 486
person 0.687369 750 374 772 424
person 0.681581 1105 344 1123 387
person 0.672852 1326 317 1350 373
person 0.670598 1484 356 1510 381
person 0.639518 750 314 761 339
person 0.627425 170 298 1776 438
person 0.596523 1816 298 1834 347
person 0.587807 413 332 428 359
person 0.558206 1197 339 1228 396
person 0.490581 1263 321 1285 367
person 0.444835 1707 318 1727 356
person 0.418455 1842 296 1862 345
person 0.403430 1709 304 1732 347
person 0.380634 574 326 586 350
person 0.380503 869 313 880 336
person 0.357655 1732 304 1750 345
person 0.348346 350 333 365 356
person 0.281168 349 442 373 482
person 0.319042 888 309 899 336
person 0.317270 821 316 831 335
person 0.289947 1795 299 1813 349
person 0.281860 1789 320 1810 357
person 0.272086 943 314 952 333
person 0.266018 976 314 986 333
person 0.255490 1822 288 1836 315
person 0.994363 1394 390 1443 491
person 0.990213 552 412 586 512
person 0.976974 582 448 640 555
person 0.973524 306 402 330 484
person 0.960064 357 493 426 642
person 0.948249 182 401 218 479
person 0.947970 1121 378 1155 468
person 0.908748 388 405 414 485
person 0.892015 295 342 316 375
person 0.855476 344 424 381 508
person 0.846090 1085 344 1105 391
person 0.794747 1887 335 1914 395
person 0.789779 752 372 774 425
person 0.779190 1369 320 1390 368
person 0.730424 1105 344 1123 386
person 0.685973 1484 356 1510 381
person 0.662688 747 359 781 437
person 0.636271 750 313 761 338
person 0.634057 1814 298 1832 346
person 0.621547 173 297 1772 436
person 0.592163 1706 318 1727 357
person 0.588060 412 333 426 359
person 0.516448 1329 320 1349 368
person 0.471682 1265 319 1286 367
person 0.449749 573 327 585 353
person 0.439059 1199 339 1227 394
person 0.429757 868 314 878 336
person 0.394997 1709 305 1730 345
person 0.380677 1841 294 1861 344
person 0.370945 820 317 830 335
person 0.363424 1732 303 1750 343
person 0.349673 976 316 986 334
person 0.330706 349 334 363 357
person 0.307057 942 316 952 334
person 0.298137 1795 300 1813 348
person 0.281156 890 311 900 334
person 0.273430 1678 297 1691 315
person 0.267653 1844 285 1862 320
