person 0.994677 1703 413 1822 619
person 0.990733 679 275 735 392
person 0.988705 504 253 544 365
person 0.983338 1552 281 1609 434
person 0.983247 262 280 304 402
person 0.968941 1794 263 1840 372
person 0.963869 1309 316 1363 493
person 0.958573 1112 303 1157 458
person 0.829967 1258 201 1288 282
person 0.825732 1680 237 1724 324
person 0.820919 561 158 580 189
person 0.818614 1315 228 1356 336
person 0.773797 536 160 553 190
person 0.743747 372 163 394 197
person 0.705163 1112 211 1142 292
person 0.691841 489 164 505 191
person 0.672024 441 164 462 198
person 0.634413 1881 403 1919 574
person 0.639702 1767 188 1800 235
person 0.624622 427 163 445 194
person 0.552021 819 158 832 181
person 0.421225 305 166 320 196
person 0.398004 0 261 22 290
person 0.313734 1661 169 1686 222
person 0.302671 231 158 249 189
person 0.299006 1863 360 1917 613
person 0.290270 612 149 625 175
person 0.265694 1038 142 1049 162
person 0.996211 1701 409 1823 629
person 0.988211 504 254 541 374
person 0.987576 680 275 737 393
person 0.974164 1797 259 1841 376
person 0.972279 1553 285 1611 428
person 0.958670 265 277 308 400
person 0.946485 1304 313 1372 487
person 0.922407 1680 235 1725 325
person 0.913993 1112 318 1163 450
person 0.853137 1257 201 1286 281
person 0.850795 1315 230 1355 332
person 0.820353 536 160 553 189
person 0.780595 1111 212 1145 292
person 0.761248 561 158 581 189
person 0.749356 486 165 503 193
person 0.722495 372 164 393 197
person 0.684837 1767 189 1800 235
person 0.672220 427 164 445 195
person 0.658993 441 165 463 199
person 0.498643 820 159 832 180
person 0.415177 0 261 22 289
person 0.331502 305 168 319 196
person 0.303640 613 149 626 174
person 0.297291 1708 207 1734 235
person 0.288449 1663 170 1687 220
person 0.266786 230 157 247 187
