person 0.991926 1394 390 1443 491
person 0.987017 584 446 643 556
person 0.981838 307 401 331 484
person 0.974038 558 412 588 511
person 0.952562 365 490 431 652
person 0.936213 1122 377 1155 467
person 0.920147 185 400 220 479
person 0.907196 294 342 317 376
person 0.852931 1085 344 1105 392
person 0.827005 347 423 384 513
person 0.824124 747 360 781 438
person 0.808072 1105 344 1123 387
person 0.787450 1887 333 1916 399
person 0.781944 1369 321 1390 368
person 0.732407 392 399 424 482
person 0.664285 1811 296 1832 348
person 0.646237 189 299 1768 436
person 0.642638 1484 356 1509 380
person 0.603087 1198 338 1228 397
person 0.585818 413 333 427 360
person 0.579773 750 313 761 339
person 0.492837 1706 315 1728 356
person 0.483511 1263 320 1284 368
person 0.473924 1329 320 1349 368
person 0.446355 819 315 829 336
person 0.429748 573 327 585 352
person 0.391052 868 314 878 336
person 0.376377 1731 301 1750 347
person 0.314324 1794 297 1815 352
person 0.306247 390 402 414 454
person 0.271652 400 422 420 467
person 0.300191 976 316 986 335
person 0.292493 1840 292 1863 345
person 0.292868 1843 284 1863 321
person 0.281810 889 312 899 336
person 0.271599 350 334 364 357
person 0.252178 1218 338 1245 390
person 0.993603 1396 389 1443 493
person 0.975484 560 411 590 513
person 0.970400 592 448 641 554
person 0.968951 310 402 333 484
person 0.968479 364 491 433 650
person 0.946524 1121 377 1156 467
person 0.926513 185 401 220 479
person 0.916705 294 341 317 375
person 0.853608 1880 330 1919 403
person 0.848003 1085 345 1105 391
person 0.814063 1369 319 1390 369
person 0.805428 393 401 424 484
person 0.796994 753 371 776 427
person 0.793029 1105 344 1123 386
person 0.742925 348 424 384 511
person 0.684901 1810 297 1831 347
person 0.664562 1484 356 1510 381
person 0.622150 192 299 1761 436
person 0.601671 1703 316 1724 355
person 0.581030 750 313 761 338
person 0.497646 818 315 828 334
person 0.497284 1329 319 1349 369
person 0.486056 1198 339 1228 395
person 0.479808 867 315 876 335
person 0.478864 412 332 427 359
person 0.408337 401 421 421 470
person 0.450589 1264 320 1284 368
person 0.439319 1731 303 1750 346
person 0.429130 574 326 586 352
person 0.375089 978 317 987 334
person 0.363818 1844 285 1864 319
person 0.296185 1795 299 1815 349
person 0.275324 780 281 1919 421
person 0.273223 889 311 899 334
person 0.255849 1678 298 1691 315
