person 0.990567 1398 389 1443 493
person 0.984192 562 410 593 513
person 0.969461 598 446 643 556
person 0.965177 311 402 336 483
person 0.955083 369 484 431 649
person 0.930477 294 342 317 376
person 0.918031 187 401 222 479
person 0.908504 395 400 424 485
person 0.894593 1121 378 1156 468
person 0.860012 1084 344 1105 392
person 0.822588 1105 344 1123 387
person 0.819373 352 421 395 513
person 0.804041 1369 319 1391 370
person 0.791263 756 370 777 427
person 0.726369 1889 332 1916 394
person 0.709939 1808 294 1832 351
person 0.643727 1484 356 1510 380
person 0.600261 182 298 1767 435
person 0.581486 412 331 428 359
person 0.570922 749 313 761 339
person 0.513061 818 315 828 335
person 0.512876 1704 303 1726 349
person 0.468679 1330 320 1349 367
person 0.458071 574 326 586 352
person 0.448559 1198 338 1228 396
person 0.445578 1263 320 1284 367
person 0.439217 1730 299 1752 352
person 0.416616 867 315 876 336
person 0.352872 402 420 422 472
person 0.333320 978 315 987 333
person 0.321807 1844 285 1865 320
person 0.301343 1793 297 1816 353
person 0.300204 944 315 953 333
person 0.292341 889 311 898 334
person 0.271993 1840 290 1864 347
person 0.269131 379 405 413 493
person 0.986020 1399 388 1445 492
person 0.985206 562 413 593 510
person 0.965316 311 402 337 483
person 0.947824 366 492 439 640
person 0.937830 1129 378 1166 465
person 0.937456 396 398 425 485
person 0.915866 295 342 319 375
person 0.915605 608 443 641 545
person 0.908955 351 422 393 514
person 0.866073 1368 317 1391 372
person 0.862669 1084 344 1106 392
person 0.862789 187 400 223 479
person 0.812726 1104 344 1123 388
person 0.791097 1887 323 1919 404
person 0.765779 758 372 779 426
person 0.656272 1809 296 1829 347
person 0.626664 749 313 761 339
person 0.625140 1328 320 1350 371
person 0.621516 1484 356 1511 380
person 0.592887 1704 304 1725 348
person 0.567826 181 299 1765 436
person 0.562801 818 315 828 337
person 0.496920 1731 301 1751 350
person 0.483223 410 330 426 360
person 0.472589 574 326 586 352
person 0.422658 1266 319 1286 368
person 0.399501 865 315 874 336
person 0.381169 1198 340 1227 393
person 0.343389 979 315 988 332
person 0.300726 403 420 423 470
person 0.309330 889 312 899 335
person 0.299701 1842 292 1865 348
person 0.277662 1795 298 1814 350
person 0.272133 944 314 953 331
