person 0.984735 1401 388 1447 491
person 0.982754 564 412 596 510
person 0.977611 312 404 338 486
person 0.964272 396 399 427 485
person 0.962269 1128 378 1167 465
person 0.937538 295 343 319 376
person 0.927852 370 489 442 640
person 0.915471 353 422 393 514
person 0.909802 188 400 223 478
person 0.889067 753 358 783 437
person 0.860650 1368 317 1392 371
person 0.856860 1084 344 1105 394
person 0.839596 608 439 651 553
person 0.823865 1104 344 1124 391
person 0.813684 1888 320 1919 404
person 0.678676 758 373 777 424
person 0.678130 1807 295 1830 349
person 0.637170 1483 356 1511 380
person 0.609489 750 313 761 338
person 0.610331 354 295 1852 426
person 0.552985 412 331 427 359
person 0.530916 1328 320 1350 370
person 0.512498 1704 303 1724 347
person 0.505605 819 314 829 335
person 0.391377 313 421 332 472
person 0.449348 1730 300 1751 351
person 0.446767 1264 321 1284 367
person 0.430428 1197 339 1227 396
person 0.402566 863 314 872 334
person 0.395124 573 327 586 352
person 0.371209 1844 293 1867 346
person 0.352867 979 315 988 333
person 0.311993 888 311 898 335
person 0.288385 349 331 365 356
person 0.279280 944 313 953 331
person 0.988757 1405 388 1451 492
person 0.984305 564 412 596 511
person 0.977425 397 400 428 486
person 0.971910 312 404 339 487
person 0.966402 1132 378 1167 461
person 0.952140 352 422 393 516
person 0.935853 189 399 224 478
person 0.935140 611 438 651 552
person 0.934283 296 343 320 375
person 0.874659 382 485 436 649
person 0.854691 1369 318 1391 369
person 0.842833 1084 344 1105 394
person 0.820447 1103 343 1124 392
person 0.745096 758 369 780 428
person 0.699028 1484 356 1512 380
person 0.695532 1890 315 1919 408
person 0.675588 1328 321 1352 372
person 0.629043 749 313 761 337
person 0.611196 343 298 1865 427
person 0.584979 1703 308 1721 344
person 0.546403 1810 298 1830 345
person 0.513085 1699 317 1719 355
person 0.496408 573 327 586 352
person 0.486664 818 314 828 336
person 0.473110 410 330 425 360
person 0.472685 1266 320 1286 367
person 0.458172 1198 339 1227 395
person 0.449969 1732 302 1750 347
person 0.381950 864 315 873 335
person 0.314300 314 421 333 472
person 0.322740 1847 293 1869 346
person 0.309698 980 315 989 333
person 0.291456 888 311 897 336
person 0.264045 1220 340 1245 389
person 0.253040 1297 322 1314 359
person 0.252157 944 314 953 331
