person 0.984939 565 415 599 510
person 0.977325 397 400 430 485
person 0.975806 1408 387 1451 491
person 0.964084 382 485 437 651
person 0.954366 613 437 650 553
person 0.949409 1135 377 1168 463
person 0.940666 313 403 341 485
person 0.938015 355 420 392 518
person 0.917828 296 343 320 375
person 0.888685 192 399 226 478
person 0.868069 1368 318 1392 371
person 0.843682 755 358 785 436
person 0.839633 1084 343 1105 394
person 0.834675 1103 343 1124 393
person 0.715140 1889 316 1919 409
person 0.647731 1483 356 1511 380
person 0.641211 1328 319 1352 372
person 0.628679 349 297 1856 430
person 0.613307 1807 297 1831 348
person 0.597782 750 313 762 338
person 0.569547 1701 315 1721 358
person 0.500781 1197 339 1227 395
person 0.464236 410 329 427 359
person 0.451002 1847 293 1871 347
person 0.450827 1731 303 1750 348
person 0.414351 1265 320 1286 368
person 0.297933 573 326 585 350
person 0.285520 864 316 874 334
person 0.274301 979 315 988 332
person 0.254152 818 315 828 335
person 0.253441 887 311 898 335
person 0.979261 566 414 602 510
person 0.978230 386 486 437 650
person 0.975823 398 401 432 484
person 0.966931 1409 386 1453 494
person 0.960365 1136 375 1169 462
person 0.956885 356 419 392 517
person 0.955588 614 438 652 552
person 0.928787 314 404 341 485
person 0.920954 295 342 320 374
person 0.844365 1371 319 1393 369
person 0.839094 1103 343 1124 393
person 0.817827 1083 344 1105 393
person 0.798532 194 399 228 478
person 0.782132 1891 317 1919 406
person 0.719490 760 369 780 427
person 0.680255 1484 356 1512 380
person 0.651598 191 301 1759 441
person 0.650039 1197 341 1227 394
person 0.638697 1329 319 1352 371
person 0.618383 1702 306 1720 345
person 0.587475 1811 298 1832 345
person 0.543034 749 313 762 337
person 0.485861 1731 302 1750 348
person 0.482782 411 331 427 359
person 0.409573 1265 319 1286 368
person 0.278997 1897 330 1916 393
person 0.316773 573 328 585 352
person 0.302302 1851 286 1869 318
person 0.274978 1849 296 1870 345
person 0.260694 349 331 365 356
