person 0.995075 389 485 438 651
person 0.979750 398 402 434 486
person 0.977473 568 415 603 509
person 0.972654 358 420 393 518
person 0.972424 616 444 656 557
person 0.950026 1412 387 1454 493
person 0.908090 296 343 320 375
person 0.903660 313 403 345 484
person 0.886070 1140 377 1169 462
person 0.878321 197 398 230 478
person 0.851166 1369 319 1393 370
person 0.798429 1103 343 1124 392
person 0.782403 1083 344 1104 392
person 0.772503 759 366 781 428
person 0.751850 1888 319 1919 402
person 0.682703 1483 354 1511 380
person 0.656932 1197 340 1227 395
person 0.639840 343 298 1863 431
person 0.627828 1328 318 1353 372
person 0.614255 750 313 762 337
person 0.593903 1701 314 1722 358
person 0.575710 1810 298 1832 345
person 0.440995 1731 302 1750 347
person 0.378070 410 330 427 360
person 0.356892 1851 285 1870 318
person 0.351802 572 326 585 352
person 0.351086 1265 320 1286 366
person 0.321250 1685 315 1703 356
person 0.290245 860 314 870 334
person 0.281005 1852 319 1874 360
person 0.270919 818 314 829 335
person 0.265675 1219 340 1245 389
person 0.255794 1848 298 1870 345
person 0.994907 394 482 441 653
person 0.977756 399 402 433 485
person 0.977772 360 418 394 518
person 0.976798 568 414 606 510
person 0.957475 616 446 660 557
person 0.953623 1409 386 1458 493
person 0.907560 295 342 320 375
person 0.887003 317 405 350 484
person 0.870568 1371 320 1394 369
person 0.835308 198 398 231 479
person 0.800723 1103 343 1124 391
person 0.796062 1083 344 1104 389
person 0.746166 1146 375 1170 444
person 0.730191 1484 355 1512 380
person 0.677540 749 313 762 337
person 0.640728 1890 317 1919 403
person 0.624644 760 366 781 430
person 0.630145 1329 317 1352 371
person 0.620494 1810 298 1832 344
person 0.618753 351 297 1857 432
person 0.586136 1699 317 1719 357
person 0.502999 1197 341 1226 393
person 0.478626 818 313 828 335
person 0.459491 411 330 428 359
person 0.444338 1733 305 1749 342
person 0.408596 1685 318 1703 355
person 0.401990 1704 306 1722 345
person 0.374421 1266 319 1286 365
person 0.365998 860 314 869 334
person 0.349026 770 372 790 424
person 0.317007 407 419 429 468
person 0.341821 1848 298 1870 345
person 0.286982 888 310 898 334
person 0.275007 573 326 585 348
