person 0.993016 395 483 445 648
person 0.980852 400 402 436 486
person 0.972366 569 415 606 510
person 0.955884 361 419 395 517
person 0.946619 319 403 350 483
person 0.930633 1420 391 1466 489
person 0.916583 621 446 666 559
person 0.914732 297 343 320 375
person 0.845771 1371 320 1394 370
person 0.822473 1146 376 1174 466
person 0.767547 1103 344 1124 391
person 0.760135 1082 344 1103 389
person 0.721619 1484 355 1511 380
person 0.706718 201 399 232 478
person 0.622094 351 298 1854 433
person 0.617552 1810 298 1832 343
person 0.615874 750 313 762 337
person 0.591444 1896 328 1916 388
person 0.568899 770 371 791 425
person 0.544705 1329 317 1352 371
person 0.478127 818 314 828 336
person 0.471997 761 369 781 427
person 0.468209 1732 303 1749 345
person 0.451706 1704 304 1722 348
person 0.419940 1198 342 1226 392
person 0.397982 410 330 427 359
person 0.397017 1684 304 1702 346
person 0.382588 1266 320 1286 364
person 0.318758 863 315 872 335
person 0.304987 1086 356 1108 399
person 0.299633 889 311 898 334
person 0.283813 1849 302 1868 343
person 0.279089 1851 285 1870 316
person 0.982951 397 483 449 647
person 0.980599 401 402 435 483
person 0.970866 569 415 606 510
person 0.969521 1149 375 1178 463
person 0.958449 361 419 396 518
person 0.939029 620 449 670 555
person 0.922415 320 404 350 484
person 0.894258 1426 387 1462 477
person 0.891730 296 343 321 375
person 0.837710 1373 321 1395 369
person 0.833701 1103 344 1125 393
person 0.776768 204 410 228 472
person 0.736381 1485 355 1511 381
person 0.725327 1082 345 1103 390
person 0.696476 770 371 791 426
person 0.685396 362 296 1845 428
person 0.658158 749 313 761 337
person 0.626057 1812 300 1832 342
person 0.499437 1900 329 1916 398
person 0.505538 1684 317 1703 357
person 0.454783 1698 316 1718 357
person 0.444202 1198 342 1227 392
person 0.437644 1267 319 1287 365
person 0.390293 409 418 431 469
person 0.423327 1332 318 1352 368
person 0.411416 1706 306 1723 344
person 0.401548 1733 305 1749 340
person 0.396321 820 316 830 335
person 0.366985 889 311 899 333
person 0.360613 1852 286 1871 316
person 0.351686 410 330 427 360
person 0.350032 862 315 872 335
person 0.303608 1683 305 1700 342
person 0.262942 328 422 345 470
person 0.293269 981 311 991 330
person 0.283491 1845 320 1867 359
person 0.260834 938 312 948 330
