person 0.981140 399 483 455 646
person 0.979932 404 401 438 485
person 0.974982 1149 374 1179 465
person 0.972613 575 416 610 508
person 0.968518 360 420 398 519
person 0.963648 1422 391 1467 490
person 0.952791 624 445 678 556
person 0.947926 321 401 350 482
person 0.910943 297 344 321 375
person 0.848245 1373 320 1396 370
person 0.840972 1103 344 1125 393
person 0.797064 771 367 792 429
person 0.710763 1484 356 1511 381
person 0.700072 749 313 762 337
person 0.693960 355 294 1857 429
person 0.689185 1082 345 1103 391
person 0.666582 1682 314 1702 359
person 0.621643 204 410 229 471
person 0.580866 1898 329 1916 393
person 0.580189 1811 299 1833 343
person 0.443477 1332 316 1353 369
person 0.423263 1732 307 1748 342
person 0.403983 1704 318 1722 357
person 0.401569 410 329 427 360
person 0.391991 888 310 898 335
person 0.391980 1266 321 1286 364
person 0.373964 859 314 868 334
person 0.356405 1852 286 1872 317
person 0.343617 823 315 832 334
person 0.274469 412 420 433 468
person 0.320802 1198 342 1227 391
person 0.283343 214 419 236 464
person 0.295999 1711 306 1727 343
person 0.295350 981 310 991 330
person 0.280661 939 311 949 331
person 0.276217 1846 301 1868 343
person 0.258111 1845 321 1867 359
person 0.258834 1889 318 1919 407
person 0.982957 407 399 438 485
person 0.979606 1422 390 1470 489
person 0.975098 361 420 399 518
person 0.974970 403 482 458 651
person 0.974860 576 416 612 508
person 0.935798 1155 374 1181 467
person 0.930547 624 447 679 556
person 0.929163 324 400 351 480
person 0.921422 297 344 321 376
person 0.852210 1373 319 1396 370
person 0.833788 1103 344 1125 393
person 0.814232 774 371 795 426
person 0.756189 1483 356 1511 381
person 0.696698 749 312 762 338
person 0.675334 1082 344 1103 392
person 0.663723 358 294 1852 431
person 0.662759 1812 298 1832 345
person 0.608218 1682 316 1702 357
person 0.569980 411 330 428 360
person 0.550506 205 409 229 471
person 0.453320 1900 329 1916 393
person 0.462577 1731 305 1748 345
person 0.426930 214 414 239 467
person 0.407534 1332 318 1353 368
person 0.405912 856 314 866 335
person 0.390717 823 315 834 335
person 0.364970 1267 320 1287 364
person 0.354316 888 310 898 335
person 0.330503 1712 305 1729 344
person 0.277284 413 418 433 469
person 0.317977 1199 343 1227 390
person 0.309899 1852 286 1873 319
person 0.307532 570 326 583 350
person 0.302298 1895 318 1912 371
person 0.301684 1846 300 1867 343
person 0.275250 1706 318 1724 355
person 0.272743 981 310 992 331
