person 0.986166 579 414 615 510
person 0.982631 1424 392 1470 492
person 0.980546 407 400 439 483
person 0.978492 360 420 399 518
person 0.971447 405 480 461 652
person 0.970041 1154 376 1186 464
person 0.939027 628 446 680 556
person 0.914662 296 344 320 376
person 0.900000 325 401 354 480
person 0.858704 1103 344 1126 393
person 0.842266 774 370 796 426
person 0.854614 1372 319 1396 370
person 0.702814 1482 356 1511 380
person 0.691218 1082 345 1103 391
person 0.687147 749 313 762 339
person 0.687455 350 295 1858 433
person 0.657980 1678 301 1701 352
person 0.646518 1809 299 1832 346
person 0.498133 216 415 240 465
person 0.491883 411 331 428 359
person 0.457076 205 412 228 469
person 0.470002 1892 316 1918 411
person 0.428076 1333 317 1355 370
person 0.377376 413 416 434 469
person 0.409540 1851 285 1875 320
person 0.410624 856 315 865 336
person 0.409878 1266 320 1287 365
person 0.402781 1731 304 1749 346
person 0.363470 825 316 835 336
person 0.341600 1713 302 1730 347
person 0.339892 1198 342 1227 391
person 0.284238 888 310 898 335
person 0.272593 1843 322 1867 360
person 0.273029 572 328 585 351
person 0.981053 410 399 441 482
person 0.980326 360 419 399 518
person 0.977656 582 413 617 508
person 0.977621 1425 391 1473 490
person 0.958020 409 480 464 654
person 0.949351 627 448 682 554
person 0.919241 1156 376 1188 463
person 0.914396 297 344 321 375
person 0.885921 328 401 356 481
person 0.874263 1103 344 1126 393
person 0.858018 1372 319 1396 369
person 0.817868 775 372 798 425
person 0.704561 1678 301 1701 351
person 0.682856 362 295 1845 433
person 0.675246 1082 345 1103 391
person 0.673555 1809 299 1832 348
person 0.659732 208 401 243 476
person 0.651659 1482 356 1512 380
person 0.628717 750 313 762 339
person 0.541860 1332 317 1355 371
person 0.504504 412 330 428 360
person 0.465441 1730 303 1749 349
person 0.460203 1854 285 1876 318
person 0.421031 1903 327 1917 399
person 0.433587 1265 319 1286 367
person 0.371065 415 417 436 469
person 0.407362 1895 312 1918 412
person 0.309136 333 417 351 468
person 0.352999 1715 302 1734 349
person 0.337621 207 414 226 467
person 0.351584 1199 342 1226 389
person 0.345916 888 311 898 335
person 0.277845 1843 320 1866 360
person 0.277396 939 314 949 333
person 0.274007 570 329 582 352
person 0.257392 1847 300 1868 344
person 0.251530 863 316 873 336
person 0.251048 351 331 366 356
