person 0.988285 360 420 401 517
person 0.986708 1426 391 1473 492
person 0.979635 585 413 621 507
person 0.975644 416 400 448 483
person 0.946758 630 447 682 555
person 0.936032 1158 376 1191 462
person 0.921857 296 344 321 375
person 0.870637 775 371 799 426
person 0.873922 1372 318 1396 372
person 0.871480 418 491 474 647
person 0.843054 1103 344 1127 393
person 0.800784 208 400 243 477
person 0.712361 333 401 359 481
person 0.701763 1081 344 1103 392
person 0.685717 367 296 1843 432
person 0.645156 1482 356 1511 380
person 0.643373 1676 300 1701 354
person 0.561745 749 314 761 338
person 0.561144 1811 299 1830 345
person 0.506626 1333 316 1356 373
person 0.484936 1730 303 1748 350
person 0.474093 569 328 583 353
person 0.398929 418 418 441 469
person 0.435325 1198 340 1227 390
person 0.419203 1266 321 1285 365
person 0.406314 1718 301 1736 349
person 0.391481 817 317 828 336
person 0.379798 412 329 429 359
person 0.357051 1854 285 1876 320
person 0.333840 1896 307 1919 417
person 0.325261 937 313 947 333
person 0.314037 888 311 898 335
person 0.286527 1846 298 1868 345
person 0.268998 1843 320 1865 360
person 0.267973 350 331 366 356
person 0.989304 361 419 402 518
person 0.974691 416 400 449 482
person 0.973946 1156 375 1192 464
person 0.972549 586 410 622 511
person 0.960501 1428 390 1474 489
person 0.951200 416 489 478 650
person 0.940638 642 442 680 549
person 0.903938 297 344 320 375
person 0.903993 1373 319 1397 371
person 0.873772 776 368 800 427
person 0.869710 1104 345 1126 393
person 0.829755 209 400 245 476
person 0.812272 333 400 362 481
person 0.733075 1807 296 1834 351
person 0.722623 1676 300 1701 354
person 0.714354 1082 345 1103 391
person 0.703793 369 296 1844 429
person 0.641005 749 313 761 338
person 0.634552 1484 356 1512 380
person 0.620508 1332 318 1355 373
person 0.583582 820 316 831 336
person 0.529460 1729 301 1749 351
person 0.499988 411 330 427 360
person 0.479485 1266 319 1286 365
person 0.409272 1897 305 1919 414
person 0.382072 1855 286 1877 321
person 0.374981 1717 299 1737 352
person 0.361230 339 404 359 454
person 0.362323 887 310 898 335
person 0.347959 1845 295 1869 346
person 0.341430 1200 342 1226 388
person 0.339159 936 314 946 332
person 0.263910 418 421 441 468
person 0.320958 350 332 366 357
person 0.308330 570 326 582 347
person 0.275469 863 316 873 337
person 0.270546 1218 341 1244 387
