person 0.984679 363 418 403 517
person 0.976215 589 405 622 502
person 0.964175 420 400 450 483
person 0.959589 417 490 480 646
person 0.957856 1428 390 1476 487
person 0.938183 643 441 680 549
person 0.917095 297 344 320 375
person 0.894285 1373 318 1397 371
person 0.869028 769 358 805 437
person 0.867192 1160 377 1192 460
person 0.840261 1103 344 1126 393
person 0.832268 210 400 246 477
person 0.809951 337 400 365 480
person 0.689833 1081 344 1102 391
person 0.679846 361 297 1850 430
person 0.646000 1808 298 1833 350
person 0.627703 1676 302 1698 351
person 0.627788 823 316 833 335
person 0.615168 1482 356 1512 380
person 0.601646 749 313 761 338
person 0.598005 1332 318 1356 374
person 0.459627 412 331 428 359
person 0.448868 1267 321 1287 365
person 0.431001 1729 302 1747 351
person 0.410185 1719 301 1737 350
person 0.368009 887 311 897 335
person 0.356366 1897 303 1919 417
person 0.348037 1198 341 1225 389
person 0.336474 938 315 948 334
person 0.332304 1844 296 1867 346
person 0.332881 981 315 992 335
person 0.322279 569 327 580 346
person 0.302838 1856 284 1877 320
person 0.289703 342 404 361 454
person 0.271646 350 332 365 357
person 0.263460 863 316 873 337
person 0.981451 590 410 625 510
person 0.979251 421 402 451 480
person 0.978474 1440 385 1478 481
person 0.978071 363 419 403 516
person 0.973078 418 492 485 648
person 0.934947 769 358 806 436
person 0.930165 1160 375 1194 462
person 0.907695 298 344 321 375
person 0.890508 1373 319 1397 371
person 0.888956 645 436 687 554
person 0.883610 209 401 247 477
person 0.832947 1104 345 1127 393
person 0.816021 340 400 367 480
person 0.720338 1807 298 1834 351
person 0.706688 1082 345 1103 391
person 0.656631 357 294 1859 429
person 0.615027 824 316 835 335
person 0.546595 218 417 244 465
person 0.600297 1674 312 1697 360
person 0.594534 1482 356 1512 380
person 0.584600 1333 318 1356 373
person 0.583750 749 313 761 339
person 0.511539 1267 320 1286 365
person 0.496126 411 330 427 361
person 0.460995 1728 301 1748 352
person 0.435184 1720 300 1739 351
person 0.429013 571 326 583 348
person 0.396482 937 314 948 333
person 0.390332 887 311 898 337
person 0.377289 1857 285 1878 317
person 0.376280 981 312 993 334
person 0.347518 1844 297 1868 346
person 0.347827 1198 341 1225 388
person 0.347143 1898 303 1919 417
person 0.278969 1296 319 1312 358
person 0.253392 1217 341 1244 387
