person 0.993784 1694 413 1829 627
person 0.987022 1563 289 1625 427
person 0.984455 683 277 736 392
person 0.981649 1797 258 1845 375
person 0.974509 501 256 540 372
person 0.953597 1121 305 1174 462
person 0.953960 1310 315 1375 486
person 0.942546 271 278 309 402
person 0.941262 1681 236 1727 326
person 0.877367 1315 229 1354 331
person 0.872646 1255 202 1284 283
person 0.864367 535 159 553 190
person 0.815896 560 157 581 190
person 0.776006 485 163 503 192
person 0.705508 1111 211 1146 293
person 0.682339 439 163 463 199
person 0.657452 1768 189 1801 234
person 0.629930 372 163 392 196
person 0.577524 427 163 445 193
person 0.473142 820 158 832 180
person 0.429375 0 261 22 289
person 0.381775 308 169 322 196
person 0.325433 827 151 838 173
person 0.305455 1117 232 1140 281
person 0.288522 1709 207 1734 234
person 0.277967 614 147 628 174
person 0.260970 1662 169 1688 220
person 0.256427 230 157 248 186
person 0.253440 890 149 900 169
person 0.992988 686 267 740 392
person 0.991143 1690 415 1824 623
person 0.989125 1569 287 1627 429
person 0.984742 1797 259 1847 374
person 0.971946 1323 297 1377 504
person 0.968963 1122 303 1182 467
person 0.967503 272 274 312 404
person 0.960259 499 256 540 371
person 0.948518 1681 237 1728 326
person 0.906428 1255 202 1285 285
person 0.845058 1111 210 1150 295
person 0.841713 535 160 553 190
person 0.807195 486 163 503 191
person 0.793388 560 156 580 189
person 0.782302 1315 229 1353 334
person 0.712657 374 163 393 195
person 0.700934 441 164 463 199
person 0.663258 426 163 443 193
person 0.550722 1768 190 1801 233
person 0.537993 820 158 833 180
person 0.377727 1 261 22 290
person 0.374054 1304 246 1341 346
person 0.363289 305 167 319 196
person 0.341485 826 151 837 173
person 0.285130 229 157 247 186
person 0.275320 614 148 627 174
person 0.267997 1709 208 1734 235
