person 0.981932 364 418 402 516
person 0.977337 1442 385 1480 480
person 0.972826 423 400 451 480
person 0.970686 592 404 624 503
person 0.969684 421 491 486 647
person 0.958732 648 439 687 551
person 0.930980 1161 377 1194 462
person 0.926359 298 344 320 375
person 0.909782 213 399 250 478
person 0.885565 781 368 804 427
person 0.883203 1373 319 1397 371
person 0.843540 1104 345 1127 393
person 0.728530 344 401 369 483
person 0.718703 1807 298 1834 350
person 0.704088 1673 299 1697 353
person 0.696779 1082 344 1103 390
person 0.677111 338 293 1870 428
person 0.597695 1482 357 1511 381
person 0.594787 1334 318 1357 373
person 0.576503 412 331 429 361
person 0.556004 824 315 835 335
person 0.551671 1267 321 1287 365
person 0.516441 749 313 762 338
person 0.488007 1721 302 1739 348
person 0.423946 982 312 994 335
person 0.418002 937 313 948 333
person 0.407582 887 311 899 336
person 0.384562 568 328 579 347
person 0.378071 1197 342 1223 388
person 0.368936 1844 296 1868 346
person 0.260442 424 422 444 469
person 0.352382 1897 304 1919 415
person 0.343085 1858 286 1879 316
person 0.323256 350 333 365 356
person 0.297592 1729 304 1747 349
person 0.280903 344 403 362 450
person 0.982078 591 411 627 509
person 0.974698 1445 383 1482 481
person 0.973810 422 402 451 480
person 0.971869 362 418 402 516
person 0.968561 649 439 690 550
person 0.939231 429 488 488 657
person 0.925187 1160 376 1194 461
person 0.904285 296 344 320 375
person 0.888071 212 399 251 478
person 0.857483 781 372 804 424
person 0.865182 1373 319 1397 371
person 0.835317 1104 345 1127 393
person 0.748551 1806 297 1835 352
person 0.701788 1082 345 1104 390
person 0.695493 826 314 837 334
person 0.667651 355 293 1855 429
person 0.660613 773 358 808 436
person 0.658224 345 402 371 483
person 0.649825 1673 300 1697 353
person 0.570225 220 416 246 465
person 0.559640 1268 320 1288 365
person 0.555366 1335 318 1359 373
person 0.549375 569 328 582 351
person 0.525957 748 312 760 338
person 0.508200 1482 356 1512 380
person 0.496680 411 331 427 361
person 0.484301 1722 301 1739 348
person 0.468404 887 310 898 336
person 0.464697 937 311 948 332
person 0.418038 1845 297 1870 347
person 0.413103 1196 340 1222 387
person 0.398604 1859 287 1879 316
person 0.366759 981 310 994 333
person 0.355997 1729 302 1747 350
person 0.312762 1898 302 1919 417
person 0.305330 349 332 364 356
person 0.293136 346 404 365 449
person 0.275016 1903 308 1917 381
