person 0.984298 652 439 692 549
person 0.981867 590 412 631 508
person 0.971807 431 482 488 658
person 0.971987 362 418 403 515
person 0.968238 423 403 453 480
person 0.947355 1447 383 1483 482
person 0.919023 296 344 321 375
person 0.913640 782 370 805 426
person 0.916828 214 398 252 478
person 0.844305 1373 319 1397 370
person 0.831636 1103 344 1127 394
person 0.828485 1167 377 1202 460
person 0.697685 1082 345 1104 391
person 0.679408 339 295 1872 429
person 0.659193 1806 297 1835 351
person 0.633378 1673 301 1696 351
person 0.628609 826 314 835 333
person 0.619662 346 402 372 485
person 0.591596 1267 320 1287 365
person 0.556402 748 313 760 338
person 0.550329 1483 356 1511 380
person 0.546682 568 328 581 352
person 0.535463 412 331 428 359
person 0.506985 1334 319 1358 373
person 0.486845 1722 303 1740 347
person 0.482125 1860 285 1880 314
person 0.477875 1197 342 1221 387
person 0.432461 887 309 898 335
person 0.410393 937 311 948 332
person 0.345738 981 310 993 333
person 0.339106 350 332 366 356
person 0.267498 1904 310 1918 380
person 0.258115 1844 299 1870 346
person 0.253280 1295 321 1312 358
person 0.250855 1899 303 1919 418
person 0.989724 595 412 634 508
person 0.986012 653 439 694 549
person 0.982518 434 478 488 663
person 0.977107 421 402 454 480
person 0.964202 363 418 404 516
person 0.959232 1166 377 1203 461
person 0.955060 1448 385 1486 478
person 0.937754 782 367 805 428
person 0.923256 296 344 320 375
person 0.912738 216 397 254 479
person 0.867860 1374 320 1396 367
person 0.831273 1103 345 1126 393
person 0.730517 347 401 373 484
person 0.725744 341 296 1870 430
person 0.724398 1083 345 1104 390
person 0.625689 1266 321 1287 366
person 0.621763 824 315 834 333
person 0.619799 1808 299 1833 349
person 0.611349 412 332 430 359
person 0.556594 222 414 248 467
person 0.550107 1483 357 1511 381
person 0.548752 747 313 760 337
person 0.541161 1669 315 1691 359
person 0.534423 568 329 581 352
person 0.533487 1334 319 1357 372
person 0.491559 1197 341 1223 388
person 0.472810 1863 286 1881 314
person 0.456268 1721 305 1739 344
person 0.444917 887 310 898 335
person 0.400694 938 311 948 332
person 0.375622 980 311 993 334
person 0.349616 347 418 365 470
person 0.356535 348 332 364 355
person 0.292278 1898 305 1919 417
person 0.253831 1216 340 1242 385
person 0.254106 1296 321 1311 357
