person 0.989571 435 485 490 651
person 0.989303 654 439 697 549
person 0.983601 597 411 636 507
person 0.978485 361 416 404 517
person 0.974328 421 403 456 482
person 0.965023 1169 379 1202 459
person 0.940420 1451 384 1490 481
person 0.923061 295 344 320 375
person 0.874701 217 397 255 480
person 0.849258 784 367 806 427
person 0.841855 1104 345 1126 392
person 0.840764 1374 320 1397 369
person 0.746015 1083 346 1105 389
person 0.696641 363 297 1846 429
person 0.662444 570 332 582 353
person 0.603356 1810 301 1833 346
person 0.588855 823 315 833 334
person 0.582501 748 313 761 338
person 0.556131 224 415 249 467
person 0.561078 1864 287 1882 315
person 0.558217 413 332 429 359
person 0.545029 1483 356 1511 381
person 0.525207 1722 305 1738 344
person 0.520688 1671 304 1692 347
person 0.516728 1267 321 1286 365
person 0.483540 348 402 373 485
person 0.474572 1336 320 1359 372
person 0.473199 1195 342 1220 386
person 0.456242 887 311 898 336
person 0.411230 1668 315 1688 358
person 0.402164 937 312 948 333
person 0.380206 348 332 365 356
person 0.317016 1849 302 1869 342
person 0.293114 347 418 365 470
person 0.295093 979 312 991 335
