person 0.987434 1030 239 1075 415
person 0.975298 1213 203 1250 286
person 0.967211 794 273 838 406
person 0.946616 1789 254 1838 383
person 0.943873 1596 210 1633 303
person 0.942295 1431 225 1468 308
person 0.939025 955 216 985 294
person 0.927067 631 279 681 393
person 0.898176 490 164 509 197
person 0.868292 1668 218 1709 310
person 0.861815 1290 205 1329 301
person 0.860537 1130 230 1168 331
person 0.797515 675 228 699 283
person 0.675404 678 162 693 191
person 0.652566 260 129 1693 300
person 0.637470 1413 193 1441 252
person 0.602749 439 184 462 208
person 0.560941 541 162 553 189
person 0.498071 559 162 572 188
person 0.490433 1085 207 1120 315
person 0.390651 1786 218 1818 269
person 0.361507 601 162 614 187
person 0.337760 1111 204 1143 322
person 0.311887 640 162 652 186
person 0.290121 797 236 819 285
person 0.977955 1030 241 1074 414
person 0.971772 1213 202 1250 286
person 0.947666 1430 225 1468 309
person 0.943653 1789 258 1841 381
person 0.937484 796 271 839 406
person 0.935310 955 215 985 294
person 0.928324 1596 210 1635 303
person 0.909645 632 282 681 391
person 0.889180 1284 199 1324 293
person 0.884047 1131 231 1168 326
person 0.876256 489 163 508 196
person 0.836784 1669 218 1710 309
person 0.800689 1117 226 1154 329
person 0.792197 676 232 702 281
person 0.678930 277 127 1672 303
person 0.626097 678 161 693 190
person 0.582553 540 163 552 188
person 0.524146 440 185 461 206
person 0.501225 1414 192 1439 252
person 0.461682 562 162 575 187
person 0.440654 1085 208 1120 314
person 0.422889 1784 217 1817 272
person 0.330189 1038 239 1066 290
person 0.283784 227 162 244 191
person 0.265069 599 162 612 186
