person 0.994196 1567 291 1632 429
person 0.994041 690 268 741 391
person 0.993255 1683 415 1824 620
person 0.978180 1799 260 1851 373
person 0.971103 1316 324 1385 484
person 0.964104 491 253 534 365
person 0.957403 1124 304 1187 460
person 0.952044 277 276 318 401
person 0.950500 1681 237 1729 326
person 0.921106 1252 202 1285 285
person 0.850270 536 160 553 189
person 0.833222 485 163 502 191
person 0.827053 1314 230 1355 334
person 0.814595 1111 209 1149 297
person 0.797223 374 162 394 195
person 0.772107 561 156 580 188
person 0.738958 427 163 444 194
person 0.693255 441 163 463 198
person 0.576804 820 158 832 180
person 0.543301 305 167 320 196
person 0.394670 1768 190 1800 233
person 0.347350 1 261 22 289
person 0.358404 826 151 837 173
person 0.353376 1303 245 1342 346
person 0.304794 230 157 247 189
person 0.300069 1089 147 1101 166
person 0.267228 1664 170 1688 221
person 0.260404 1708 207 1734 235
person 0.259228 614 148 627 174
person 0.994099 694 268 740 389
person 0.991668 1686 413 1812 625
person 0.986570 1569 288 1633 433
person 0.972567 487 257 534 370
person 0.971578 1320 325 1395 483
person 0.970589 1800 260 1851 374
person 0.966072 1682 230 1733 326
person 0.961797 278 274 319 402
person 0.904843 1250 203 1284 285
person 0.901265 1117 311 1202 451
person 0.855516 535 159 552 189
person 0.847931 1110 208 1149 296
person 0.827345 376 163 395 196
person 0.827132 485 162 502 192
person 0.818849 1304 228 1343 336
person 0.811921 561 157 580 188
person 0.735908 425 162 442 193
person 0.668030 445 164 465 198
person 0.551237 822 158 834 180
person 0.527708 305 167 318 196
person 0.370850 231 157 248 189
person 0.349302 826 150 838 174
person 0.328078 1089 146 1101 166
person 0.304083 1 261 23 289
person 0.305757 1663 169 1689 221
person 0.285274 614 148 626 174
person 0.281622 1767 190 1801 231
