person 0.992333 1573 284 1634 434
person 0.991333 698 268 742 388
person 0.990017 1684 412 1806 625
person 0.983998 484 258 534 371
person 0.982465 277 271 321 403
person 0.967821 1318 327 1402 487
person 0.966394 1801 262 1853 372
person 0.961151 1121 310 1220 454
person 0.954663 1684 233 1732 326
person 0.933375 1250 203 1284 285
person 0.915700 1110 207 1150 297
person 0.882001 535 160 552 189
person 0.865495 375 164 394 195
person 0.857548 484 162 502 193
person 0.842689 1303 229 1343 335
person 0.808932 1321 231 1357 330
person 0.803335 424 163 441 194
person 0.742182 561 157 580 188
person 0.676956 447 164 467 198
person 0.576302 306 167 320 196
person 0.556604 823 158 835 180
person 0.392115 1088 146 1100 165
person 0.358500 826 151 837 173
person 0.347155 231 157 248 189
person 0.290583 1666 170 1690 222
person 0.264461 1 261 23 288
person 0.280490 1765 190 1801 231
person 0.259752 1042 144 1052 160
person 0.993038 483 257 533 373
person 0.992379 1574 285 1635 433
person 0.985785 1686 408 1802 625
person 0.985290 278 274 324 401
person 0.983267 704 268 743 387
person 0.982600 1318 327 1415 487
person 0.959580 1125 309 1226 456
person 0.959138 1250 203 1284 286
person 0.956997 1684 231 1734 328
person 0.945894 1110 207 1149 296
person 0.932993 1804 264 1856 371
person 0.919271 1303 227 1343 335
person 0.878097 534 159 551 190
person 0.830640 1327 230 1361 328
person 0.824008 424 163 442 194
person 0.823105 374 163 393 195
person 0.791344 484 161 502 193
person 0.761607 560 156 580 188
person 0.669001 447 164 468 198
person 0.614036 822 158 834 180
person 0.562100 305 166 319 197
person 0.434293 1089 147 1100 166
person 0.386475 826 150 837 174
person 0.320787 1665 169 1690 222
person 0.319452 1043 143 1052 160
person 0.312885 1765 190 1800 231
person 0.270598 1 261 23 288
person 0.269478 232 157 248 189
