person 0.993766 279 275 332 400
person 0.992991 1578 282 1639 434
person 0.991626 481 258 530 374
person 0.989045 1684 407 1799 626
person 0.982962 709 269 748 388
person 0.979286 1323 329 1427 487
person 0.950289 1135 308 1238 453
person 0.946288 1807 264 1858 371
person 0.945794 1686 226 1735 329
person 0.944299 1304 226 1342 336
person 0.942254 1247 202 1282 287
person 0.923399 1111 208 1150 297
person 0.886595 533 158 552 190
person 0.819423 377 164 395 195
person 0.795608 424 163 441 194
person 0.785412 560 155 580 189
person 0.760843 482 160 499 191
person 0.742673 1333 228 1364 328
person 0.692167 448 164 468 198
person 0.576861 823 158 835 180
person 0.505903 302 165 316 195
person 0.410707 826 151 837 173
person 0.391698 1089 146 1101 165
person 0.362987 1666 170 1690 225
person 0.335838 232 157 248 190
person 0.994252 477 257 526 375
person 0.993319 281 277 338 400
person 0.992901 1683 408 1799 627
person 0.990889 1582 281 1638 438
person 0.979179 1324 334 1434 485
person 0.963798 1150 310 1242 449
person 0.961633 710 269 749 388
person 0.957272 1301 227 1343 339
person 0.946497 1246 203 1280 287
person 0.932271 1809 266 1860 366
person 0.927018 1112 207 1148 297
person 0.922434 533 159 551 191
person 0.893367 1686 224 1737 328
person 0.815751 424 163 441 193
person 0.787152 376 164 394 194
person 0.781188 482 161 498 190
person 0.752878 560 156 580 189
person 0.743711 1334 233 1369 329
person 0.645285 446 164 467 198
person 0.584845 822 158 835 180
person 0.501554 304 165 318 196
person 0.401042 826 150 837 174
person 0.342586 1666 169 1690 225
person 0.313560 1089 147 1101 166
