person 0.995433 475 257 525 375
person 0.994943 1680 409 1796 626
person 0.992537 1585 282 1642 435
person 0.992215 283 278 340 400
person 0.986838 1318 350 1441 489
person 0.958723 708 276 753 393
person 0.946854 1302 228 1341 337
person 0.943331 1244 203 1278 287
person 0.930802 1171 308 1230 453
person 0.926381 1811 265 1862 368
person 0.912194 1113 207 1147 297
person 0.862323 1691 199 1739 326
person 0.849774 532 160 550 191
person 0.784510 424 162 441 193
person 0.726475 375 163 394 195
person 0.725186 559 156 578 188
person 0.710354 1339 233 1373 326
person 0.638147 484 161 499 190
person 0.618759 448 164 468 198
person 0.606018 822 158 834 180
person 0.580489 304 167 319 197
person 0.414888 825 150 837 174
person 0.333872 1088 146 1100 164
person 0.322283 1045 141 1055 158
person 0.298302 1900 414 1919 604
person 0.291198 1665 169 1690 225
person 0.269376 1 261 22 289
person 0.995013 473 257 521 375
person 0.994340 282 276 341 399
person 0.993752 1587 282 1645 434
person 0.992424 1679 410 1796 625
person 0.989904 1318 351 1446 489
person 0.975310 1301 228 1341 338
person 0.958016 709 276 754 393
person 0.952045 1112 207 1148 297
person 0.929513 1177 305 1236 455
person 0.926472 1243 202 1277 287
person 0.901594 533 158 551 190
person 0.890501 1692 198 1738 324
person 0.878369 1812 266 1864 367
person 0.804567 376 164 393 196
person 0.780971 424 162 441 193
person 0.758762 560 156 579 188
person 0.685003 483 160 500 191
person 0.680221 1342 235 1376 327
person 0.652128 302 165 317 197
person 0.617640 445 163 466 198
person 0.548920 821 158 834 180
person 0.446023 1895 418 1919 598
person 0.442175 825 149 836 175
person 0.382031 231 158 247 189
person 0.368130 1087 146 1098 166
person 0.296620 1 262 23 289
person 0.307571 1045 143 1055 160
person 0.289618 1667 168 1691 225
