person 0.995170 472 256 519 375
person 0.993029 286 277 345 399
person 0.992359 1674 409 1794 625
person 0.991459 1589 286 1643 432
person 0.990121 1323 354 1450 489
person 0.981386 1297 227 1341 338
person 0.968674 709 278 757 392
person 0.934490 1182 301 1235 458
person 0.918639 1241 201 1276 287
person 0.909966 1692 199 1740 324
person 0.904234 1113 207 1146 296
person 0.843289 533 160 550 189
person 0.807663 1814 268 1864 367
person 0.750543 422 162 437 192
person 0.727494 560 156 579 189
person 0.720463 374 165 389 195
person 0.696075 1342 232 1379 326
person 0.626792 303 166 318 197
person 0.586948 485 161 499 190
person 0.581659 445 161 466 198
person 0.466938 825 148 836 175
person 0.397914 1889 421 1919 592
person 0.397093 821 158 833 179
person 0.330151 1 261 23 289
person 0.287494 1666 170 1690 224
person 0.995527 471 256 518 375
person 0.993039 1668 411 1800 623
person 0.993125 1588 280 1646 438
person 0.992143 290 280 346 398
person 0.990932 1328 352 1460 491
person 0.983729 1294 228 1339 339
person 0.959267 707 278 760 392
person 0.937960 1186 303 1236 454
person 0.914585 1695 201 1742 321
person 0.892707 533 159 550 190
person 0.886044 1113 206 1145 298
person 0.857003 1241 202 1274 285
person 0.819569 561 156 580 189
person 0.755774 375 164 390 195
person 0.743311 422 163 437 192
person 0.700082 481 161 496 190
person 0.696195 1351 231 1386 322
person 0.688264 450 163 469 197
person 0.539638 1828 265 1873 369
person 0.506981 304 167 317 196
person 0.464514 826 149 837 175
person 0.404593 822 157 834 180
person 0.364974 1882 425 1919 586
person 0.272759 1 261 22 289
person 0.290330 1086 147 1097 166
person 0.258710 1667 169 1691 224
