person 0.995491 470 256 516 377
person 0.994308 1590 281 1647 438
person 0.992475 294 276 347 399
person 0.989079 1661 411 1801 623
person 0.985497 1293 226 1337 339
person 0.978375 1340 347 1479 491
person 0.955560 716 276 765 394
person 0.936963 1112 207 1143 297
person 0.914290 1695 202 1742 320
person 0.886627 533 160 550 190
person 0.884674 1198 306 1248 460
person 0.823445 1241 202 1273 285
person 0.821214 1350 230 1386 323
person 0.783438 562 156 580 189
person 0.765296 421 163 436 192
person 0.748384 375 164 390 196
person 0.652952 451 163 469 197
person 0.613022 1829 265 1872 369
person 0.593067 304 168 318 196
person 0.537480 481 162 495 190
person 0.497399 821 157 833 180
person 0.469125 825 149 836 175
person 0.348766 1 261 23 289
person 0.327000 1879 422 1919 588
person 0.322346 1086 147 1098 166
person 0.255725 1666 168 1690 224
person 0.994331 1590 278 1649 444
person 0.993429 469 256 514 377
person 0.990694 1654 413 1799 624
person 0.987014 1292 226 1337 339
person 0.986049 1347 348 1481 492
person 0.985227 716 275 767 396
person 0.980408 301 275 349 399
person 0.974702 1199 294 1253 468
person 0.933781 1696 203 1745 320
person 0.929004 1112 207 1141 296
person 0.924123 1352 229 1387 322
person 0.862607 534 160 551 190
person 0.776149 562 157 580 189
person 0.767435 421 163 436 193
person 0.723437 1240 202 1273 283
person 0.693483 374 163 389 196
person 0.585905 303 167 317 197
person 0.578527 450 162 468 197
person 0.479568 821 158 832 180
person 0.458121 482 163 496 191
person 0.440514 1832 265 1879 341
person 0.430250 825 149 836 174
person 0.358331 1 261 23 289
person 0.318038 1087 147 1098 166
person 0.296331 1862 354 1919 605
