person 0.995513 466 255 513 378
person 0.993841 1591 282 1649 444
person 0.992145 1361 349 1484 492
person 0.986921 1292 227 1336 342
person 0.983779 717 275 771 395
person 0.983402 1646 414 1799 621
person 0.983074 304 273 349 400
person 0.976194 1205 293 1258 466
person 0.968804 1111 206 1141 297
person 0.949824 1698 205 1750 321
person 0.935323 1353 228 1386 322
person 0.863416 533 159 550 190
person 0.753638 421 163 436 193
person 0.723173 560 156 578 189
person 0.720540 1236 204 1267 283
person 0.686798 374 165 388 195
person 0.598563 452 162 470 197
person 0.505925 826 150 837 174
person 0.478229 304 168 317 197
person 0.459499 1861 367 1919 599
person 0.429629 821 158 832 179
person 0.412620 483 163 498 191
person 0.408715 1833 265 1882 338
person 0.308708 0 261 22 289
person 0.318212 1085 147 1096 166
person 0.293658 1667 170 1691 223
person 0.995328 462 255 512 377
person 0.992221 1591 284 1651 444
person 0.991202 1639 415 1789 620
person 0.989359 1377 347 1488 493
person 0.988131 306 274 350 401
person 0.988030 722 274 772 395
person 0.981586 1290 230 1336 341
person 0.974238 1204 298 1264 462
person 0.956467 1109 207 1141 297
person 0.933898 1356 228 1389 322
person 0.923509 1700 205 1752 323
person 0.877822 1233 204 1267 285
person 0.869777 533 160 550 190
person 0.790689 420 163 437 194
person 0.723156 561 157 578 188
person 0.665042 454 163 472 197
person 0.658988 372 164 386 197
person 0.615892 1860 373 1919 596
person 0.537428 302 175 317 204
person 0.510466 827 150 837 174
person 0.505431 1834 264 1884 339
person 0.404673 820 158 832 179
person 0.374529 484 164 498 191
person 0.329967 1 261 23 289
person 0.310571 891 148 901 168
person 0.296250 1082 146 1093 165
person 0.271307 1666 170 1691 223
person 0.256356 1047 143 1057 160
