person 0.996485 1632 416 1783 620
person 0.994809 461 255 512 379
person 0.993116 726 272 775 397
person 0.988915 1592 288 1650 441
person 0.988135 1287 228 1334 342
person 0.973425 307 274 351 401
person 0.973118 1393 343 1491 496
person 0.969404 1107 208 1140 296
person 0.959582 1358 228 1389 324
person 0.948921 1206 299 1269 463
person 0.929363 1700 206 1753 324
person 0.927899 1233 205 1267 285
person 0.832929 533 160 550 191
person 0.808133 420 163 437 196
person 0.733181 562 157 580 190
person 0.665568 373 166 387 196
person 0.629192 454 164 472 198
person 0.581579 1856 381 1919 593
person 0.469335 302 168 317 197
person 0.463963 1835 264 1884 342
person 0.443277 483 165 498 193
person 0.402797 830 150 840 173
person 0.387123 821 159 832 180
person 0.370627 891 148 901 168
person 0.310195 0 261 23 289
person 0.291763 1083 146 1094 165
person 0.267510 162 129 1742 289
person 0.251553 1666 171 1691 224
person 0.995347 457 257 513 379
person 0.994883 1620 406 1759 626
person 0.989181 1597 290 1658 439
person 0.987127 313 275 357 400
person 0.982343 729 271 775 399
person 0.980677 1285 230 1333 343
person 0.969466 1413 326 1502 494
person 0.964509 1107 208 1142 297
person 0.960913 1360 227 1390 325
person 0.956876 1231 204 1268 287
person 0.940679 1208 297 1272 466
person 0.876559 1705 218 1752 330
person 0.845834 534 161 550 191
person 0.760485 420 164 435 195
person 0.692647 562 157 580 189
person 0.680324 1854 368 1918 599
person 0.667939 373 166 388 197
person 0.653793 452 166 470 198
person 0.510049 483 166 497 194
person 0.412351 820 158 832 180
person 0.409678 302 168 317 198
person 0.400617 1836 263 1886 341
person 0.343613 0 261 24 289
person 0.341730 829 150 839 174
person 0.317516 891 146 901 167
