person 0.996687 458 259 512 380
person 0.994882 1608 408 1736 626
person 0.989845 1597 293 1660 435
person 0.989562 314 274 356 400
person 0.983047 732 268 779 401
person 0.974267 1422 323 1511 493
person 0.970301 1285 230 1330 342
person 0.963556 1108 209 1142 298
person 0.957743 1194 308 1287 457
person 0.937900 1229 204 1267 286
person 0.906129 1363 228 1394 323
person 0.875139 1707 217 1752 330
person 0.806442 534 161 550 190
person 0.756122 419 165 434 194
person 0.732735 561 157 578 189
person 0.697703 1855 365 1917 598
person 0.624316 373 166 387 197
person 0.616856 452 166 470 197
person 0.497194 485 166 500 193
person 0.488523 302 176 317 203
person 0.471049 1837 264 1888 339
person 0.392079 892 146 903 168
person 0.359052 0 262 23 289
person 0.384318 820 159 832 180
person 0.304853 829 150 839 173
person 0.255597 1045 143 1054 161
person 0.994794 456 259 513 379
person 0.994167 1617 404 1722 629
person 0.991806 316 273 358 401
person 0.989960 1598 293 1660 431
person 0.987063 1362 227 1397 325
person 0.970413 1193 312 1298 456
person 0.964311 738 270 785 399
person 0.962952 1283 232 1330 339
person 0.960976 1225 205 1267 285
person 0.958782 1108 210 1141 297
person 0.944037 1429 324 1513 491
person 0.866012 1708 216 1751 331
person 0.816917 533 160 551 190
person 0.809774 562 156 581 190
person 0.755664 421 165 438 196
person 0.614511 371 166 387 198
person 0.574979 1850 363 1916 597
person 0.550098 452 166 471 198
person 0.525567 301 176 316 205
person 0.517998 820 157 833 181
person 0.416714 0 261 24 289
person 0.370788 482 165 497 192
person 0.359222 892 147 902 167
person 0.344548 1837 265 1883 374
person 0.329523 828 150 839 174
person 0.315215 1044 143 1054 161
person 0.296645 1667 171 1692 226
person 0.289731 1084 146 1095 164
person 0.278618 231 158 248 191
