person 0.994854 456 263 513 377
person 0.994093 318 274 360 400
person 0.993990 1597 297 1663 429
person 0.983676 1613 402 1720 630
person 0.978615 1444 325 1525 492
person 0.978323 1366 230 1399 325
person 0.976519 1190 314 1302 457
person 0.976233 743 274 790 397
person 0.966978 1106 211 1141 296
person 0.943815 1283 231 1331 340
person 0.907030 1223 206 1264 286
person 0.856573 1840 382 1916 592
person 0.847381 1709 218 1750 330
person 0.834741 562 156 581 190
person 0.831089 532 159 551 192
person 0.822803 421 165 438 197
person 0.712032 371 164 387 198
person 0.656149 1840 268 1883 372
person 0.600870 452 166 473 199
person 0.581316 821 158 834 181
person 0.580301 301 176 317 206
person 0.382571 231 158 248 192
person 0.353432 1046 143 1057 161
person 0.325186 479 164 496 192
person 0.300955 0 261 23 290
person 0.314222 892 146 902 167
person 0.285654 828 150 840 174
person 0.262292 1667 170 1693 228
person 0.994930 317 273 365 400
person 0.994366 1597 295 1663 429
person 0.993355 457 263 512 377
person 0.988767 1366 229 1403 325
person 0.982799 744 274 792 396
person 0.980926 1609 401 1712 628
person 0.977058 1453 327 1531 493
person 0.973092 1106 210 1142 295
person 0.971787 1193 315 1305 458
person 0.959479 1282 237 1327 353
person 0.955310 1221 205 1261 286
person 0.847598 1709 221 1751 329
person 0.827792 533 160 550 191
person 0.797280 564 159 581 188
person 0.775415 420 165 436 196
person 0.687016 1842 370 1914 593
person 0.682796 451 165 471 200
person 0.664313 1841 267 1884 372
person 0.656689 371 165 387 198
person 0.654500 822 157 834 181
person 0.433975 0 262 24 289
person 0.367890 303 166 318 199
person 0.365691 827 150 839 175
person 0.361727 1046 143 1056 161
person 0.361632 1667 171 1692 228
person 0.330704 480 165 494 192
person 0.325961 232 159 249 193
person 0.266100 199 128 1727 284
person 0.251076 1084 147 1096 167
