766 273 817 410
1764 261 1815 385
1123 235 1154 331
1441 219 1483 312
1576 211 1615 303
1655 220 1703 311
1225 202 1255 284
629 280 684 393
490 165 509 197
954 216 982 294
1040 270 1087 404
1306 210 1339 297
1271 203 1300 282
660 227 685 283
678 160 695 190
602 162 617 189
1030 240 1067 365
557 161 573 189
782 238 805 289
283 126 1659 302
438 185 461 208
538 161 552 188
1058 242 1095 413
1785 216 1817 268
1084 209 1116 311
636 160 650 187
1433 189 1458 242
825 149 836 170
1764 261 1819 387
768 270 818 412
1123 234 1154 331
1578 209 1617 303
1440 217 1481 313
1225 203 1255 284
1039 274 1086 402
954 216 983 294
1656 220 1703 311
490 166 509 197
629 279 684 393
1305 210 1339 298
1269 203 1301 283
679 160 696 190
661 229 687 283
558 163 573 190
1085 211 1116 308
783 238 805 289
265 125 1677 303
439 185 461 208
602 162 616 189
537 163 551 189
1030 242 1070 364
635 161 649 187
1432 187 1459 243
1786 216 1816 269
825 149 836 170
1059 245 1097 408
