1036 275 1080 400
1592 209 1626 303
784 276 823 403
1434 217 1474 312
1219 202 1249 286
1120 233 1156 329
490 164 508 197
1779 259 1825 380
631 281 680 392
955 215 984 293
1666 218 1704 311
1293 202 1325 288
671 231 694 282
679 161 696 190
1270 200 1303 283
1419 191 1448 254
439 184 461 208
257 124 1690 310
1033 240 1065 320
560 161 573 187
541 163 553 190
599 163 611 188
230 161 249 191
791 237 813 286
637 162 649 185
1787 214 1817 269
1083 209 1118 314
1218 201 1250 287
1036 237 1078 415
1433 221 1474 311
1594 208 1627 303
490 163 510 198
955 215 984 294
787 273 825 407
671 230 696 283
632 282 682 391
1288 200 1325 290
1121 231 1157 329
1665 216 1705 309
1781 258 1826 377
438 185 463 208
261 125 1688 308
1418 193 1444 251
678 161 694 189
540 163 555 191
1270 201 1304 284
1033 239 1066 319
555 160 571 188
1084 209 1120 312
792 236 814 284
230 164 248 192
602 161 615 185
1786 214 1816 269
