1761 259 1815 386
761 276 813 407
1122 235 1154 333
1442 218 1483 310
1572 210 1612 304
490 164 510 199
1227 202 1256 283
1270 204 1300 281
1657 216 1700 312
632 281 682 394
957 224 981 289
681 161 697 191
1313 209 1351 299
1039 270 1088 403
1027 238 1066 368
658 225 683 284
284 124 1659 301
557 162 572 188
601 162 615 189
780 239 803 288
439 186 462 208
537 160 551 187
1084 209 1115 310
1433 187 1460 242
1786 216 1817 269
636 161 650 186
825 149 836 169
1762 260 1815 386
764 271 815 412
1122 236 1154 332
1442 221 1483 310
1575 211 1612 304
490 165 510 198
1655 218 1702 311
1226 201 1255 283
631 279 682 394
1270 203 1300 281
1040 271 1087 402
954 217 982 294
679 160 696 191
1307 212 1340 298
781 239 804 288
653 218 685 299
601 162 616 190
556 162 573 189
1030 237 1066 368
278 124 1662 303
439 185 462 208
1058 243 1095 413
537 161 552 188
1084 209 1115 312
636 160 650 186
659 221 683 266
1786 216 1816 269
825 149 836 170
