1773 261 1825 381
781 271 820 406
1036 275 1082 400
1119 234 1155 331
1590 208 1623 304
1438 219 1478 312
1662 219 1705 311
1220 203 1251 284
491 164 509 196
954 216 984 294
631 280 681 392
681 164 695 190
667 220 690 266
1293 203 1325 285
1270 201 1302 280
439 186 461 208
265 124 1685 304
660 218 692 301
1422 193 1448 249
637 164 649 188
540 164 552 190
559 164 571 188
598 164 610 189
1033 239 1066 322
1084 210 1118 310
229 161 248 191
788 240 809 284
1785 216 1817 270
816 162 828 182
1035 275 1084 399
783 276 822 403
1775 258 1826 380
1590 208 1624 304
1218 202 1250 285
1119 232 1156 330
1437 219 1477 310
631 281 680 392
490 164 508 197
959 224 983 287
1665 215 1702 312
668 229 692 281
679 162 695 190
1295 204 1326 285
1270 201 1303 282
247 126 1703 306
439 184 461 208
1421 190 1449 254
598 163 611 188
560 163 573 188
789 237 813 287
540 163 552 189
636 161 649 185
1083 209 1119 310
1033 239 1066 319
1787 215 1818 270
230 162 248 192
815 162 827 183
