1771 261 1824 382
774 271 822 412
1037 276 1084 401
1119 235 1154 332
1221 203 1253 285
1438 219 1479 313
1588 207 1621 305
954 217 984 295
491 164 509 197
631 280 680 393
1661 220 1706 311
1304 211 1337 299
678 160 695 190
1270 202 1302 280
664 229 690 281
598 163 611 191
251 126 1695 303
439 186 461 209
558 164 571 189
539 164 552 190
637 161 650 187
1032 232 1073 374
785 241 807 284
817 164 828 183
1424 193 1449 250
1785 215 1816 268
229 162 248 191
1773 261 1823 379
1036 274 1085 401
778 272 820 407
1439 219 1478 312
1589 208 1622 304
1120 235 1155 331
1221 204 1251 284
491 164 509 196
1662 220 1705 311
954 216 985 294
631 281 680 392
1304 210 1335 298
679 162 695 190
1270 202 1301 280
665 229 690 281
439 186 461 209
249 127 1696 303
540 164 552 191
561 165 573 189
597 165 609 190
636 163 649 187
1423 194 1447 246
1032 240 1066 321
787 240 809 285
817 162 829 183
230 162 248 193
1785 215 1816 269
