1768 260 1822 386
769 273 818 412
1122 234 1154 332
1580 209 1618 302
1223 202 1255 284
1038 272 1085 403
1437 214 1479 313
1658 218 1706 312
955 217 984 294
629 278 684 393
490 166 509 197
1306 211 1338 298
1269 203 1301 282
679 160 695 189
658 218 688 300
597 162 612 191
539 162 552 188
438 185 461 209
270 126 1671 303
561 163 575 189
784 239 806 288
1085 208 1117 312
663 221 687 265
1031 240 1070 365
634 161 648 187
1785 216 1816 268
1769 260 1822 385
771 270 819 411
1221 203 1253 285
1121 234 1154 331
1583 209 1620 303
1439 219 1480 311
955 217 984 295
1659 219 1706 313
1038 274 1085 402
630 278 682 393
491 165 509 197
1304 211 1337 299
1270 203 1302 282
678 160 695 190
658 218 689 301
663 220 688 266
597 163 610 191
259 126 1687 300
1031 237 1071 370
438 186 461 209
559 164 573 189
540 162 552 188
1085 206 1118 312
636 161 650 187
784 239 807 288
1785 215 1816 269
1424 192 1449 254
815 163 826 182
